=============================================0.36491275
0.32117182
0.28060156
0.25997373
0.24888742
0.24277857
0.23280956
0.21916524
0.21297601
0.2056326
0.20304242
0.20088777
0.19364342
0.19219613
0.18928318
0.18947972
0.18616378
0.18576433
0.1821704
0.18180247
0.17909758
0.18105167
0.17871079
0.17887998
0.17995957
0.17814465
0.17297417
0.1750846
0.16997127
0.16467205
0.16583055
0.16477954
0.16393712
0.16306618
0.16155681
0.16097409
0.16049166
0.15939409
0.15970252
0.15764886
0.15803276
0.1568466
0.15663278
0.15599279
0.15521517
0.1543812
0.1550695
0.15553987
0.15476716
0.15322426
0.15240839
0.15347217
0.15266332
0.1526365
0.15293819
0.15291157
0.1513183
0.1522845
0.1532932
0.15073447
0.151046
0.1512727
0.15119979
0.15096457
0.1499584
0.15054815
0.14980604
0.14934935
0.14872955
0.14801218
0.14781374
0.14854085
0.14789474
0.1473687
0.14822595
0.14696084
0.14679788
0.14841682
0.14681855
0.14772986
0.14572221
0.14631106
0.14730698
0.14534067
0.14597721
0.14580056
0.14524251
0.14440015
0.14533317
0.14433417
0.14681406
0.14389828
0.14628707
0.14594044
0.1445524
0.14491823
0.1431584
0.14571914
0.14330111
0.14387971
0.14507754
0.14576527
0.14464067
0.14517938
0.145031
0.1435218
0.14424974
0.14267467
0.14268917
0.14275394
0.14334251
0.14265707
0.14303738
0.14186247
0.14215264
0.14157218
0.14263348
0.14076118
0.1407809
0.14214729
0.14144322
0.14050949
0.13990565
0.14099672
0.14128542
0.14019313
0.14097805
0.13934343
0.13950104
0.14119527
0.1398023
0.14030175
0.1391671
0.13950995
0.14011128
0.13867651
0.14005274
0.14058898
0.13882549
0.13987479
0.13875338
0.13836983
0.13855729
0.13922729
0.13864464
0.13865922
0.13921298
0.1384338
0.13929395
0.13982666
0.13831683
0.13934073
0.13758187
0.13826114
0.13877948
0.13863206
0.13844106
0.13740665
0.13722548
0.13694504
0.1375186
0.13743114
0.13815653
0.13750826
0.13683644
0.13730955
0.1376819
0.13715103
0.13762042
0.13675466
0.13612908
0.13641107
0.13685335
0.1365323
0.13739787
0.1347977
0.1373648
0.13751666
0.13633506
0.13595283
0.13615078
0.13613386
0.13481657
0.13519052
0.13592508
0.13484366
0.13588685
0.13605446
0.13624737
0.13643399
0.13666555
0.13623363
0.13610473
0.1345147
0.13485272
0.13504058
0.13491535
0.1346474
0.13622366
0.13476372
0.13494378
0.13515429
0.13643596
0.13554974
0.13626455
0.1347345
0.1359783
0.13453531
0.13495481
0.13449106
0.13442825
0.13448858
0.13436827
0.13471662
0.13564461
0.13447258
0.13448139
0.13470921
0.13420302
0.1336927
0.13407603
0.13363938
0.1326497
0.13308807
0.13361964
0.13295066
0.13278893
0.13319275
0.13250278
0.13243777
0.13358176
0.13295643
0.13316867
0.1317576
0.1329546
0.13249834
0.13226126
0.13216603
0.13262776
0.1321811
0.13255697
0.13198783
0.13243365
0.13240764
0.13376999
0.1324553
0.13247253
0.13217545
0.13309795
0.13227451
0.13355544
0.13194203
0.13319187
0.13316083
0.13168798
0.13184045
0.13206354
0.13245152
0.13187249
0.13161296
0.1316072
0.13146812
0.13242106
0.13113114
0.13134402
0.13061497
0.13180302
0.13130379
0.13096868
0.13050996
0.13132353
0.13074802
0.13027574
0.13065535
0.13026461
0.13152182
0.13004375
0.1307448
0.13094124
0.13146251
0.132464
0.13176773
0.13105418
0.13107634
0.1312115
0.1307989
0.13218361
0.13013698
0.13122046
0.13086955
0.1309644
0.1303335
0.1307776
0.13126919
0.13032956
0.13090211
0.13096085
0.1297341
0.12984215
0.13110416
0.1304961
0.13059303
0.13095835
0.13024315
0.13046232
0.13128835
0.13043955
0.12988377
0.13133499
0.13114734
0.13024089
0.13026191
0.13035925
0.1302211
0.130513
0.12962992
0.1302721
0.1300085
0.12944952
0.12978694
0.12969276
0.12924138
0.12948674
0.12970613
0.12963699
0.12977545
0.1298466
0.12902012
0.12967956
0.1291326
0.13054185
0.12974323
0.1295081
0.12892087
0.1287868
0.12942982
0.12844488
0.12901132
0.12899196
0.12919538
0.12820429
0.12857653
0.12772052
0.12835984
0.12872075
0.13006982
0.12825088
0.12850568
0.12925188
0.12821153
0.1283058
0.12787169
0.12871729
0.12873697
0.1290226
0.12939787
0.12884298
0.12934852
0.12986879
0.12757298
0.13013549
0.12910067
0.1286816
0.12978256
0.12803885
0.12898982
0.12878267
0.1283747
0.12834518
0.1284832
0.12853876
0.12715386
0.1280551
0.1273101
0.12831378
0.12719105
0.12670654
0.12831739
0.12732737
0.12810874
0.12841281
0.1265664
0.12761422
0.1281015
0.12720545
0.12791795
0.1273777
0.12708397
0.1268583
0.12666655
0.12742148
0.12661725
0.12772809
0.12651622
0.1265836
0.12762913
0.1264859
0.12665816
0.12604056
0.12666932
0.12730385
0.12695198
0.12695953
0.1279104
0.12801987
0.12708068
0.12737285
0.12786792
0.12704647
0.1269644
0.127427
0.12647697
0.12689643
0.12664671
0.12677014
0.12631463
0.12817685
0.12640747
0.12666327
0.12700342
0.12681437
0.12669572
0.1262826
0.12618656
0.12625831
0.12606855
0.12527192
0.12594268
0.12515692
0.12480711
0.12566254
0.12624833
0.12599894
0.12685809
0.12603664
0.12625019
0.12616977
0.12538369
0.124910176
0.12630528
0.125841
0.12631825
0.12581986
0.12566012
0.12612922
0.12616116
0.12581234
0.12519316
0.12540118
0.124677055
0.126013
0.12513256
0.12540486
0.12550291
0.12507717
0.12554091
0.12473256
0.12578863
0.12618907
0.1248694
0.12442463
0.12459768
0.12559083
0.12519608
0.124193266
0.1249826
0.1241592
0.12463552
0.124981284
0.12464009
0.12412341
0.12468168
0.12470559
0.12474803
0.12558109
0.1250873
0.1246772
0.12492424
0.12445
0.1254829
0.12433542
0.124868795
0.12502792
0.12459205
0.1255394
0.12545042
0.1245006
0.12425816
0.1254022
0.12557644
0.124971904
0.12389707
0.12337515
0.123410694
0.124023125
0.12329366
0.1234894
0.124273926
0.124433905
0.124605484
0.1236055
0.12513326
0.12380791
0.124319404
0.123992324
0.12400028
0.12412396
0.12457031
0.12351963
0.12292173
0.12411468
0.12324767
0.124479674
0.12331365
0.12449354
0.12415377
0.12357339
0.124328956
0.12499924
0.12460417
0.12452042
0.1251891
0.12449734
0.123272225
0.1248545
0.12507455
0.12368666
0.12390018
0.123397484
0.1239716
0.12327321
0.12466297
0.124515705
0.12407127
0.123500586
0.12322831
0.12341406
0.1244456
0.12309398
0.12474047
0.12371928
0.12288982
0.12240698
0.12270207
0.122897014
0.122794524
0.12260713
0.12372603
0.122203216
0.122732066
0.12324123
0.12221588
0.12327394
0.12322408
0.12323342
0.12289338
0.12295894
0.12283835
0.12359209
0.123735905
0.124118246
0.1230329
0.123946525
0.12384639
0.12281454
0.12356746
0.12378911
0.12244091
0.12332562
0.12327412
0.12317902
0.12257079
0.12317461
0.123160705
0.1240306
0.123517856
0.122514874
0.123584405
0.123909034
0.122877985
0.122908406
0.12311739
0.12260928
0.12379399
0.12293527
0.12279385
0.12307629
0.123220034
0.12202098
0.12320481
0.12317309
0.12274117
0.12244809
0.12307176
0.1227092
0.12211761
0.1230221
0.12213936
0.123172164
0.12221347
0.12256842
0.12210583
0.122729674
0.122387476
0.12222268
0.12225304
0.12181761
0.12222586
0.122321695
0.12159073
0.12165836
0.12218208
0.1214921
0.12233925
0.12204038
0.122522295
0.12186235
0.12249715
0.12182464
0.12244876
0.12203767
0.12190697
0.122374386
0.121413596
0.12170438
0.12196168
0.121499255
0.121977895
0.120800704
0.120713115
0.12119094
0.121445134
0.121438414
0.122063525
0.12086621
0.12142465
0.121971376
0.12195379
0.12172768
0.12166813
0.121918306
0.12056414
0.1214198
0.12237081
0.12166172
0.121661566
0.12126208
0.12122075
0.12241218
0.122503825
0.12195987
0.12082366
0.12180713
0.12116918
0.12219517
0.12249651
0.12185469
0.121242166
0.12238899
0.122088045
0.12148129
0.12194395
0.12094455
0.12101069
0.121277764
0.120560326
0.12181577
0.1218116
0.12163861
0.12182772
0.12089406
0.12147308
0.121210225
0.12172916
0.12138674
0.12106017
0.120899424
0.12105505
0.12103592
0.12104216
0.12101009
0.12210286
0.12112135
0.12171216
0.12069988
0.12112725
0.12092003
0.119876996
0.121380925
0.12135132
0.12091409
0.12137902
0.120986566
0.12052391
0.120501764
0.12173463
0.1219381
0.12074006
0.12083271
0.12067835
0.12118739
0.12084512
0.12054605
0.1216195
0.1208116
0.120649114
0.120326914
0.12046014
0.120712385
0.12120092
0.121182196
0.12122038
0.120021835
0.1204845
0.119920745
0.120066985
0.11977592
0.1205929
0.11989699
0.11996836
0.12096867
0.119457126
0.12031777
0.120056525
0.12044823
0.120502256
0.120632544
0.119819544
0.122389734
0.12193648
0.120283976
0.120606095
0.12037442
0.12039078
0.119451135
0.12043907
0.12069172
0.120021634
0.12005846
0.12011802
0.12103669
0.12118161
0.120262146
0.12000075
0.12097679
0.11985447
0.12110118
0.120689765
0.119917154
0.1199504
0.120133996
0.11986636
0.11988977
0.12014361
0.119812906
0.12069892
0.12045939
0.11969545
0.12046259
0.11965876
0.120070875
0.11982311
0.12019829
0.119350925
0.11929674
0.1196759
0.119928576
0.12043433
0.12006646
0.12007412
0.11968426
0.11941849
0.119408965
0.11983265
0.119556785
0.11954428
0.11914717
0.118978515
0.119882025
0.12019718
0.12012431
0.11880446
0.120716386
0.11895012
0.11954971
0.119655855
0.11862173
0.12029455
0.119490154
0.119035
0.119215466
0.11904068
0.11906165
0.12011528
0.118770145
0.12056884
0.11942888
0.11926375
0.11965484
0.11985326
0.11922625
0.11906071
0.1196428
0.11946822
0.119349554
0.11926636
0.11934549
0.11810593
0.11848763
0.11840096
0.1187237
0.11934952
0.11865104
0.11963851
0.11911274
0.11880125
0.1189944
0.11871553
0.11848861
0.118990436
0.118606366
0.11891433
0.1188538
0.11906121
0.1185653
0.11900074
0.11884595
0.119251885
0.11861422
0.11934538
0.11888858
0.11892965
0.11905737
0.118835926
0.119665444
0.118779406
0.11907596
0.11895687
0.11818571
0.11863639
0.11866545
0.11938137
0.11837844
0.11960045
0.11942735
0.11930237
0.11927496
0.11840101
0.11797875
0.11915795
0.11829226
0.11829275
0.11994473
0.11876539
0.11884002
0.12034026
0.11915845
0.11853029
0.11901546
0.11986032
0.11818818
0.11891974
0.11771322
0.11856339
0.11817125
0.118764974
0.11888703
0.11816982
0.1183803
0.11984537
0.11853047
0.11807013
0.11880578
0.11742532
0.118585326
0.118862174
0.11747608
0.11918007
0.11852418
0.11834415
0.11942883
0.118507944
0.11837755
0.118890904
0.118197374
0.118199445
0.118670054
0.118291125
0.11875371
0.118655875
0.11778707
0.11813068
0.11792006
0.11921405
0.11772325
0.11721187
0.11862064
0.11843008
0.118434355
0.11877024
0.11797855
0.11877539
0.11795461
0.11862867
0.11777661
0.11810892
0.11785057
0.11753606
0.118142724
0.11786361
0.11865216
0.11805948
0.119029306
0.11831613
0.11839591
0.11855755
0.11888177
0.118642986
0.118794546
0.118652984
0.1180636
0.11848202
0.11870382
0.11774076
0.11815598
0.11801537
0.11744941
0.11850429
0.11843909
