=============================================0.33283356
0.3187884
0.29509768
0.27291447
0.25869864
0.2504648
0.24167632
0.233453
0.22474803
0.2246107
0.22074923
0.22110589
0.21675889
0.21401727
0.20788316
0.20754868
0.20625004
0.20306079
0.2023615
0.19929512
0.19790854
0.19705057
0.19500692
0.19310753
0.19001113
0.1887899
0.18806766
0.18611813
0.18541066
0.18468972
0.1839776
0.18344721
0.1813777
0.18110389
0.18160374
0.18058558
0.18167038
0.1797913
0.17941071
0.17789501
0.1774193
0.17701252
0.1754667
0.1769302
0.17517488
0.17519462
0.1745182
0.17355458
0.1738605
0.17141646
0.17227237
0.1735021
0.17184794
0.17081621
0.17140062
0.16963945
0.17010579
0.16853374
0.1663002
0.16751768
0.16621533
0.16777374
0.16562346
0.1649691
0.16578159
0.16585408
0.16739982
0.16396017
0.16640052
0.16488521
0.16448392
0.16264832
0.1623472
0.16221635
0.16114989
0.16187683
0.16205393
0.16076486
0.16074862
0.1611079
0.1606737
0.16019085
0.15954769
0.15914348
0.15961635
0.1595945
0.15872358
0.1604245
0.15831035
0.15956861
0.15882601
0.15854476
0.15778124
0.15829031
0.1582199
0.15722734
0.1570178
0.15722056
0.15774204
0.1595101
0.15995188
0.15889114
0.15867573
0.1586044
0.15843733
0.15588017
0.15642928
0.1563981
0.15517877
0.15483965
0.15572843
0.15518042
0.15499209
0.15680046
0.15519185
0.15465967
0.15474965
0.15462813
0.15384996
0.1553881
0.15459484
0.15689376
0.15715231
0.15373702
0.15546767
0.15492614
0.15382017
0.15347707
0.15474552
0.15341988
0.15125035
0.15216322
0.15371448
0.1522063
0.15178989
0.15117349
0.15160383
0.15199403
0.15122978
0.15160565
0.1511498
0.15118136
0.1501375
0.1497695
0.15058531
0.15079753
0.14971292
0.14990696
0.15042956
0.14892538
0.15062821
0.15113631
0.15158692
0.15020818
0.15021305
0.14992836
0.14887677
0.15039137
0.14905931
0.14862493
0.15050775
0.14879885
0.1494126
0.14882822
0.1483024
0.14860389
0.14837374
0.1489755
0.14803661
0.14850442
0.14831592
0.14772369
0.14847076
0.14900284
0.14791162
0.14918683
0.14711921
0.14814685
0.14778513
0.14720875
0.1473034
0.14758132
0.14726941
0.14747559
0.1473728
0.14946027
0.14695577
0.14710271
0.1464235
0.14700659
0.14659663
0.14686674
0.14725572
0.1477874
0.14684355
0.14684075
0.14678295
0.14720953
0.14595811
0.1457422
0.14779517
0.14584976
0.14684834
0.14594041
0.14582106
0.14594397
0.14680736
0.1451418
0.14532663
0.14520143
0.14579812
0.14560463
0.14498147
0.14550942
0.14533524
0.14579663
0.14622276
0.1459977
0.1449095
0.14590086
0.14524683
0.1451566
0.1455174
0.14483973
0.1457312
0.1448774
0.14425255
0.14483131
0.14503054
0.14428909
0.14419894
0.14569582
0.14459573
0.14446233
0.14499414
0.14444819
0.14552674
0.14486614
0.14414369
0.14462678
0.1444456
0.14480603
0.14373145
0.14544843
0.14451455
0.14466295
0.14460221
0.1452443
0.14458925
0.1450705
0.14370172
0.14489773
0.14503509
0.14378224
0.14481756
0.14486688
0.14384608
0.1444406
0.14401731
0.14352389
0.144185
0.14344892
0.14317796
0.14439455
0.14390405
0.14370821
0.1443852
0.1433486
0.14282614
0.14250317
0.14296815
0.14267384
0.1428452
0.14297974
0.14324743
0.14414069
0.14391893
0.14317456
0.14368929
0.14294371
0.14356115
0.14292845
0.14339261
0.14307897
0.14313836
0.14310269
0.14371476
0.14319313
0.1436542
0.14292112
0.14394552
0.14389428
0.14211509
0.14380516
0.14314477
0.14276616
0.14298584
0.14429383
0.14342901
0.14276174
0.14278737
0.14249964
0.14187565
0.14187644
0.14179133
0.14220655
0.14254577
0.14164108
0.14192373
0.14197296
0.14117935
0.14256586
0.142138
0.14229368
0.14122777
0.1425133
0.14300165
0.14204347
0.14239721
0.14217895
0.14268446
0.14284916
0.14166838
0.142194
0.1426984
0.14172415
0.14225277
0.1420321
0.14169353
0.14218031
0.14206737
0.14229336
0.14329155
0.14289549
0.14217137
0.14241882
0.14216523
0.14149801
0.14124553
0.1418678
0.14228283
0.14188045
0.14154957
0.14135882
0.14188388
0.14163546
0.14275312
0.14306785
0.14113405
0.14278069
0.14075129
0.14209853
0.14128134
0.14090414
0.1406685
0.14200383
0.13979067
0.14098546
0.14082614
0.14157979
0.14098036
0.14067017
0.14096642
0.14071713
0.14165176
0.14069179
0.1418819
0.14104062
0.14058208
0.1418584
0.14086513
0.14017065
0.14092647
0.1415475
0.14121306
0.14031504
0.14153238
0.14054497
0.14126496
0.14125061
0.14249566
0.14112873
0.14118475
0.1411989
0.14114565
0.14125499
0.14037743
0.14210573
0.14093408
0.14017875
0.14020199
0.14044826
0.14062881
0.1393101
0.14032666
0.13901779
0.14012747
0.13993049
0.14026314
0.1397448
0.13981035
0.14015464
0.13966864
0.13991162
0.13966033
0.1384993
0.13940784
0.13981475
0.13929944
0.14059189
0.13902591
0.13968945
0.13919266
0.13965213
0.13939624
0.13905634
0.14004286
0.13953316
0.13928097
0.13946591
0.13962601
0.14138809
0.13959773
0.14044505
0.14088815
0.13992497
0.13945466
0.14016114
0.1390343
0.14057663
0.1396671
0.13971794
0.14015584
0.14011101
0.13932705
0.1393308
0.13878511
0.14043319
0.13935587
0.13931015
0.1382663
0.13953172
0.13923173
0.13871521
0.13902588
0.13893393
0.13877866
0.13904387
0.13833246
0.13840002
0.13842173
0.13782251
0.13956316
0.13878982
0.13891752
0.1385303
0.13897961
0.13797021
0.13943167
0.13926929
0.13926558
0.139346
0.14000842
0.1390806
0.13926536
0.14003122
0.13840052
0.13856901
0.13948064
0.13883623
0.13852508
0.14035715
0.13886799
0.13886158
0.13982385
0.13899513
0.13800079
0.13926542
0.13807209
0.13795793
0.13769004
0.13877825
0.13814615
0.13813153
0.1372339
0.137543
0.13816583
0.13786799
0.13887124
0.13736561
0.13758473
0.13777502
0.13773924
0.13791986
0.13801342
0.13852441
0.13740718
0.14113948
0.13896114
0.13970873
0.13832298
0.13957463
0.13891375
0.13983174
0.13828626
0.13916786
0.13776271
0.13763918
0.13829295
0.13778351
0.1380915
0.13826224
0.13743336
0.13853967
0.13802472
0.13883018
0.13805616
0.13832554
0.13985519
0.1378649
0.1379778
0.13784753
0.13762198
0.1371879
0.13739987
0.1375074
0.13741298
0.13745718
0.137093
0.13735238
0.13804576
0.13785511
0.13697396
0.13774103
0.13938226
0.13886474
0.13822296
0.13848987
0.13869031
0.13836692
0.1366806
0.13733254
0.13722192
0.13777441
0.1368138
0.1366863
0.1374534
0.13652945
0.1369482
0.13695702
0.1362059
0.13673528
0.13747212
0.13627464
0.13720345
0.13750392
0.13643059
0.13743311
0.13597488
0.13722049
0.13668904
0.13757624
0.13633175
0.13712297
0.13722554
0.1373715
0.13650358
0.13683692
0.1367987
0.13710481
0.13707
0.1374913
0.13675423
0.13693117
0.13660805
0.1361116
0.13777575
0.13806759
0.13635191
0.1358264
0.1372217
0.13653597
0.13640574
0.13594249
0.13572888
0.13807149
0.13763693
0.13691592
0.13749336
0.13629167
0.13732402
0.13757245
0.13768981
0.13679254
0.13735826
0.13691218
0.13643932
0.13714886
0.13690883
0.13728169
0.1359429
0.13729542
0.1365457
0.13680498
0.13642405
0.13576148
0.13676922
0.13681044
0.13696818
0.13655193
0.13724947
0.13548228
0.13538127
0.1358464
0.13578558
0.13588499
0.13606094
0.13622735
0.13692743
0.13579118
0.13666959
0.13614273
0.13673788
0.1372562
0.13672717
0.13626783
0.13761887
0.13755335
0.13734983
0.13564593
0.13671534
0.13683729
0.13697085
0.13753286
0.13763593
0.1359965
0.1367729
0.13584805
0.13682479
0.13637623
0.13616112
0.1359921
0.13676505
0.13709663
0.13537948
0.13717291
0.13729113
0.13673308
0.13711134
0.13553181
0.13637601
0.13597089
0.13640808
0.13578522
0.13672045
0.13692874
0.13554049
0.13591799
0.13560982
0.13563332
0.13562827
0.1351498
0.13585418
0.13639402
0.13531479
0.13574804
0.13572913
0.13552864
0.13664286
0.13504277
0.13617794
0.1353913
0.13505355
0.13573511
0.13575873
0.13599427
0.13626502
0.13622308
0.13569492
0.13652983
0.1365755
0.13534902
0.1362621
0.13546672
0.13545671
0.13687395
0.13582516
0.13603707
0.13532123
0.13509429
0.13559109
0.13532346
0.1352723
0.13474634
0.13492393
0.13522947
0.13461533
0.13544448
0.13486032
0.13573435
0.13502271
0.13430017
0.1345146
0.13517489
0.13414095
0.13576095
0.13420545
0.13564555
0.13542205
0.1356295
0.1357525
0.13505152
0.13551502
0.13468955
0.13547182
0.13554214
0.1356262
0.13475752
0.13564858
0.13583677
0.13508615
0.13530974
0.13492547
0.13539259
0.13553853
0.1344796
0.1353012
0.13570324
0.13517497
0.1341434
0.1347664
0.13408563
0.13514894
0.1347864
0.13493267
0.1359816
0.13432188
0.13454282
0.13469897
0.13497204
0.1348094
0.13436903
0.13461219
0.13427053
0.13456404
0.1346573
0.13451177
0.13518843
0.13521141
0.1346864
0.13402165
0.13484937
0.13413343
0.13530837
0.13434574
0.13481204
0.13381548
0.13350399
0.13414967
0.1353936
0.13433813
0.13482356
0.13546668
0.13445935
0.13457471
0.13429597
0.13348825
0.13503991
0.13495204
0.13435386
0.13452552
0.13481338
0.13451853
0.13507363
0.13450086
0.13525468
0.13391474
0.1344395
0.13397487
0.13373703
0.13396364
0.13361101
0.13367128
0.13404
0.13435565
0.13649286
0.1341197
0.13482553
0.13475314
0.13321833
0.13462877
0.13425335
0.13354877
0.13364023
0.1353763
0.13517457
0.13412528
0.13383093
0.13506144
0.13459101
0.13381724
0.13445833
0.13387296
0.13487814
0.13466349
0.13453738
0.13418794
0.13376315
0.13364533
0.1343759
0.13370962
0.13413785
0.1340834
0.13315526
0.1339449
0.13348018
0.13339032
0.13412432
0.13486733
0.13350949
0.13473222
0.13316275
0.13378094
0.13478962
0.13423505
0.1332343
0.13418445
0.13326722
0.13328633
0.13337441
0.13377498
0.13378443
0.13312325
0.13354178
0.13360977
0.13346775
0.13257046
0.1335122
0.13369574
0.13356927
0.13444148
0.13417743
0.13403738
0.13371557
0.13370804
0.1337139
0.13429305
0.13311456
0.13317889
0.13265485
0.13268696
0.13294439
0.1326724
0.1330348
0.13352092
0.13327345
0.1329635
0.13320935
0.13325138
0.13277782
0.1332329
0.13343059
0.13357344
0.13311534
0.13346355
0.13213572
0.13250785
0.13426109
0.1329083
0.13373145
0.13276725
0.13294876
0.13313913
0.13231413
0.13243109
0.13327903
0.13337912
0.13300498
0.13370892
0.13269112
0.13304785
0.13191624
0.13370833
0.13359919
0.133241
0.13340603
0.1334403
0.13398856
0.13273624
0.13389441
0.133195
0.13345782
0.13311972
0.13368106
0.13341103
0.13388708
0.13292417
0.13347751
0.13377039
0.13399774
0.13405918
0.1341788
0.13448003
0.13313717
0.13419995
0.13352719
0.13427578
0.13343084
0.13440771
0.13441607
0.13432656
0.13377947
0.13373215
0.13356686
0.13285062
0.13268338
0.13275167
0.13170953
0.13207299
0.13236557
0.13179527
0.13239937
0.13219495
0.132471
0.1332345
0.13294606
0.13310027
0.13272561
0.13294905
0.13232535
0.1327282
0.13236693
0.13248946
0.1318459
0.13268223
0.13266806
0.13210621
0.13320069
0.13142022
0.13282171
0.13173905
0.13346729
0.13107742
0.13178137
0.13313246
0.13204795
0.13264255
0.13231798
0.13137028
0.13301945
0.13195355
0.13348621
0.13508825
0.13241778
0.13211082
0.13237368
0.13199767
0.13247004
0.13231747
0.13246852
0.13139085
0.1318552
0.13149343
0.13140565
0.13104014
0.13103175
0.1316487
0.13158199
0.13177024
0.13218099
0.13166481
0.13161205
0.13089642
0.13096261
0.1311857
0.13145342
0.130962
0.13095994
0.1308645
0.13122074
0.13055912
0.13133584
0.1312876
0.13133638
0.13103925
0.13139386
0.13172475
0.13113141
0.13056558
0.130693
0.13051596
0.1308294
0.13036638
0.13060232
0.1302604
0.13044938
0.13048133
0.13062759
0.12966435
0.13063096
