=============================================0.33026135
0.34030646
0.3344733
0.32808948
0.33129367
0.3294346
0.32945004
0.3304472
0.33469844
0.3389074
0.33688197
0.33616027
0.33565474
0.33997813
0.3351117
0.33487424
0.3349968
0.33264738
0.33363414
0.33444175
0.33560973
0.32885644
0.3291927
0.32978067
0.3286015
0.32942846
0.3273526
0.3268533
0.33153975
0.32875505
0.32936707
0.3360672
0.32965073
0.32919428
0.3284066
0.33154866
0.33307943
0.3311479
0.32662177
0.32930616
0.33006883
0.3322682
0.3310318
0.33305132
0.3330161
0.33223215
0.33210802
0.3306226
0.33144733
0.33534718
0.3386781
0.33745503
0.3390792
0.3374702
0.33487663
0.33464423
0.33336493
0.3340879
0.33446908
0.33038196
0.33544967
0.33292124
0.3340793
0.33261365
0.33342037
0.33587047
0.33205485
0.33354664
0.33107677
0.32913396
0.3340279
0.3366119
0.3338174
0.3285687
0.33065397
0.33082348
0.33532786
0.32984826
0.3317342
0.33365685
0.33197442
0.3296565
0.33107257
0.32645184
0.33002326
0.326428
0.3292998
0.32620785
0.32447708
0.32870063
0.32557517
0.32700992
0.32650024
0.32487306
0.32862464
0.327167
0.32357192
0.32656083
0.3275395
0.32503685
0.32613048
0.3292734
0.32969084
0.33006212
0.32538468
0.32685396
0.33109733
0.32370982
0.33082455
0.32942864
0.33033037
0.33060095
0.3306032
0.33161867
0.3315935
0.32966956
0.33002853
0.3321732
0.3323646
0.33121985
0.33042216
0.32875207
0.33357278
0.3307074
0.3287184
0.33028933
0.33817944
0.3326159
0.33641955
0.33448744
0.3396585
0.33709666
0.33537093
0.3344137
0.33058
0.32937503
0.32974634
0.32581
0.32652512
0.32841265
0.3288605
0.32911727
0.33091033
0.3318042
0.3292455
0.3307385
0.33202165
0.3277663
0.3305684
0.3280561
0.32879636
0.32758102
0.32769138
0.3283143
0.3271883
0.32700714
0.32657757
0.325108
0.32384813
0.32695624
0.32784182
0.3250581
0.32765794
0.32699764
0.330407
0.32707173
0.3244498
0.33027092
0.33098945
0.3324603
0.33504263
0.33057672
0.3324714
0.33143556
0.327705
0.3266592
0.332997
0.33363014
0.3335231
0.3321403
0.33214593
0.3313511
0.33233273
0.32962784
0.32990342
0.32925078
0.33055124
0.32843047
0.3273061
0.3305289
0.32916752
0.33016393
0.32944486
0.33251458
0.32599822
0.32877833
0.32814163
0.3268781
0.32557613
0.32938114
0.32342196
0.32332546
0.32308292
0.32589325
0.327383
0.322628
0.3240881
0.32302865
0.32592568
0.32305902
0.32100594
0.32362992
0.31757495
0.3241675
0.32349944
0.32496664
0.3277529
0.32552877
0.3271784
0.32805842
0.32979655
0.32629415
0.32736903
0.32500076
0.32540503
0.32730955
0.32345214
0.32474205
0.32758918
0.328086
0.32882607
0.3278388
0.32950455
0.32677564
0.32346797
0.32397804
0.32541975
0.3228427
0.3240527
0.32218608
0.32558003
0.32436028
0.3245119
0.3272797
0.3231785
0.32134426
0.32642284
0.32494488
0.323687
0.32712325
0.32804456
0.32616907
0.32993895
0.3268965
0.3284628
0.32282346
0.325902
0.32104316
0.32859337
0.32766238
0.32969537
0.32519746
0.3319479
0.33247647
0.33453968
0.33267266
0.33824953
0.34060237
0.3389821
0.33766642
0.33614278
0.3418828
0.34102106
0.34441355
0.3466353
0.3438225
0.34222743
0.34051076
0.3390045
0.33865428
0.33921003
0.3389526
0.33921495
0.3362331
0.3357439
0.33516923
0.34034288
0.3386361
0.33722904
0.33400592
0.33019787
0.33474442
0.3319873
0.32904726
0.33205643
0.33108878
0.33158693
0.33091527
0.33007896
0.33189544
0.33128646
0.33085415
0.32613063
0.32982287
0.32901263
0.32846385
0.32714435
0.33104822
0.32900974
0.33036575
0.32939458
0.32941863
0.32897884
0.32687584
0.32789928
0.32901534
0.33031365
0.32909855
0.33069575
0.33149853
0.32949838
0.33139765
0.33369726
0.33210772
0.3306753
0.32998016
0.3300328
0.3280307
0.32951456
0.33207366
0.33152914
0.32942185
0.32931986
0.32955992
0.32926044
0.32873413
0.33413404
0.33198604
0.33207312
0.33259708
0.33088437
0.33067125
0.3292989
0.3311897
0.32872722
0.32790872
0.32817838
0.32728085
0.3287216
0.32601756
0.32489944
0.32659215
0.32746843
0.32587996
0.3262674
0.3283987
0.32617092
0.3258307
0.32545096
0.32579207
0.32788116
0.32440755
0.32485238
0.3246911
0.3267086
0.32715306
0.32974756
0.32901245
0.32930526
0.32855412
0.32842928
0.32711044
0.32683393
0.32488582
0.32427526
0.32786557
0.32660067
0.32592523
0.3289703
0.32716545
0.3274107
0.32454917
0.32427517
0.32530215
0.32414436
0.32508874
0.32359508
0.32342228
0.33145007
0.32706234
0.33060524
0.3284595
0.32645962
0.3286214
0.32835677
0.32754812
0.32507953
0.32601967
0.32614103
0.32377204
0.32241723
0.32614213
0.32548794
0.32494596
0.32526812
0.32111022
0.3237949
0.32256314
0.31998745
0.32419404
0.32280874
0.31962714
0.32612
0.32375675
0.32328308
0.32667252
0.32216144
0.3235835
0.32393748
0.3223562
0.32320386
0.324872
0.32382122
0.32449222
0.32514247
0.3224772
0.3227595
0.3208128
0.32180786
0.324272
0.32228035
0.3250428
0.3239279
0.3226087
0.32543397
0.3241005
0.32284662
0.32303992
0.3215986
0.32385954
0.32601508
0.3251376
0.32551605
0.32546115
0.32724386
0.32329613
0.32441077
0.32163593
0.3232668
0.32601538
0.32119322
0.3220299
0.3253779
0.3230446
0.328353
0.3258894
0.3272807
0.3267031
0.32437235
0.32527113
0.32370263
0.3227342
0.3246641
0.32196712
0.32205763
0.32194737
0.32368836
0.3235364
0.32040334
0.3240694
0.32374707
0.3250691
0.32317182
0.3252971
0.32274354
0.31848022
0.3239279
0.3226256
0.3204684
0.3239479
0.32223693
0.3220231
0.32511982
0.32854915
0.32561794
0.3247707
0.3268217
0.32359958
0.32203457
0.31865007
0.3193155
0.3254442
0.3223496
0.3220348
0.32261857
0.32169148
0.32040358
0.32157636
0.32122967
0.32167923
0.32088196
0.3225865
0.32142648
0.32058665
0.3183455
0.3219586
0.32024488
0.3202457
0.32054284
0.3197238
0.32095572
0.32008153
0.31983534
0.31840488
0.3176771
0.3170212
0.3165263
0.3170137
0.31901285
0.318678
0.31821266
0.31619927
0.31644925
0.32035074
0.3167781
0.31867406
0.3205441
0.31992558
0.31941643
0.31942272
0.3236377
0.32196355
0.3168782
0.31875044
0.32037434
0.3211983
0.32070804
0.32091185
0.31818968
0.31966463
0.31898567
0.31957838
0.31949148
0.31648955
0.31829485
0.31642613
0.31676015
0.31746387
0.31652912
0.31683588
0.3184125
0.31521693
0.3148751
0.31546482
0.3128512
0.313351
0.31381747
0.31483966
0.3159674
0.31553712
0.31690818
0.3135129
0.3142657
0.31324124
0.31459022
0.31529242
0.31625542
0.3158011
0.31395838
0.31133878
0.31417495
0.31381172
0.31598628
0.3136885
0.31211874
0.31404677
0.3103959
0.3104839
0.3097594
0.31266478
0.31240532
0.31196147
0.3106191
0.3107027
0.3114266
0.31035683
0.31423745
0.31473032
0.31339523
0.31105137
0.3113098
0.3094786
0.31487572
0.3130267
0.31206805
0.31474146
0.31394586
0.3099762
0.3151836
0.31781635
0.31664792
0.31444517
0.31483194
0.3179394
0.3154822
0.30968127
0.31207022
0.31045938
0.31065005
0.31223074
0.3166175
0.31100065
0.31492072
0.31190616
0.31216395
0.3114817
0.3116729
0.31094375
0.31480533
0.31069404
0.31009457
0.3087333
0.310713
0.30900523
0.30780968
0.31261325
0.3087227
0.3124586
0.3095529
0.31031284
0.31381524
0.30929524
0.3120056
0.3129386
0.30854267
0.30821538
0.30938783
0.3107879
0.3115151
0.30963978
0.30958095
0.3109345
0.31140503
0.30808163
0.30861267
0.30910823
0.31138587
0.3115919
0.31576023
0.31181502
0.31552026
0.31329986
0.31295726
0.31215757
0.31367725
0.30901366
0.3130711
0.31462374
0.3113092
0.31125686
0.30895653
0.31129023
0.31170565
0.30961582
0.31209514
0.3123536
0.315585
0.31480214
0.31377652
0.3148181
0.31150123
0.31403363
0.31324556
0.31383982
0.31404704
0.31260246
0.309763
0.31164536
0.31197175
0.3099533
0.31174955
0.31374794
0.31069347
0.31112584
0.31511566
0.31217313
0.31289145
0.31230673
0.3101548
0.31347582
0.31509486
0.31125107
0.31077448
0.30998883
0.30997512
0.3081259
0.31013206
0.3090291
0.30790886
0.30987498
0.3086627
0.308992
0.31169316
0.31021237
0.30852208
0.30655202
0.30715808
0.3097026
0.3098117
0.31295958
0.3109289
0.30703703
0.30630198
0.3071856
0.3081112
0.3081615
0.3091692
0.3120534
0.31015444
0.30855086
0.3108426
0.31077567
0.30840495
0.30863997
0.31073973
0.3074244
0.30914688
0.30892596
0.30968478
0.31068954
0.31180805
0.3077577
0.31064835
0.30841884
0.30903
0.3083289
0.30686137
0.3114151
0.3107137
0.30816683
0.30890688
0.31036884
0.30852386
0.30632517
0.30481315
0.30823168
0.30695274
0.3076649
0.30830157
0.30595347
0.3057274
0.30784443
0.3085214
0.30335978
0.30727348
0.30798265
0.30772993
0.30967054
0.30889955
0.30731678
0.3082697
0.30499387
0.30678675
0.3042399
0.30708775
0.31007403
0.30951926
0.30712193
0.3069903
0.3074396
0.3073059
0.30651042
0.30672356
0.30760303
0.30784568
0.30995533
0.30996814
0.3072314
0.3075117
0.30641046
0.30589372
0.30696756
0.30543968
0.3073251
0.30738777
0.30637398
0.30598092
0.30844545
0.30941468
0.30821252
0.30979124
0.30673996
0.30582762
0.30760923
0.30319232
0.31047538
0.30503342
0.30337104
0.30655152
0.30670872
0.305137
0.30646306
0.30472112
0.3087277
0.30243164
0.3048327
0.30453467
0.30397692
0.30467182
0.30703852
0.30685332
0.3082094
0.3076488
0.30481657
0.30701202
0.30163598
0.30505726
0.30891132
0.3048658
0.30604574
0.3058331
0.30303344
0.30489
0.30568472
0.3040668
0.30504885
0.30465326
0.3050929
0.30402192
0.30233836
0.3053842
0.30902627
0.30478758
0.30488434
0.30332756
0.30541182
0.30448732
0.30546647
0.30380842
0.3071259
0.3064939
0.3071781
0.30283937
0.30656323
0.30713415
0.30680966
0.3061719
0.30553013
0.30511975
0.3053177
0.3052334
0.30512577
0.3077178
0.30619574
0.30532828
0.3080595
0.30547696
0.30453458
0.30485544
0.30478582
0.3041237
0.29968998
0.3099579
0.3040279
0.30614713
0.30910757
0.3085142
0.30553135
0.30469057
0.30310303
0.3029781
0.30561623
0.3040032
0.3039356
0.3053033
0.306031
0.30651745
0.3064422
0.30556345
0.30816582
0.30601078
0.3028755
0.3073807
0.30929363
0.3091908
0.30797964
0.31076416
0.3093891
0.30999392
0.30788636
0.3070849
0.3053107
0.3055244
0.30807313
0.30596715
0.30633777
0.30551603
0.30723998
0.30472493
0.30921507
0.30574095
0.30720535
0.30970666
0.30752522
0.30697185
0.3029366
0.3046814
0.3042383
0.30313188
0.30336592
0.30470058
0.30416927
0.30274057
0.30227336
0.30294377
0.30396283
0.30205646
0.30402696
0.3044861
0.30668393
0.30414894
0.30295876
0.30757898
0.30326304
0.3025081
0.305343
0.3029316
0.30576998
0.30568728
0.30357295
0.30472362
0.30088162
0.30194226
0.30361637
0.30173925
0.3007763
0.30249897
0.30302688
0.30314112
0.30175838
0.30455798
0.3019145
0.30558053
0.30497023
0.3039495
0.30348387
0.3016673
0.3042532
0.30498213
0.3061832
0.3058158
0.3060402
0.3049769
0.30460846
0.30382118
0.30485982
0.29990804
0.30232117
0.2993223
0.30258897
0.29922438
0.30268583
0.30411357
0.3030646
0.3041968
0.30329427
0.30338007
0.30214787
0.3003179
0.3050991
0.30125725
0.30524543
0.3015745
0.3031342
0.30218744
0.30008784
0.30326208
0.3015539
0.30103222
0.30186152
0.3038663
0.30367762
0.30184245
0.3024662
0.30295038
0.30476084
0.3015119
0.30510297
0.3018013
0.30599067
0.30309397
0.30176252
0.30421633
0.30160683
0.30072758
0.3003907
0.3007064
0.30307442
0.30195433
0.3021589
