=============================================0.3371532
0.33510628
0.33881912
0.3363987
0.33865935
0.3339162
0.33565602
0.33118674
0.33366153
0.33450827
0.33366162
0.33207542
0.33353254
0.3347529
0.33470786
0.33266148
0.32956246
0.33010814
0.32763144
0.32885057
0.32703033
0.3254434
0.3238457
0.32408795
0.3263023
0.32796013
0.3232524
0.32065415
0.322021
0.32108957
0.32170776
0.320462
0.32169786
0.3221673
0.31906316
0.32070455
0.3198378
0.32046124
0.31834292
0.32115838
0.31692696
0.31861478
0.31813988
0.3174911
0.32002607
0.31631204
0.31516525
0.31449008
0.31584692
0.31561035
0.3132917
0.3136849
0.3132893
0.31697434
0.31227043
0.31126523
0.3104693
0.3124449
0.31363472
0.3121569
0.31151697
0.31445086
0.31466118
0.3125313
0.31329703
0.31133056
0.31056926
0.31154394
0.30990314
0.30751377
0.30963227
0.31127343
0.31269488
0.3106692
0.31125665
0.31076705
0.31291604
0.3119805
0.312647
0.3102324
0.30906478
0.309794
0.30730054
0.30899683
0.30830866
0.30916175
0.3117691
0.3122845
0.30846798
0.30993772
0.3101078
0.30929792
0.30727702
0.30874082
0.30893254
0.30746877
0.30612612
0.30785447
0.30599818
0.30236146
0.30389306
0.3064949
0.30600986
0.30337495
0.3065024
0.3068715
0.308467
0.3065704
0.30595413
0.30679417
0.30531952
0.30554208
0.30746374
0.30613843
0.3061602
0.3061193
0.30742747
0.3063124
0.3054408
0.30716515
0.30617458
0.3063427
0.30624196
0.3084921
0.30654445
0.30534145
0.30541283
0.30671474
0.30491495
0.30562425
0.30635223
0.3056186
0.30312806
0.30284578
0.30381152
0.30522963
0.30246928
0.3043917
0.30455142
0.30363217
0.3042698
0.3032926
0.30536923
0.30513692
0.30458656
0.30259547
0.301374
0.3011869
0.30441955
0.29925773
0.30287504
0.30652234
0.30024174
0.3007596
0.3060051
0.3006873
0.30282575
0.30237946
0.30302227
0.3031282
0.30174407
0.30009112
0.29969296
0.30334887
0.3043818
0.30072567
0.3040896
0.3055763
0.30456468
0.30265173
0.30362982
0.30236778
0.30494246
0.3051991
0.30478582
0.30406266
0.30583927
0.3015685
0.3010113
0.30068547
0.3025032
0.30178356
0.30322137
0.30066893
0.30121326
0.30236614
0.29861584
0.29931304
0.30238423
0.30107236
0.3026441
0.30127847
0.29810303
0.2985271
0.29796028
0.3001579
0.2988309
0.29759774
0.30214712
0.3008608
0.30030513
0.3006443
0.29720297
0.2976432
0.30155322
0.30158672
0.30427274
0.30123568
0.29955617
0.3002556
0.30236492
0.30125317
0.3015344
0.3007172
0.30400425
0.2992721
0.30223894
0.3001367
0.2979924
0.29930577
0.29968825
0.2993908
0.3009149
0.29826245
0.30106232
0.2987925
0.30010343
0.29664293
0.29966372
0.29860628
0.29741365
0.29798314
0.2982311
0.29981485
0.29927984
0.29734436
0.29861376
0.29616815
0.29634163
0.29821023
0.29938704
0.29635188
0.29841444
0.29699036
0.30167845
0.29943293
0.30191702
0.30079466
0.2990613
0.29915282
0.302945
0.30260307
0.30306906
0.29868576
0.2987907
0.2987194
0.29630333
0.2965149
0.29784137
0.2968479
0.2960232
0.29722878
0.2949597
0.29704237
0.2962107
0.29357037
0.29290542
0.29600528
0.2909096
0.2926223
0.2952188
0.29093763
0.2948307
0.29280314
0.29372913
0.2938815
0.29305074
0.29440093
0.29540664
0.29345188
0.29188433
0.29445544
0.2944352
0.29409498
0.2937048
0.29380596
0.2924038
0.29250276
0.29177445
0.29191324
0.2926855
0.2927675
0.29233703
0.29238006
0.29293624
0.29210278
0.29270372
0.29318258
0.29157305
0.29630405
0.29327613
0.29174587
0.29707962
0.29343104
0.29227364
0.29505748
0.29523236
0.2938026
0.29451448
0.29043123
0.2954481
0.29285952
0.2890741
0.2909356
0.29111132
0.29322174
0.28904954
0.2916243
0.28994027
0.29102692
0.2897535
0.28916833
0.291102
0.2926762
0.29387674
0.29225317
0.29210624
0.2911532
0.2887087
0.29059926
0.2920224
0.2913024
0.29130545
0.28938398
0.29213953
0.28773797
0.29142028
0.29310134
0.2913417
0.2906037
0.28979883
0.2913846
0.2926596
0.292963
0.29288903
0.29322842
0.29335108
0.294265
0.29227424
0.29270664
0.292762
0.28964493
0.29019737
0.28827903
0.2887541
0.2882584
0.29225454
0.28794676
0.2912607
0.29134947
0.29011026
0.29323512
0.29050443
0.29002252
0.2918582
0.2914432
0.29204077
0.29360923
0.2931328
0.29319155
0.29478306
0.29695046
0.29423878
0.2952032
0.29452896
0.29397073
0.29487404
0.29124007
0.2935303
0.29141754
0.29154772
0.292198
0.29406556
0.2915181
0.29126063
0.29292727
0.29313684
0.2920143
0.2899467
0.2904473
0.28958625
0.2954698
0.29402247
0.2927526
0.2941905
0.2936689
0.2915159
0.29406443
0.29370314
0.29328018
0.292803
0.29031047
0.29033947
0.29476842
0.2944393
0.2942574
0.2916391
0.292466
0.2924628
0.29006872
0.29121485
0.2914184
0.29323047
0.29154927
0.28978163
0.29183888
0.29059917
0.2898157
0.29328686
0.2899598
0.2918623
0.29264265
0.29160616
0.2917834
0.29258576
0.29236427
0.29362413
0.29170844
0.2926835
0.29366
0.29027662
0.29150167
0.28944862
0.28864884
0.28999263
0.29020476
0.29164466
0.29200462
0.2888533
0.2891152
0.29044423
0.2914599
0.2915496
0.28846073
0.28874525
0.28811586
0.28894112
0.2880251
0.29111147
0.29207522
0.28896618
0.2917528
0.28879017
0.2897486
0.29071805
0.2909584
0.29275325
0.28724226
0.28989688
0.29039428
0.28809673
0.28878218
0.2900316
0.2885661
0.29115078
0.28938165
0.2886161
0.2885646
0.28836903
0.28803226
0.28927588
0.28626323
0.29084483
0.28925353
0.2888828
0.28839684
0.28968698
0.28741568
0.29120874
0.2877764
0.29068133
0.2893465
0.28893408
0.2936128
0.29361007
0.2885699
0.29228196
0.29130766
0.2942327
0.29347152
0.2933588
0.2929486
0.2927316
0.29214033
0.2965334
0.29147217
0.29062983
0.29212683
0.29230022
0.29118767
0.2925725
0.28681168
0.292078
0.2885879
0.29092678
0.29179165
0.2922957
0.289811
0.29356596
0.28921777
0.29120165
0.29040265
0.28868166
0.28694412
0.28724405
0.28871056
0.29118547
0.29185262
0.2925351
0.29017258
0.29057807
0.29302165
0.29291198
0.2915004
0.29176077
0.2941158
0.29388428
0.29170156
0.29209664
0.293082
0.28972378
0.29127288
0.28965983
0.291881
0.2886035
0.29368806
0.29285675
0.2921175
0.2868297
0.28912327
0.28979403
0.2899265
0.2902875
0.29027975
0.2911878
0.29152104
0.28893802
0.28878552
0.28944856
0.28839937
0.2879786
0.2900707
0.28974602
0.29024228
0.28968754
0.289406
0.2897161
0.29118583
0.29139575
0.29004008
0.28956237
