=============================================0.3314886
0.32844582
0.32749102
0.3250048
0.3271006
0.32751855
0.3282084
0.32474518
0.32389352
0.32746544
0.32880822
0.3314159
0.3284052
0.32921743
0.3272446
0.32655618
0.32704535
0.32919797
0.3292617
0.33007234
0.32344595
0.3274714
0.32724515
0.3299636
0.33156562
0.3243078
0.32731158
0.3315907
0.33210588
0.3341439
0.33060646
0.33013454
0.32854962
0.32527587
0.3258762
0.3237667
0.32277882
0.32345867
0.32006827
0.3230869
0.32508
0.32208952
0.32520497
0.32256025
0.32279134
0.3248536
0.32790628
0.32506642
0.32614866
0.32536414
0.32734516
0.32586876
0.32515007
0.32631397
0.32738936
0.3239081
0.3270463
0.3245306
0.32249913
0.32041386
0.32234338
0.32172555
0.3202663
0.32271695
0.32232866
0.32277617
0.319206
0.31855
0.31977448
0.32009044
0.31554455
0.3154819
0.3163734
0.31577745
0.31719127
0.31899658
0.3174499
0.31541452
0.314097
0.3155483
0.31424192
0.3132897
0.31175122
0.31173393
0.31219408
0.3161021
0.3110027
0.3125753
0.31215152
0.30888018
0.31183413
0.3100956
0.31417796
0.31491438
0.31392655
0.31303802
0.31284213
0.30832288
0.31510362
0.31379303
0.31135952
0.3118938
0.31477162
0.3097016
0.3129868
0.3127091
0.3101944
0.30809382
0.30955383
0.30799067
0.3085592
0.3082007
0.30718407
0.3083837
0.30914733
0.30687004
0.31038246
0.30986515
0.30829543
0.3085969
0.30835542
0.305523
0.31034753
0.3081195
0.31250864
0.3102716
0.31063768
0.31248328
0.31318322
0.31231222
0.31269875
0.30994782
0.31118634
0.31171393
0.30993834
0.31134653
0.31103072
0.3067544
0.30773354
0.30835417
0.3085812
0.31107536
0.30892456
0.30642983
0.3115716
0.31026092
0.31541613
0.31363308
0.31191254
0.3143952
0.31314254
0.31165344
0.31418347
0.31306136
0.31341287
0.31335172
0.31007075
0.3125287
0.31553057
0.3141913
0.3093419
0.31003338
0.30821714
0.30914098
0.3062908
0.30334973
0.3095168
0.30721113
0.30640212
0.30853757
0.30792508
0.3084653
0.3105014
0.31106642
0.30776292
0.3119624
0.31008166
0.3085346
0.30663136
0.30748054
0.30645463
0.30443683
0.3015495
0.30162013
0.30268016
0.30326012
0.3060607
0.30948922
0.30754057
0.30834743
0.30575892
0.307682
0.30414915
0.30591694
0.3035922
0.30517522
0.30322924
0.30572176
0.3092475
0.30423698
0.30135843
0.30154058
0.2995346
0.3028983
0.30239922
0.29968962
0.29897198
0.30018535
0.30027422
0.29899475
0.29911265
0.29922113
0.2995387
0.30156252
0.2968804
0.29629728
0.2988595
0.30109245
0.2984643
0.29781625
0.2995928
0.30096957
0.3007192
0.30046758
0.30070993
0.30099708
0.2996304
0.29830557
0.29963222
0.30149266
0.30108178
0.29825082
0.29945382
0.29538015
0.298307
0.29715103
0.29746425
0.2976004
0.30022913
0.301116
0.29978624
0.30257615
0.2984336
0.29796275
0.30000168
0.2978006
0.3017889
0.29823527
0.29939172
0.30172718
0.2980866
0.2988591
0.29908177
0.2995837
0.29987684
0.29764494
0.29809806
0.29785618
0.2983806
0.30071977
0.2980122
0.29434407
0.298547
0.30118498
0.29520282
0.2972875
0.29851058
0.2968869
0.29704645
0.2987694
0.30006507
0.29718238
0.29688904
0.2978425
0.29650864
0.29872915
0.29610512
0.29691252
0.29800206
0.29730603
0.29854533
0.29978576
0.29820228
0.29705584
0.29987085
0.29874444
0.30056384
0.2998659
0.29807833
0.30248886
0.3027002
0.3002235
0.30130932
0.30113822
0.3002053
0.30204892
0.30345702
0.29994512
0.30243474
0.30046463
0.30047628
0.30155778
0.2995225
0.299733
0.29916257
0.30107284
0.30063412
0.29923826
0.29668742
0.2986849
0.2973948
0.29455277
0.29603317
0.29845366
0.29760805
0.29722163
0.29566056
0.29801318
0.29713094
0.29788017
0.29698965
0.29400367
0.29631612
0.29460177
0.29558176
0.29685485
0.29647517
0.29684693
0.2954866
0.2968572
0.29857478
0.29352507
0.29531768
0.29545137
0.29327342
0.2924891
0.29555127
0.29467717
0.29553393
0.29599795
0.2949048
0.29412478
0.29176107
0.29355898
0.29237175
0.29521582
0.2953641
0.29590425
0.29232255
0.29368567
0.29242375
0.29430762
0.29384786
0.29019824
0.2935306
0.29565802
0.29747483
0.29693547
0.29721007
0.2999467
0.29872108
0.30027208
0.29733273
0.29919824
0.30019015
0.30132312
0.29706278
0.29998285
0.2983163
0.29741344
0.29891968
0.29781657
0.3007377
0.30199477
0.30423066
0.30294546
0.30226976
0.29938677
0.29857913
0.29614913
0.3016381
0.3002182
0.29937235
0.2980938
0.2974496
0.2997152
0.29724106
0.29644904
0.29666612
0.29628
0.30416015
0.29923126
0.30135927
0.30139744
0.30268988
0.30294767
0.30119535
0.29898986
0.29936075
0.3004139
0.2999845
0.30083838
0.30251798
0.3012689
0.2960475
0.30135635
0.2985614
0.29950252
0.29926625
0.30030248
0.302394
0.30207065
0.30456707
0.30175823
0.30358353
0.30046102
0.29711562
0.30015293
0.2984335
0.29854736
0.29840368
0.29819503
0.29609814
0.29538795
0.29587996
0.29616782
0.2950571
0.3004131
0.2975063
0.30363807
0.3015366
0.30115715
0.30103466
0.30288154
0.29877445
0.30438164
0.30159053
0.30287638
0.3012762
0.30079246
0.29956833
0.2952657
0.30038172
0.29908746
0.2998842
0.29918516
0.29619232
0.30045262
0.29856968
0.2987707
0.30045944
0.30029204
0.29992524
0.29736957
0.30073807
0.2987955
0.30086517
0.3030561
0.30022326
0.29515705
0.29798847
0.2953476
0.29527757
0.29964447
0.2965637
0.29556766
0.29769632
0.2940672
0.29753396
0.29253656
0.2947092
0.29649648
0.29432425
0.29514393
0.3005767
0.29812494
0.29863185
0.29723474
0.29722166
0.29734963
0.29482612
0.2965059
0.29528758
0.2981042
0.29651913
0.29793987
0.29889795
0.2989667
0.29742533
0.29635665
0.29577565
0.29496884
0.29501772
0.29838455
0.29800212
0.29664132
0.29531866
0.29466674
0.29502812
0.296101
0.2928426
0.29437155
0.29149
0.2914017
0.29307866
0.29413024
0.29146597
0.29291597
0.29155317
0.2905593
0.29181036
0.29194576
0.29493743
0.29389545
0.298624
0.30019242
0.29569536
0.2937797
0.29521558
0.2900381
0.29523674
0.29608676
0.29160598
0.29236427
0.289739
0.29099864
0.2965887
0.29654193
0.29300648
0.29571193
0.2922496
0.29076087
0.29390746
0.29360896
0.29262447
0.29201537
