=============================================0.3327411
0.33356515
0.33046266
0.33312327
0.33837724
0.33829665
0.33948946
0.33742437
0.33879083
0.33904317
0.3364505
0.3341233
0.33414885
0.33592412
0.3351465
0.33795467
0.3315927
0.33326405
0.33168554
0.3321179
0.3357459
0.32977223
0.3326878
0.3303173
0.33320895
0.33286858
0.32706514
0.33023527
0.3288026
0.33116663
0.32952768
0.33049485
0.32747856
0.3288724
0.32972962
0.3302179
0.32663402
0.3298764
0.32714364
0.32480395
0.3287793
0.3239986
0.32817292
0.32892135
0.32908875
0.32669497
0.32771936
0.32938814
0.32747746
0.32760116
0.32483238
0.32010716
0.32170662
0.3155073
0.31754032
0.31929445
0.31643742
0.31953293
0.31847915
0.32376525
0.3228088
0.3196168
0.3207318
0.32378572
0.32261705
0.32103893
0.32457826
0.32000038
0.32450196
0.3223941
0.32427594
0.31974727
0.32251105
0.3206745
0.3173612
0.31850502
0.31772473
0.32061526
0.31943557
0.31919867
0.31911793
0.31988764
0.31718713
0.31776676
0.31664515
0.3202387
0.31657013
0.31725046
0.31471148
0.31622437
0.31729242
0.3210149
0.31725338
0.31912634
0.3157843
0.32144362
0.3215353
0.32371074
0.3220636
0.32061467
0.32127735
0.32127258
0.32526112
0.32137796
0.3260135
0.32559666
0.3243261
0.32501084
0.32194614
0.32400748
0.32344908
0.31783208
0.31720695
0.3163519
0.31668803
0.31748143
0.31663966
0.31833312
0.31877378
0.31978264
0.3161539
0.31943688
0.31886402
0.3193387
0.3209416
0.32226107
0.31926423
0.32015973
0.32122862
0.3240523
0.32425594
0.32464698
0.32528612
0.32524997
0.31958324
0.32331213
0.3187658
0.32356873
0.32445145
0.32119218
0.32077757
0.3215935
0.32249382
0.3181506
0.31800342
0.32035995
0.32333675
0.32292935
0.32417306
0.32527295
0.3282732
0.3273119
0.32958958
0.33030286
0.3278857
0.32731375
0.3233063
0.32463598
0.32100293
0.32536012
0.32334524
0.32299206
0.32010242
0.3190201
0.32068235
0.32002914
0.3172032
0.3191793
0.31907946
0.3199974
0.31786785
0.31866136
0.3141972
0.31360847
0.31572172
0.31886297
0.32068536
0.32086357
0.32606855
0.3225609
0.3225966
0.32302952
0.3212767
0.32328105
0.31974018
0.3183003
0.3169684
0.31278983
0.31318107
0.31488857
0.31113765
0.31397077
0.3147614
0.31575415
0.31347552
0.3137537
0.31463185
0.31334707
0.31823868
0.3177517
0.31753942
0.31410608
0.31168473
0.31057325
0.31542584
0.30904257
0.31221476
0.31365317
0.3128799
0.30991277
0.31263432
0.31629106
0.317937
0.32090133
0.31638026
0.31895623
0.31315404
0.31096998
0.31163558
0.3117571
0.3089187
0.31032234
0.31033933
0.31414005
0.31174302
0.31396872
0.31531212
0.31239495
0.31062868
0.3134311
0.31333342
0.31474653
0.3124527
0.3162963
0.31495938
0.31570226
0.3168548
0.31503895
0.31733593
0.3118725
0.31402194
0.31356093
0.30985704
0.308323
0.30587313
0.3086023
0.30449682
0.30935338
0.3107373
0.30956098
0.3084715
0.30891868
0.30753526
0.30525634
0.30741888
0.3050309
0.30612302
0.30502802
0.30973855
0.30809104
0.31117368
0.3066245
0.31229872
0.30992913
0.3107422
0.31036845
0.31264955
0.3127422
0.31004992
0.31085727
0.3095636
0.30679294
0.30584398
0.30329314
0.30555066
0.3036232
0.3087003
0.30405265
0.30641493
0.30728054
0.30376044
0.30501506
0.30815718
0.30228886
0.30022264
0.30122337
0.30319402
0.30345628
0.30902895
0.30736896
0.30909762
0.30622146
0.3072751
0.30888137
0.30410084
0.3012134
0.30186683
0.30379766
0.29964623
0.30229616
0.3027944
0.3052512
0.30291262
0.30224028
0.29985633
0.29892784
0.3019403
0.2980152
0.29701164
0.29378557
0.294821
0.293136
0.29481897
0.29434797
0.29184183
0.29477856
0.29908082
0.29503617
0.2963055
0.29552326
0.29339582
0.29252663
0.29349715
0.29638204
0.2958583
0.29899406
0.29803556
0.29863057
0.29516706
0.29987028
0.3018825
0.2968
0.29891762
0.29758316
0.29609296
0.29822657
0.29549867
0.29554987
0.29783282
0.29928133
0.30010518
0.30095473
0.30329514
0.30048996
0.29663962
0.29914838
0.29974717
0.3023537
0.3000774
0.30268082
0.3018887
0.30243072
0.30317283
0.3055683
0.30313736
0.30365458
0.30410913
0.3045857
0.3024027
0.3007245
0.29830465
0.30349237
0.29924062
0.30021515
0.29823923
0.30126756
0.3024918
0.30116004
0.29698846
0.29631898
0.30019423
0.29763535
0.30057436
0.2999996
0.3010579
0.30161983
0.301546
0.3006243
0.29695868
0.296999
0.30075794
0.30151868
0.3032673
0.29819322
0.30136332
0.3012593
0.30292484
0.30171415
0.3009266
0.30407962
0.30080605
0.29982564
0.29876772
0.3008387
0.29890454
0.3030165
0.3007891
0.3015376
0.2986201
0.30301166
0.29984853
0.30108264
0.30233797
0.30156308
0.30379057
0.29998446
0.30402133
0.30426916
0.30267453
0.30468398
0.30003142
0.30364212
0.30443466
0.30284658
0.30332223
0.30299053
0.30207342
0.29978687
0.30202067
0.30045646
0.3046875
0.3029696
0.30249673
0.29868174
0.2994257
0.30105525
0.30123076
0.30085516
0.2956346
0.2998236
0.2973807
0.29681465
0.29497883
0.29716992
0.29789862
0.30068594
0.30071142
0.3019906
0.29903126
0.30204484
0.30099535
0.30169907
0.30037197
0.3005276
0.29726633
0.30153775
0.29728276
0.2980189
0.29812753
0.2962125
0.2974437
0.29875174
0.29848087
0.29780674
0.29571158
0.2974533
0.29856095
0.29814768
0.29684752
0.29901448
0.2994579
0.29557586
0.2958076
0.29620558
0.29757234
0.30102465
0.29853472
0.29706308
0.2996196
0.30052853
0.299623
0.29935315
0.29843658
0.30159268
0.30081272
0.30057922
0.30206105
0.30124268
0.3014443
0.30044895
0.2989043
0.3002201
0.29713473
0.2963135
0.29594183
0.2965492
0.2973849
0.29629564
0.29602134
0.296929
0.29114828
0.2934745
0.2946417
0.29467008
0.29566452
0.29789087
0.2952273
0.29209992
0.29573032
0.29297706
0.29485583
0.29078835
0.29254386
0.29149804
0.29269323
0.2938107
0.28921828
0.29091594
0.2898484
0.28829184
0.2897519
0.28845257
0.28823295
0.29217157
0.28958338
0.29130554
0.2918093
0.2905699
0.29165515
0.29182616
0.29145074
0.29119512
0.29293606
0.2902321
0.29072928
0.29645595
0.29411528
0.29130378
0.28832576
0.29168606
0.2877507
0.28768852
0.2883738
0.28772172
0.28735566
0.28834778
0.28739315
0.28675976
0.2862614
0.28605172
0.28577328
0.28805363
0.28464514
0.28569838
0.28773403
0.28614083
0.28823516
0.28518525
0.28534472
0.28728804
0.288336
0.2852914
0.28677532
0.282734
0.28621855
0.28653684
0.2829499
0.28591153
0.28562576
0.28326145
0.28574705
0.285264
0.28618738
0.28906205
0.28538856
0.2872575
0.28406844
0.28767726
0.2834463
0.28353962
0.28569904
0.28341812
0.2846213
0.28371534
0.2837835
0.28452933
0.28420094
0.28582522
0.2839803
0.28466633
0.28472322
0.2824753
0.28604946
0.2847716
0.28461176
0.28637707
0.2835343
0.282125
0.2858706
0.28323802
0.2885495
0.2844605
0.28372326
0.2813408
0.28085074
0.28513333
0.27947274
0.28333178
0.28124127
0.28215322
0.28790113
0.28440747
0.2852253
0.28290722
0.28313527
0.2793184
0.28190887
0.2798874
0.2777358
0.27786168
0.27771825
0.28107557
0.2793675
0.27975568
0.28138933
0.27911645
0.27875966
0.2768313
0.2794556
0.28346846
0.27977958
0.2763621
0.28076297
0.28069893
0.2774846
0.27752706
0.27847633
0.27817068
0.27922776
0.27656347
0.27861196
0.27501452
0.28043938
0.27755222
0.27788338
0.27427885
0.27842033
0.27859852
0.27839366
0.27789026
0.27862835
0.27591524
0.27688697
0.27873927
0.2814767
0.278918
0.2831384
0.277829
0.2778785
0.27925926
0.279699
0.28089878
0.27754995
0.27935702
0.27944547
0.2788365
0.27943102
0.28157184
0.280177
0.28162882
0.2775793
0.2779865
0.2802088
0.27821222
0.281684
0.2766293
0.27946138
0.2772958
0.27994758
0.2810536
0.2798483
0.27695847
0.27702752
0.27894923
0.27883142
0.27706072
0.2779842
0.27643108
0.27550885
0.27969238
0.27942902
0.27794725
0.27983776
0.28166997
0.2802309
0.27633348
0.2738398
0.27683267
0.27688238
0.27794006
0.27872983
0.27763858
0.27680737
0.27603108
0.2792003
0.2814381
0.27650267
0.27762482
0.27633297
0.27935156
0.2805317
0.27846447
0.2748851
0.27898866
0.27811673
0.2770784
0.27649587
0.27760404
0.2762594
0.27439275
0.2724476
0.27383777
0.27457324
0.27317998
0.275666
0.27605513
0.2754131
0.2760133
0.27880484
0.27763095
0.27561378
0.27316347
0.2738067
0.2724118
0.273941
0.27217877
0.27385512
0.27518106
0.27371296
0.27242598
0.27474448
0.27216464
0.27364
0.26952425
0.27245116
0.27319303
0.27678558
0.27391547
0.27451235
0.275435
0.27629697
0.27450976
0.2776544
0.27600938
0.27566034
0.26995778
0.27262288
0.276235
0.27437982
0.27219573
0.27534202
0.27502337
0.27464613
0.27707353
0.27553844
0.27227822
0.26930445
0.2709827
0.27240983
0.27169648
0.27386293
0.27391487
0.27269033
0.27237797
0.27228457
0.27358904
0.27445266
0.27114913
0.2711755
0.27480212
0.2754501
0.27681264
0.2771094
0.27807614
0.27831027
0.27769458
0.27360106
0.27532598
0.27507815
0.27515593
0.27556133
0.27678937
0.27511778
0.2796068
0.27803823
0.27842057
0.28092846
0.27822015
0.27747056
0.27599207
0.27639824
0.27692547
0.27607483
0.2789234
0.27796277
0.27791044
0.27467388
0.2745122
0.2730783
0.27715617
0.27485755
0.2717592
0.27226645
0.27504924
0.27235672
0.27879813
0.27594545
0.27425843
0.27749202
0.27659893
0.27509817
0.2744854
0.27447677
0.27404967
0.27551508
0.27649903
0.2714668
0.27396303
0.27579632
0.27416226
0.27455544
0.27306443
0.27340886
0.27595016
0.2698554
0.27092025
0.27179262
0.2731883
0.2712785
0.27446398
0.27469856
0.27474338
0.27274957
0.2747124
0.27172422
0.27319202
0.2736611
0.27316234
0.27428412
0.27506205
0.27083322
0.27522564
0.27591512
0.27511725
0.2780223
0.27668267
0.2755336
0.27634162
0.27433264
0.278869
0.27339283
0.27519402
0.27549872
0.27963725
0.2759306
0.2786529
0.2760698
0.2768231
0.27622136
0.27400044
0.27160248
0.27445075
0.27278826
0.27655953
0.27224824
0.27300438
0.27329215
0.27262124
0.27137613
0.27440667
0.27248156
0.27406844
0.27112076
0.27460566
0.27102616
0.27480125
0.2744815
0.27194962
0.27146035
0.27212527
0.27686816
0.27113795
0.27252802
0.27248502
0.2708724
0.27381143
0.27334678
0.27394244
0.27451357
0.27268463
0.27257308
0.27229032
0.27518526
0.27311045
0.27436897
0.27359226
0.2751815
0.27670157
0.27767485
0.27861196
0.276654
0.27459607
0.27251935
0.27472192
0.27354452
0.27483216
0.27486795
0.27682787
0.2707256
0.2730836
0.2723136
0.2716207
0.2735806
0.27393946
0.26724103
0.271037
0.27232736
0.27379215
0.27908632
0.28018898
0.28060314
0.28383106
0.28360912
0.28156853
0.2852373
0.27515045
0.27990207
0.2771666
0.27629042
0.27717763
0.2799057
0.2775076
0.27641836
0.2758897
0.27743787
0.27829415
0.27754593
0.2825384
0.2761354
0.27710277
0.27509356
0.27475843
0.27897272
0.27576858
0.27614793
0.2789007
0.27537668
0.27656013
0.27437797
0.2750053
0.27446783
0.2767422
0.276296
0.2741525
0.2740848
0.27258086
0.274234
0.27459717
0.27151302
0.27171203
0.27396545
0.27231404
0.27355123
0.27756697
0.27358142
0.27320367
0.273061
0.27392432
0.27450857
0.271807
0.27312958
0.27516133
0.27381703
0.2735255
0.27068192
0.26985893
0.27379182
0.26987407
0.27236518
0.2742009
0.27766496
0.2710809
0.2719498
0.27249935
0.27533084
0.27137265
0.27166864
0.27488077
0.2686412
0.2707458
0.27254593
0.27046198
0.27312818
0.27002433
0.27191246
0.2717509
0.2662397
0.26700512
0.26798904
0.27348232
=============================================0.3283786
0.32520416
0.32688954
0.32782385
0.32512122
0.33026743
0.32438725
0.32413554
0.32261503
0.32421204
0.32398304
0.326262
0.322185
0.32315683
0.32308415
0.32414922
0.3247737
0.32841644
0.3288714
0.3270247
0.32547468
0.3264825
0.3280227
0.3247243
0.3263316
0.3246542
0.32663175
0.32427743
0.3219621
0.32432315
0.3251666
0.32849595
0.32629877
0.3306855
0.32939243
0.32767352
0.3281442
0.32794687
0.33080897
0.33233094
0.33100426
0.3271565
0.32933742
0.32841143
0.33303446
0.33284935
0.33183336
0.33234906
0.33402056
0.3329696
0.33130646
0.32742277
0.33109528
0.3322004
0.33203703
0.32845753
0.3277752
0.32410976
0.3254713
0.32786503
0.32597432
0.3216589
0.3252145
0.32603619
0.32761618
0.32293388
0.32124016
0.3238525
0.32351223
0.32526872
0.3280294
0.32816133
0.3285391
0.32898563
0.32879987
=============================================0.32977483
0.33280632
0.33645055
0.3338731
0.33860275
0.3352059
0.33626118
0.33660403
0.33392262
0.33554092
0.33183223
0.33283255
0.32978466
0.3300974
0.33126292
=============================================0.34198245
0.34341955
0.34354696
0.33579978
0.32612613
0.33663717
0.34097433
0.33640203
0.33985916
0.34798056
0.34327245
0.33889195
0.3356352
0.3394384
0.33745655
0.33513832
0.33485374
0.3363119
0.33657464
=============================================0.33829644
0.33929288
0.33444706
0.33272728
0.33300677
0.33152673
0.32558963
0.32893232
0.3295214
0.32689616
0.31910506
0.32205853
0.32360014
0.3228394
0.3249782
0.3262506
0.32566065
0.32074508
0.3249633
0.3198107
0.32771695
0.32992324
0.3226544
0.3224155
0.32133973
0.321943
0.32209253
0.32340866
0.32041362
0.31919834
0.31945458
0.32284194
0.32118925
0.3174963
0.3169056
0.31707698
0.31599292
0.31613088
0.3180926
0.31946173
0.32254407
0.32355806
0.32446843
0.3223527
0.3199854
0.32241452
0.32578912
0.32218024
0.32254776
0.32473817
0.32666248
0.32568985
0.32394546
0.32603374
0.31895295
0.3254085
0.32426298
0.3246983
0.32486674
0.3198783
0.31949905
0.31918517
0.31886822
0.31767875
0.31815684
0.3206266
0.3193173
0.31243196
0.31851634
0.32066756
0.3202907
0.32360792
0.32100135
0.3193265
0.3213996
0.31975943
0.31877574
0.31685042
0.32066646
0.31534988
0.31671962
0.31239843
0.31411737
0.3121651
0.31309888
0.31154248
0.31237605
0.31251857
0.3136017
0.31660643
0.31308243
0.3106257
0.3057185
0.31061688
0.30446067
0.3030849
0.30147144
0.30710602
0.30885026
0.308887
0.30639106
0.30266172
0.3058527
0.30745474
0.30625704
0.30765256
0.30695534
0.30850965
0.3108259
0.31053472
0.31073385
0.3087969
0.30869076
0.3071276
0.30644807
0.30811134
0.30887675
0.30766353
0.3083236
0.30537394
0.30948457
0.30805016
0.30559516
0.30383536
0.30604783
0.30195665
0.30318034
0.30384317
0.30350482
0.30427432
0.3043629
0.30238393
0.3032141
0.30149636
0.3035532
0.30684274
0.30711913
0.3087745
0.3044489
0.30409133
0.30213812
0.30708426
0.30558452
0.30886966
0.30789825
0.31035075
0.30984333
0.3077889
0.3089721
0.31222734
0.31030983
0.30952182
0.3070244
0.3083911
0.3037526
0.3065048
0.30677548
0.3009213
0.30295184
0.30566397
0.30079752
0.29946288
0.29887077
0.29918772
0.30495462
0.3076821
0.30400994
0.30053565
0.30025014
0.29969493
0.30059722
0.3027902
0.30279538
0.3016406
0.30036634
0.298921
0.30181125
0.30055353
0.29846573
0.29587403
0.29867545
0.29935628
0.29736388
0.29883638
0.29694676
0.29804277
0.29668647
0.29860494
0.29382044
0.2964223
0.29305536
0.29520306
0.29675093
0.2934168
0.29606277
0.29403758
0.29597282
0.2941816
0.29380324
0.29434234
0.293045
0.29704118
0.29805323
0.3013632
0.3006371
0.30231005
0.30263186
0.29739505
0.30050826
0.2983934
0.29965907
0.30133352
0.30289558
0.29961926
0.30435053
0.29922053
0.30196008
0.3033881
0.30161005
0.30099106
0.30320358
0.2984148
0.29964766
0.30270153
0.30753118
0.30848923
0.30607328
0.30638248
0.31138054
0.31024775
0.31019697
0.30893818
0.3079408
0.30588597
0.3058097
0.302608
0.30176088
0.30288377
0.30167902
0.30241963
0.30085403
0.30256698
0.29835185
0.30100057
0.29812953
0.30244026
0.3036929
0.30135962
0.3002638
0.30443677
0.30296388
0.2998683
0.30017033
0.30008084
0.29902515
0.30249318
0.3031679
0.30153248
0.2995659
0.30550525
0.3034086
0.3046557
0.30040988
0.30032787
0.3023936
0.3013667
0.30136442
0.30433232
0.3074772
0.3035654
0.30516943
0.30378905
0.30373493
0.3024069
0.30127653
0.30366522
0.30802104
0.30305967
0.30019853
0.30056486
0.2972873
0.2954395
0.2947913
0.29348865
0.29593307
0.29848528
0.2988728
0.29618928
0.29780817
0.30125293
0.30105346
0.2997182
0.30074364
0.30329806
0.30183572
0.299456
0.30106327
0.3015348
0.29836112
0.2975785
0.3035513
0.30279902
0.30250221
0.29836336
0.30219588
0.30120406
0.30310056
0.2988549
0.29416385
0.29406807
0.29215932
0.29299948
0.29177067
0.29272518
0.29002842
0.28685078
0.28545627
0.28908262
0.2902051
0.2922065
0.2859935
0.28218958
0.2868727
0.2861012
0.28542376
0.28936136
0.29344234
0.28596708
0.28627872
0.28902695
0.29153547
0.29269844
0.28898454
0.2861696
0.2860001
0.2837421
0.28352246
0.2854878
0.28637013
0.2865835
0.28962776
0.28864375
0.28759408
0.28691718
0.29040185
0.28716803
0.29195467
0.29034433
0.28881618
0.28612277
0.28107047
0.28257546
0.28400326
0.2852862
0.28616714
0.28291962
0.2869879
0.2849326
0.28543985
0.28163117
0.28535715
0.28686076
0.28769314
0.2830031
0.2831572
0.28313485
0.2789467
0.28568593
0.28251556
0.28205013
0.28152594
0.28501636
0.28042492
0.27983245
0.28039855
0.27985963
0.28002223
0.27812168
0.28150874
0.28267676
0.28146014
0.28100592
0.2815798
0.2803084
0.28164062
0.2863085
0.28167284
0.2829356
0.28455916
0.27851054
0.28130895
0.2817246
0.27976385
0.28049454
0.28292853
0.2859313
0.29062828
0.2930251
0.29422337
0.29353797
0.29147524
0.2935532
0.29386535
0.2913164
0.29116017
0.28692445
0.2891243
0.2869928
0.28681022
0.2941862
0.28883561
0.29085356
0.28784785
0.29169622
0.2943698
0.29023382
0.29690477
0.29129347
0.29355854
0.29634616
0.30094743
0.29840174
0.295838
0.29815647
0.29775742
0.2928944
0.29318044
0.29363838
0.29110935
0.29142824
0.29537606
0.29125777
0.29086956
0.29613152
0.2940416
0.29220837
0.29203445
0.29575297
0.29475862
0.29648057
0.29218903
0.28934625
0.28813916
0.28833213
0.2872067
0.28870684
0.29124898
0.29162407
0.2895503
0.29191288
0.28907186
0.28974095
0.28898025
0.28489375
0.28997844
0.2885972
0.28453904
0.28015706
0.28222188
0.28310224
0.28205118
0.28108472
0.28087392
0.2871149
0.28439367
0.2909328
0.28882065
0.28523967
0.28672963
0.28983492
0.28183156
0.28158766
0.2840366
0.2822923
0.2824219
0.28473917
0.28088242
0.28221422
0.27597988
0.27686164
0.2757289
0.27628732
0.27625653
0.28085634
0.2790062
0.28076354
0.27953002
0.2793698
0.28013197
0.28305146
0.28296655
0.28283873
0.28261408
0.28785878
0.282364
0.28606045
0.28524876
0.2866257
0.2861454
0.28370133
0.28496704
0.28544286
0.28461927
0.28422722
0.28150514
0.28398395
0.28163645
0.28232566
0.2809638
0.27998957
0.279812
0.28252268
0.28023586
0.28036842
0.28363067
0.28085333
0.28499585
0.28391296
0.28166538
0.28147608
0.284754
0.28594828
0.28367725
0.28185028
0.2848752
0.28923818
0.28525963
0.28487992
0.28760225
0.28694096
0.28319207
0.28464344
0.28775087
0.2864724
0.28708014
0.28812212
0.28780603
0.28950474
0.2906452
0.2877712
0.28803965
0.28585416
0.28691193
0.28213522
0.28413206
0.2833162
0.28642607
0.2816014
0.28056362
0.2841329
0.2839546
0.28155977
0.28168938
0.28327364
0.2810927
0.28063825
0.27642012
0.27551064
0.2770166
0.27881527
0.2788514
0.2760443
0.27994132
0.27677083
0.28018758
0.27827892
0.27444515
0.27692735
0.27695784
0.2770191
0.28040624
0.27918455
0.2778963
0.27715394
0.27694947
0.27522865
0.27331015
0.27525964
0.27558053
0.2752432
0.27697515
0.27209088
0.274774
0.27620664
0.27280885
0.2740846
0.27167663
0.2764085
0.27148312
0.27433282
0.2763309
0.2749981
0.27451712
0.27107978
0.2697952
0.27275953
0.2709234
0.27275354
0.27052918
0.26952043
0.26994258
0.27071044
0.26990667
0.2713135
0.27188277
0.27235314
0.27289492
0.26964083
0.2754497
0.27594128
0.2754135
0.27722046
0.2720645
0.2763059
0.2772982
0.2760263
0.27664512
0.27443877
0.2757104
0.2767026
0.2775384
0.2774958
0.27173883
0.27243254
0.27275872
0.26896676
0.27352703
0.27323216
0.26972905
0.27023324
0.26963812
0.2703926
0.26997328
0.269471
0.2738382
0.27255797
0.27515823
0.27674028
0.27841058
0.27629057
0.27645501
0.27696496
0.27854514
0.27866247
0.2775703
0.2789558
0.27615777
0.2779547
0.27665138
0.27988952
0.27872887
0.27965304
0.28373733
0.27858004
0.2814589
0.2814724
0.2814252
0.27596194
0.28115883
0.27942842
0.28031695
0.27861622
0.27939045
0.27663183
0.28058115
0.27578163
0.27452284
0.2748829
0.2742681
0.27644113
0.27843168
0.27282152
0.27677876
0.2768673
0.27855128
0.2783492
0.2783898
0.2761894
0.27557397
0.28001842
0.27535483
0.27117187
0.27413958
0.27618128
0.27188316
0.27810287
0.2720897
0.27642575
0.27523512
0.27566352
0.27390656
0.27477166
0.2728574
0.27487352
0.27095675
0.27100304
0.271404
0.2708245
0.26948887
0.27064714
0.27331334
0.2704355
0.2738668
0.27004194
0.27480388
0.27066848
0.27130252
0.2728391
0.26923653
0.27011234
0.2691339
0.27349946
0.27179945
0.2696203
0.27082458
0.26805982
0.26567912
0.2652917
0.2633558
0.26557392
0.2671598
0.26502147
0.26444012
0.26494095
0.2637197
0.2617852
0.26568574
0.2600818
0.26764867
0.26026174
0.26369438
0.26746103
0.26166025
0.26765916
0.26414385
0.26393715
0.2629644
0.26765677
0.2633221
0.26629147
0.2673045
0.26807162
0.26518905
0.26981148
0.26658735
0.26451772
0.26553097
0.26450473
0.26921552
0.26980183
0.2699611
0.2687819
0.268992
0.2703092
0.26557356
0.26548606
0.26578134
0.26313427
0.2630366
0.26203522
0.2664542
0.25981793
0.262969
0.26785713
0.26622367
0.26477948
0.26346534
0.26280084
0.26317284
0.26198742
0.26218277
0.26469922
0.2676525
0.26541996
0.2664165
0.26520923
0.26578078
0.2658394
0.26807505
0.27097842
0.2675069
0.27021548
0.27033386
0.27216077
0.26882085
0.2687035
0.26763985
0.2670729
0.2684018
0.2657117
0.26236874
0.26227424
0.26282433
0.2638853
0.26447344
0.26189765
0.26371017
0.2644197
0.2639525
0.2626828
0.26118785
0.26454455
0.26046047
0.2644739
0.2620022
0.26212525
0.26324928
0.26274106
0.26334092
0.26111397
0.26389986
0.25850353
0.25727525
0.25987843
0.2575185
0.26145935
0.2586193
0.2589642
0.25676632
0.26004067
0.26097247
0.25874764
0.2594808
0.2593679
0.2630336
0.25806546
0.26235032
0.25305423
0.25518224
0.25807494
0.2560722
0.2586835
0.25659534
0.25939447
0.25732034
0.25588742
0.2585837
0.2580679
0.25318766
0.25702
0.25463247
0.25864682
0.2584918
0.2603248
0.25575572
0.25820565
0.2589
0.25755212
0.25437832
0.25945717
0.25612375
0.25894144
0.2591731
0.2545682
0.256555
0.25648588
0.252206
0.25236687
0.25848055
0.25609726
0.25958237
0.25964323
0.2614549
0.26220655
0.26180205
0.26056728
0.2588415
0.2624972
0.26252422
0.26193625
0.26176468
0.2640728
0.26241943
0.2609788
0.2593363
0.26108304
0.25806218
0.25835347
0.26147482
0.26010218
0.2639719
0.26104233
0.2604509
0.25876188
0.2627247
0.25945696
0.25828707
0.25836846
0.25837037
0.25596812
0.26135442
0.25966036
0.2592237
0.2559954
0.25753418
0.25419095
0.2552339
0.25556
0.25454348
0.25680614
0.25915113
0.25580665
0.26068264
0.25434354
0.25833806
0.25866178
0.25182196
0.25479972
0.2540306
0.25508788
0.25245896
0.2605473
0.2590011
0.2544836
0.2563489
0.25852087
0.25800243
0.25643688
0.2541848
0.25325546
0.25231534
0.25427243
0.2585791
0.25987348
0.25859624
0.25454912
0.2550656
0.255376
0.25775838
0.25484836
0.25068524
0.25500634
0.2542881
0.25324014
0.25557616
0.25246134
0.256737
0.25146502
0.25449696
0.2585679
0.2560719
0.257977
0.25782093
0.25597453
0.25456205
0.25717464
0.2576606
0.25751022
0.2606421
0.25669786
0.2634165
0.26063225
0.25819394
0.25609213
0.2517184
0.257219
0.25681382
0.25349244
0.2561707
0.25414082
0.25629687
0.25691077
0.25611112
0.25451723
0.2570602
0.25328904
0.25167066
0.25157407
0.25103667
0.25097892
0.25561094
0.25201562
0.25366804
0.25357816
0.2552554
0.25554267
0.2553698
0.25284716
0.2512687
0.25452864
0.2518755
0.25305778
0.2505215
0.25206956
0.25265393
0.2542253
0.255939
0.25433636
0.25480846
0.25606957
0.25503024
0.25292647
0.25277555
0.25310248
0.25197077
0.25330564
0.25571537
0.2504623
0.25244096
0.25365472
0.2520236
0.25068408
0.25158617
0.25417605
0.25465807
0.25482932
0.25622088
0.25349107
0.25576127
0.25691736
0.25213525
0.25239286
0.25263155
0.25410834
0.25284076
0.25110883
0.25033408
0.2513742
0.25405517
0.25592765
0.2511986
0.25426063
0.2514662
0.25288853
0.25303108
0.25727725
0.2578474
0.25721142
0.25491935
0.25630236
0.25258723
0.25625435
0.25309944
0.2573086
0.25487772
0.2522529
0.2518519
0.25735816
0.2566186
0.25565976
0.2546887
0.2541999
0.256644
0.25419113
0.25327274
0.25261277
0.25009677
0.25461122
0.25499746
0.25250602
0.25399515
0.2505488
0.25142804
0.25229904
0.25153232
0.2523285
0.25051737
0.24739456
0.250887
0.2471457
0.25060377
0.24681644
0.24982062
0.24734138
0.25001487
0.249476
0.24600367
0.24876824
0.25067124
0.2492793
0.25071517
0.2517756
0.25246623
0.2504783
0.24836603
0.25622314
0.2532487
0.2511109
0.24961329
0.25068623
0.2528065
0.25169787
0.25003424
0.24949418
0.24690843
0.24941407
0.24950324
0.25218105
0.25472865
0.25245962
0.25333712
0.25036186
0.2539049
0.2515287
0.25025675
0.2546283
0.25008425
0.25282118
0.25229964
0.24754086
0.24949546
0.2515042
0.24814849
0.24914587
0.24950723
0.25009528
0.24474697
0.25066635
0.2510123
0.25046927
0.24870539
0.2509089
0.24906822
0.25029185
0.25193316
0.25254676
0.25148192
0.2497067
0.25377956
0.25012395
0.250586
0.25097156
0.25170293
0.24912825
0.25153756
0.25072414
0.2522903
0.24982242
0.2501031
0.2522574
0.25387326
0.2558458
0.25656947
0.25520125
0.25469485
0.2544722
0.2525912
0.25423
0.25062662
0.24951234
0.24998413
0.24863353
0.247891
0.24770688
0.24908845
0.25044826
0.24888134
0.24784003
0.24833469
0.2442015
0.24854289
0.24764407
0.24838734
0.25037628
0.24900313
0.24957113
0.24918869
0.25175023
0.25664267
0.24885638
0.252195
0.253333
0.24906646
0.24959385
0.24960065
0.24716543
0.24830797
0.24905334
0.24976113
0.25059977
0.2484521
0.24844816
0.24933939
0.24860588
0.2484453
0.25293204
0.24696074
0.24758862
0.24825643
0.24923073
0.24754758
0.24758957
0.24813738
0.24478923
0.24880739
0.24580173
0.24943022
0.24817124
0.24590431
0.24413167
0.24965563
0.24589507
0.24782239
0.24837835
0.25219008
0.24976681
0.24666701
0.24852987
0.24491926
0.24836884
0.25180957
0.24816094
0.24555385
0.25145617
0.2533977
0.25018507
0.25121814
0.24991742
0.24904762
0.25283435
0.24959035
0.24585377
0.25275525
0.24797502
0.25180253
0.24971838
0.2488627
0.25063148
0.249963
0.2501455
0.2495483
0.24597345
0.24955104
0.24712753
0.24903312
0.2508735
0.25063926
0.24695472
0.24879661
0.24802628
0.25191793
0.25133345
0.24933453
0.24951462
0.25033098
0.24732175
0.24631067
0.24733023
0.25005212
0.24512883
0.24765073
0.24748431
0.24860592
0.24811034
0.24576044
0.24883251
0.24976507
0.25164595
0.25196347
0.25072142
0.2491093
0.24966641
0.24813204
0.24920455
0.25116965
0.24903679
0.24907187
0.25057217
0.25110528
0.2528455
0.24823783
0.24628186
0.25068164
0.24975453
0.24932556
0.24788462
0.2464783
0.24747077
0.25002003
0.25265855
0.25256443
0.24991135
0.25009724
0.2491728
0.24534717
0.24505793
0.24692741
0.2475647
0.24645142
0.24774821
0.2510009
0.24975398
0.24739943
0.24979949
0.25305
0.25249764
0.24910676
0.2477612
0.24710976
0.24891882
0.2461516
0.24878263
0.24491425
0.24908982
0.24966995
0.24502102
0.24821
0.2445563
0.24580203
0.2466396
0.24555568
0.2478925
0.2508379
0.24305086
0.24437456
0.24388173
0.24513769
0.24420753
0.24722803
0.2438596
0.24628286
0.24663587
0.24677506
0.24358447
0.24590793
0.24747172
0.24713016
0.24537735
0.24310318
0.24555507
0.24435316
0.24207106
0.24259703
0.2409123
0.24456266
0.24549055
0.24487625
0.2422417
0.24248247
0.24410132
0.24228983
0.244414
0.24239469
0.2435462
0.24354284
0.24750724
0.2423846
0.24408908
0.24542463
0.2438211
0.24876694
0.2455029
0.24742313
0.24949236
0.24774435
0.24606004
0.24873912
0.24887128
0.24712758
0.24499781
0.24542013
0.24573262
0.24810958
0.2476816
0.24481903
0.24466085
0.24780157
0.24372378
0.24795619
0.24587436
0.24666873
0.24777904
0.24814701
0.24828613
0.2477889
0.25061637
0.24953721
0.24897376
0.251371
0.24872763
0.2519552
0.25247377
0.24958356
0.252239
0.25199667
0.25072283
0.25068504
0.25026488
0.2496355
0.25112972
0.24987769
0.24774928
0.24905992
0.24996391
0.2522207
0.24965878
0.24999438
0.24834202
0.2484514
0.24729995
0.24855642
0.24663793
0.25180325
0.24868135
0.24983029
0.25011346
0.24727543
0.24818082
0.2486265
0.25017282
0.24916187
0.24397965
0.24934272
0.24554725
0.2439479
0.24682121
0.24862793
0.24879335
0.2512428
0.25087386
0.24740039
0.25048313
0.24665523
0.24961486
0.24848035
0.24853039
0.25258574
0.24886373
0.25224763
0.24998544
0.2493824
0.25180897
0.24985395
0.24742456
0.24998593
0.24987733
0.24990189
0.2488154
0.24412718
0.24605048
0.2486929
0.25027356
0.24977055
0.24798322
0.2489531
0.24533807
0.24851508
0.24551225
0.24775068
0.2467978
0.24914925
0.24697934
0.24655655
0.246936
0.24518886
0.24558163
0.24543
0.2491601
0.25373107
0.25098595
0.25162098
0.25459328
0.2530759
0.25127316
0.24987383
0.24953671
0.24675715
0.24767502
0.24781977
0.25236687
0.24945533
0.24871676
0.24921171
0.2488658
0.24473882
0.24706955
0.247966
0.24666868
0.24816804
0.2510607
0.24589112
0.24584758
0.25013372
0.24936478
0.24546115
0.24469273
0.24649833
0.24537718
0.24588561
0.24445081
0.24573897
0.24657062
0.24578719
0.24382816
0.2439204
0.24686466
0.24549933
0.24642734
0.24891786
0.24908285
0.24854307
0.24633555
0.25030002
0.25102925
0.24689613
0.24339981
0.24313223
0.24568024
0.24553624
0.2459917
0.24586645
0.24287105
0.24532235
0.24472944
0.24227981
0.24302201
0.24215078
0.24668442
0.24397202
0.24318509
0.24334374
0.2459458
0.2433796
0.24315791
0.24470678
0.24422531
0.24287395
0.243325
0.24696127
0.24540074
0.24339513
0.24558607
0.24561296
0.24599436
0.24242209
0.24555826
0.24445136
0.24296597
0.24457887
0.245441
0.2427186
0.24239779
0.24541609
0.24374242
0.24424005
0.24675603
0.24305163
0.24515437
0.24362674
0.24657045
0.24103867
0.24338642
0.24267285
0.24307056
0.24440984
0.24477577
0.24311824
0.24515462
0.2446479
0.24288845
0.24502091
0.2457474
0.24427037
0.24382234
0.24263234
0.24241672
0.24108267
0.23857851
0.240453
0.2416617
0.241712
0.24667536
0.24592423
0.24155764
0.24486406
0.24292699
0.24275894
0.24735963
0.24611922
0.24762276
0.24455357
0.2460217
0.24418573
0.2455173
0.24534479
0.24324389
0.24588011
0.24475296
0.24500573
0.24865083
0.24393539
0.24322696
0.24576393
0.24473901
0.24163178
0.24212109
0.24497168
0.24380183
0.24200502
0.24284263
0.24496393
0.24519634
0.24567337
0.24600755
0.24701941
0.24648857
0.24613288
0.24552862
0.248439
0.24644266
0.24403714
0.24513963
0.24203347
0.2425764
0.24444996
0.24289766
0.24556899
0.24562316
0.24767934
0.24499922
0.2431232
0.24461702
0.24254237
0.24413148
0.2438215
0.2432673
0.2429832
0.24418549
0.24291615
0.24634536
0.24352865
0.24592094
0.24450055
0.24480157
0.24544995
0.24693862
0.24464415
0.24549809
0.2475616
0.24693595
0.25087485
0.25028205
0.24684048
0.2462713
0.24685346
0.24263816
0.24427341
0.24670815
0.24916852
0.24550104
0.24484955
0.24556927
0.24385424
0.24224658
0.24722038
0.24580638
0.24612422
0.24543348
0.2445672
0.24230205
0.2442454
0.24348488
0.24120894
0.2405769
0.23993674
0.24109688
0.24289547
0.24098201
0.24267176
0.24114175
0.24298792
0.24014239
0.23943043
0.24117637
0.2370684
0.24263142
0.24268866
0.2422093
0.2434309
0.24528117
0.2443587
0.24131353
0.24146843
0.24020301
0.2389615
0.24491155
0.2453841
0.24426988
0.24066262
0.24149905
0.2406222
0.2415986
0.24424353
0.2389851
0.23965473
0.24280424
0.24247256
0.2383142
0.24359031
0.24049206
0.2424409
0.23862882
0.24093142
0.23931961
0.23989089
0.23813096
0.24111743
0.2414073
0.24441151
0.24277511
0.24415222
0.24092722
0.23834483
0.2398098
0.24107285
0.24143353
0.24295549
0.24196124
0.24233203
0.24546659
0.24141912
0.24207793
0.24059634
0.24709539
0.24115749
0.24289969
0.24308157
0.24396014
0.24128138
0.24318214
0.242752
0.24063353
0.24220733
0.23766546
0.24372683
0.24192639
0.24390845
0.24030855
0.24149166
0.2397851
0.24167037
0.24168666
0.23861666
0.24006768
0.24135888
0.24113742
0.24151252
0.24048105
0.24132572
0.24203806
0.2420721
0.24336807
0.23945904
0.241044
0.2427012
0.23846379
0.24597846
0.24587755
0.2469488
0.24647355
0.24877453
0.24889763
0.24452543
0.24563174
0.24380255
0.24472061
0.24567552
0.24582353
0.24504116
0.24318862
0.24499464
0.2427469
0.24167863
0.24307239
0.24994913
0.24990693
0.24822746
0.2481957
0.24473415
0.24919379
0.24435191
0.24795668
0.24383795
0.23942958
0.2440105
0.2437969
0.24289143
0.24007492
0.24391758
0.24260354
0.24004729
0.24180141
0.24002731
0.24363421
0.23871377
0.24219799
0.24278894
0.24278407
0.23876415
0.24110198
0.24018045
0.24508873
0.24176386
0.2428299
0.23856936
0.23745461
0.24032055
0.23938368
0.23893933
0.24040036
0.23968421
0.23909989
0.23969065
0.24189757
0.2394888
0.24473107
0.2418276
0.24252658
0.24336736
0.24242882
0.2438463
0.24227102
0.24303472
0.24573986
0.24069004
0.24022889
0.2396647
0.24306066
0.24255052
0.24037771
0.24530315
0.24199764
0.24164405
0.24411249
0.24354914
0.24154654
0.24480604
0.24454533
0.24842536
0.2427003
0.24332233
0.24355903
0.24788569
0.24529724
0.24875502
0.24159288
0.24408773
0.24520047
0.24590738
0.24870618
0.24608253
0.24592042
0.24299529
0.24429588
0.24290104
0.24979067
0.24614711
0.2426362
0.24815825
0.24765678
0.24425416
0.2501944
0.25159925
0.24435465
0.2483375
0.24639152
0.24722128
0.24705043
0.24555421
0.24699274
0.2487917
0.24547032
0.25131795
0.24991289
0.24643765
0.24869113
0.24711354
0.24647808
0.24910538
0.25242767
0.25101924
0.24867855
0.25195464
0.24701706
0.24851637
0.24799152
0.24823423
0.24731734
0.24970746
0.24956155
0.2454216
0.24829207
0.24810143
0.24759722
0.24662371
0.24736221
0.24482465
0.24326578
0.24589689
0.24585076
0.2455811
0.24637003
0.24800396
0.24798122
0.24955921
0.25136018
0.24499913
0.24908793
0.2445869
0.25105777
0.25104108
0.2466445
0.24688387
0.24855793
0.24541913
0.24754801
0.24761514
0.24732022
0.24466133
0.2437741
0.24865103
0.24164
0.24754734
0.24760108
0.24506338
0.2467659
0.2473589
0.2429997
0.24322557
0.2441326
0.24762212
0.2505103
0.24681091
0.24520211
0.24803267
0.24854861
0.24556158
0.24710457
0.24757305
0.24782112
0.24807484
0.24761312
0.24969447
0.24885951
0.25165626
0.24971452
0.25136945
0.25188646
0.2502147
0.24857502
0.2508032
0.25045308
0.2479527
0.25012308
0.2516623
0.2480958
0.24887657
0.25003776
0.24964432
0.2480493
0.24624844
0.24449454
0.24590664
0.24217558
0.24855772
0.24744728
0.24474196
0.2480431
0.24494736
0.24629922
0.24556795
0.2440443
0.24463718
0.24462716
0.24672547
0.24353175
0.24215136
0.24416986
0.24248266
0.24420153
0.24453588
0.2459269
0.2440317
0.24745403
0.24403131
0.24394806
0.24511352
0.24813616
0.24513002
0.24044497
0.24325748
0.24380134
0.24325624
0.2439432
0.23981133
0.24410139
0.24177328
0.24805076
0.24286905
0.24489455
0.24360617
0.24432479
0.24447377
0.24051271
0.24369879
0.2470676
0.24194221
0.24161844
0.24448
0.24219458
0.23859444
0.24148369
0.24103947
0.24360596
0.24602346
0.2447897
0.24165718
0.24239926
0.2443331
0.24193454
0.24464603
0.24276738
0.24209104
0.23989402
0.24377437
0.24296878
0.24371731
0.24150577
0.24533892
0.24360047
0.24243231
0.24132195
0.2449533
0.24148631
0.2403486
0.24016276
0.24094525
0.23892836
0.24131389
0.23907848
0.24142423
0.24202673
0.239852
0.23997985
0.23914647
0.24274293
0.24145687
0.23963349
0.23984139
0.23978882
0.23949158
0.24252109
0.23934627
0.24133924
0.23562847
0.2378259
0.24390145
0.2403963
0.24302927
0.24227746
0.24254489
0.23973508
0.24370876
0.23704724
0.23908854
0.23822168
0.235238
0.23745947
0.23799165
0.2380703
0.24000542
0.23972435
0.2419765
0.24411319
0.24272493
0.24128528
0.24019514
0.23857914
0.23777795
0.23760615
0.24220029
0.23908885
0.24012294
0.23902689
0.24012108
0.2365037
0.23630099
0.23983207
0.2379841
0.24057356
0.239415
0.24195519
0.23950253
0.2394876
0.2394772
0.23905003
0.23866045
0.24005769
0.23691292
0.23719569
0.23944555
0.2406817
0.23739515
0.24121201
0.23777106
0.23902635
0.23780127
0.24042974
0.24214998
0.24538866
0.2416184
0.24259625
0.24397467
0.24337374
0.24202333
0.24115096
0.2438546
0.24268337
0.2427213
0.2447125
0.24280512
0.23999558
0.24361995
0.24076743
0.24485007
0.23942594
0.24224968
0.24158211
0.24023235
0.24286202
0.24245015
0.23999487
0.2382804
0.23807894
0.24246433
0.24087825
0.24331923
0.24218658
0.24012895
0.24308443
0.2418826
0.23699713
0.24120598
0.24060118
0.24187468
0.24301124
0.24399577
0.24467762
0.24010324
0.24355347
0.23723511
0.24184027
0.2408196
0.2394694
0.23923054
0.24341927
0.23970774
0.24475084
0.24053791
0.24182168
0.24332777
0.24093199
0.23988591
0.24043484
0.24128667
0.24157214
0.24157548
0.24220963
0.2381755
0.24047013
0.24102508
0.24303007
0.24020024
0.24501882
0.23970209
0.23967353
0.24091959
0.2419101
0.23592977
0.23933606
0.24271488
0.24001423
0.23858719
0.24186216
0.23981757
0.2381221
0.23992422
0.2397127
0.23983283
0.23745966
0.24205767
0.24181953
0.2346202
0.2379901
0.23889284
0.23836365
0.24021883
0.23921542
0.23561552
0.23697825
0.23515515
0.23199539
0.23629956
0.23910657
0.23875819
0.24098347
0.2440435
0.24482618
0.24920686
0.2556777
0.25135922
0.24932669
0.2538812
0.25150266
0.25082865
0.24746247
0.24987502
0.24761863
0.24773674
0.24778259
0.24974585
0.2476811
0.24738352
0.24543273
0.24617472
0.25004438
0.24715045
0.2470711
0.24512176
0.24386488
0.2481124
0.24693373
0.243438
0.24516764
0.2432591
0.24423586
0.24656
0.24720617
0.2511271
0.24777822
0.24336354
0.24379352
0.24516383
0.24611591
0.24054828
0.24411884
0.24373512
0.24261029
0.2476228
0.24730091
0.24741898
0.24408622
0.24926691
0.24482548
0.24562192
0.25012574
0.24496011
0.24456497
0.24473992
0.24409974
0.24282137
0.24796584
0.24908634
0.2483068
0.24929717
0.24224964
0.24809065
0.2454311
0.24256416
0.24944268
0.24993931
0.25258222
0.25511837
0.26060516
0.26353508
0.26128146
0.2605268
0.26060677
0.25825223
0.25886977
0.25986484
0.25790936
0.2589994
0.25571394
0.25442782
0.26195645
0.25696513
0.25789666
0.25687954
0.253906
0.256186
0.25712797
0.26081514
0.25768128
0.25930178
0.25727782
0.2540941
0.25683346
0.2557208
0.255591
0.25275394
0.25055054
0.2531294
0.2500784
0.2518734
0.2530921
0.25240484
0.2503697
0.25025755
0.24712291
0.24832411
0.25007766
0.2494391
0.24852394
0.24978988
0.24691382
0.2516292
0.25049612
0.24684644
0.2530846
0.25170788
0.24957334
0.24896617
0.2499107
0.24920903
0.25354758
0.2520967
0.24962507
0.24639297
0.24920765
0.24892549
0.25064993
0.24934924
0.25272977
0.2544118
0.2500198
0.25099593
0.25012177
0.2531345
0.24945216
0.25091153
0.24824023
0.24729581
0.24688132
0.2467707
0.2509757
0.2475448
0.24729112
0.24786286
0.249402
0.24505122
0.24735191
0.24626227
0.2471211
0.24848972
0.24569726
0.24719453
0.2454456
0.24716488
0.24773522
0.24886523
0.24555741
0.24533267
0.24351168
0.24406476
0.24553977
0.24367373
0.2455639
0.24446045
0.24366108
0.24381857
0.24622679
0.24190235
0.2458128
0.2460145
0.24509735
0.24145436
0.24261223
0.24146242
0.24414971
0.24536005
0.24606071
0.24467812
0.24469896
0.24472196
0.24749593
0.24659167
0.24582444
0.24562572
0.25047812
0.24667862
0.24828811
0.25004563
0.24839444
0.24724786
0.24388313
0.24231716
0.24634826
0.24282758
0.24558453
0.2441989
0.2409817
0.24441938
0.24300776
0.24215245
0.24414603
0.24423471
0.24247102
0.24238603
0.24117589
0.24109907
0.24296187
0.24254651
0.24117886
0.24208991
0.24339235
0.241802
0.23915373
0.24249278
0.24033438
0.24008217
0.23831868
0.24067192
0.24038744
0.24071465
0.24048273
0.23850666
0.24085525
0.24128275
0.23811916
0.2383646
0.24292736
0.24265806
0.2420127
0.24189429
0.24094544
0.24211195
0.24380891
0.2451508
0.24354997
0.2418139
0.24479143
0.24252668
0.23908341
0.24238673
0.241671
0.24286638
0.24104308
0.24234433
0.24013972
0.24586995
0.24399059
0.24426566
0.2409029
0.2411934
0.23927651
0.24124408
0.24367736
0.23675564
0.23802693
0.24120863
0.23806934
0.23798941
0.24017273
0.24092148
0.23918763
0.24065673
0.24123187
0.24091096
0.23706765
0.23795043
0.24170661
0.24014607
0.23695254
0.23820262
0.23863363
0.24098103
0.24009295
0.24131761
0.24041258
0.23919038
0.23918323
0.24320988
0.23834924
0.23973523
0.23568784
0.24139862
0.24048722
0.23826197
0.24096103
0.23992042
0.24108505
0.236937
0.23829038
0.24158859
0.23905312
0.24105425
0.24392357
0.24322708
0.23904066
0.24099286
0.23815298
0.24027948
0.2436744
0.24238972
0.2420368
0.23874633
0.24054769
0.24136925
0.23930588
0.24096183
0.24183999
0.24166988
0.2430687
0.24031273
0.237635
0.24315472
0.24059911
0.24474774
0.24155109
0.2446241
0.23886974
0.24405666
0.24518828
0.23888166
0.24464932
0.24055476
0.24224441
0.24043146
0.2424352
0.24197786
0.2391177
0.24520555
0.24124627
0.24425092
0.24500597
0.24435358
0.24394861
0.24350873
0.24205676
0.24255148
0.24188189
0.24318075
0.2420073
0.24609716
0.24222092
0.24374114
0.2498157
0.24393645
0.24736781
0.2443717
0.2462204
0.24369028
0.24202183
0.24390359
0.24510057
0.24338782
0.24118154
0.243504
0.24278128
0.2450803
0.24382539
0.24559331
0.24398927
0.24605934
0.24525754
0.24637523
0.24472605
0.2455947
0.24406531
0.24309006
0.24469264
0.24441753
0.24376722
0.24111067
0.2386237
0.2407352
0.24379313
0.2439786
0.24113147
0.2451456
0.24105158
0.24116047
0.2385035
0.24575166
0.24008894
0.24468847
0.24507232
0.24316792
0.24317615
0.2435919
0.24081841
0.24463944
0.2402962
0.23921919
0.24313127
0.23694669
0.2386184
0.242267
0.23815961
0.23961651
0.24139595
0.24296997
0.23671003
0.23934226
0.23970008
0.23802955
0.2407841
0.24120203
0.2413281
0.24053936
0.23898326
0.23881982
0.2389146
0.23951776
0.23569949
0.23804908
0.23958288
0.23925531
0.23920198
0.23824063
0.24115172
0.24051073
0.24087106
0.23834622
0.2381758
0.23761635
0.23886435
0.23616102
0.23954602
0.23740302
0.23525114
0.23794673
0.23895636
0.24132596
0.24268313
0.2446724
0.24198647
0.23650669
0.23957896
0.23952554
0.23879877
0.24257152
0.23812377
0.23880915
0.23609331
0.23982964
0.2343105
0.23546503
0.23945916
0.23474553
0.23732586
0.23396765
0.23704855
0.23802221
0.23591752
0.23569477
0.23412657
0.23840995
0.2377579
0.23546492
0.23813438
0.23900147
0.23775855
0.23603253
0.24159446
0.23542945
0.2383985
0.23390666
0.24203072
0.23860207
0.23444681
0.23802471
0.23631655
0.23776047
0.2378213
0.23587823
0.23921335
0.23356107
0.24062744
0.23904024
0.23897958
0.23626824
0.2371569
0.23687935
0.23647635
0.23739229
0.24263148
0.24162436
0.23905039
0.23972042
0.23772462
0.2400916
0.2388248
0.23568606
0.23723708
0.24067031
0.23816477
0.23856302
0.23436289
0.23450756
0.23805726
0.23275533
0.23688398
0.23585872
0.23479202
0.23474355
0.23696847
0.23490648
0.24006481
0.23650086
0.23438025
0.2344121
0.23584609
0.23455544
0.2339191
0.2347102
0.23219457
0.23638664
0.23176304
0.23160107
0.23051421
0.23264568
0.23240402
0.23510349
0.23484063
0.23540092
0.2336288
0.23403947
0.23281126
0.23428927
0.23066328
0.23543464
0.23575144
0.23449694
0.23552509
0.23513909
0.23835249
0.23800366
0.23489527
0.23928308
0.23619728
0.2346222
0.23642515
0.23350297
0.23142226
0.2304089
0.23049359
0.23265007
0.23799615
0.23491536
0.23394589
0.23258309
0.23093262
0.23560797
0.23439173
0.23252025
0.23314233
0.23222671
0.2372701
0.23293392
0.2315739
0.2326771
0.23332214
0.22894335
0.23314257
0.23041196
0.23533829
0.23670983
0.2329216
0.23544136
0.23435397
0.23368602
0.23308054
0.23197384
0.23458362
0.23325935
0.2346772
0.23422252
0.23618643
0.23647538
0.23558393
0.23789833
0.23131266
0.2351952
0.23453303
0.23116057
0.23543422
0.23379408
0.23826683
0.23509364
0.23249288
0.23306938
0.23351803
0.23237573
0.23171578
0.22942328
0.23102728
0.23515144
0.23313384
0.23456489
0.23567258
0.23402305
0.23418601
0.2313861
0.23546474
0.23421489
0.23164998
0.23460722
0.23420024
0.23265758
0.23280726
0.23372042
0.23436832
0.23169203
0.23699656
0.2315278
0.23372903
0.23347802
0.23597507
0.23220716
0.23236148
0.23443075
0.235386
0.2364726
0.23563986
0.23565769
0.2360096
0.23753019
0.23828845
0.2352952
0.23374577
0.23608895
0.23065464
0.23007737
0.23227549
0.23022321
0.23343192
0.23026748
0.22860987
0.2315865
0.22965351
0.23261939
0.23102875
0.2326997
0.2349448
0.23489885
0.23111777
0.23231618
0.23245716
0.23048507
0.22912188
0.23442827
0.23343599
0.23070589
0.23091774
0.23399387
0.23094583
0.23071961
0.23309489
0.23462737
0.23234494
0.2361534
0.23369093
0.23107839
0.23602496
0.23206758
0.23382388
0.23136921
0.22869308
0.2311553
0.23603554
0.23261526
0.23697041
0.23768978
0.2350918
0.23777719
0.23535557
0.23221111
0.23072286
0.23140863
0.23226896
0.23628382
0.23385826
0.23533054
0.23472734
0.23129407
0.2321838
0.23089893
0.23226301
0.22998793
0.23040037
0.23217459
0.23465705
0.23428714
0.23548715
0.23456395
0.23660736
0.23639742
0.23583551
0.23275343
0.23283377
0.23571141
0.23342083
0.22935925
0.23231414
0.22958736
0.22780299
0.23150979
0.23133333
0.22921923
0.23230754
0.23168543
0.2280488
0.23400438
0.23520377
0.23303281
0.23139606
0.230961
0.22848073
0.22972655
0.23117952
0.2314496
0.22994418
0.2300242
0.23090272
0.23108946
0.22910933
0.23366237
0.22750473
0.22807617
0.23274028
0.23088434
0.23296075
0.23205124
0.23247083
0.23186629
0.22793269
0.22984956
0.22926703
0.23163891
0.2265452
0.22801791
0.22749119
0.23110853
0.23067796
0.22941034
0.23214184
0.22800127
0.23266535
0.23306882
0.23076998
0.22914164
0.23195365
0.2339531
0.23419464
0.2318923
0.23077941
0.23522234
0.23791552
0.23542967
0.23565738
0.23429766
0.23470752
0.23426715
0.23579207
0.23602156
0.23849332
0.23729138
0.2363485
0.23611526
0.23603964
0.23679863
0.23708816
0.23641396
0.23389669
0.23620117
0.23697317
0.2335573
0.23685646
0.2366126
0.23279224
0.23767291
0.2373867
0.23602633
0.23808508
0.23699294
0.23449972
0.2328252
0.2332573
0.23329566
0.23615812
0.23554173
0.23495975
0.23249625
0.23598571
0.2336378
0.23411082
0.23721233
0.23373751
0.234966
0.23561345
0.23755078
0.23483185
0.23456262
0.23379974
0.23388925
0.2350153
0.23383394
0.23446944
