=============================================0.34294325
0.3468741
0.34242854
0.3517634
0.34235
0.3421359
0.3406726
0.33785942
0.34319934
0.34398165
0.33668062
0.33736506
0.3356448
0.34081683
0.3408668
0.3370081
0.33899602
0.3398645
0.33815527
0.3366551
0.34046623
0.33570892
0.33333072
0.33323026
0.3373408
0.33329388
0.33751035
0.33292383
0.3323858
0.3301123
0.33102512
0.32842466
0.3283126
0.3287221
0.32661584
0.3281456
0.3275343
0.32836196
0.33233118
0.3282705
0.3303306
0.3289485
0.33052325
0.33037767
0.3305732
0.33131197
0.33327737
0.3315517
0.32939598
0.3304965
0.33032832
0.32980263
0.33206436
0.3323679
0.33041307
0.3299012
0.3283238
0.33437738
0.33226547
0.33170003
0.32838342
0.3308965
0.32986435
0.33108458
0.33049914
0.33138952
0.3346006
0.3335187
0.33494768
0.33142397
0.3304293
0.33051488
0.32646295
0.32869473
0.3280979
0.32913867
0.32881576
0.32868436
0.32533795
0.32803163
0.32728115
0.32514864
0.3268564
0.32456967
0.32426557
0.32227457
0.32343775
0.32495204
0.3268996
0.32745644
0.32642874
0.32434645
0.32527766
0.32298052
0.3230845
0.3227348
0.32060862
0.32304823
0.32182527
0.32354188
0.32493767
0.32062903
0.32201624
0.31925362
0.32354486
0.3251972
0.32498065
0.32452795
0.31952342
0.32404009
0.3211708
0.32582948
0.32737827
0.3232668
0.3239844
0.32323474
0.32634574
0.32577783
0.32423234
0.32557648
0.32715207
0.32495138
0.32408768
0.32331154
0.32170603
0.3194286
0.3239698
0.32358226
0.3242162
0.32767707
0.32730916
0.3261378
0.32990262
0.32387716
0.32801086
0.32625732
0.32521287
0.32156417
0.32553592
0.32053038
0.320414
0.32437286
0.319768
0.319586
0.32117993
0.32165423
0.32169485
0.32371584
0.3224845
0.32270867
0.32349932
0.3212339
0.32199115
0.31946865
0.3224434
0.32091007
0.32239467
0.32371292
0.32166505
0.32030913
0.32220438
0.31956744
0.32267785
0.32121468
0.3202128
0.31991833
0.32111987
0.321539
0.3218949
0.32086787
0.32439718
0.3206332
0.32218558
0.31966385
0.32005283
0.32429
0.32367802
0.32308832
0.32263187
0.32365286
0.3243261
0.32591325
0.3220946
0.32557464
0.32325003
0.32756934
0.32250684
0.3229774
0.32299337
0.3200141
0.3243537
0.3223028
0.3234073
0.3214142
0.3230342
0.3227952
0.32373777
0.32241747
0.31989443
0.3209877
0.31790692
0.32029358
0.32322094
0.3195409
0.31987032
0.3214726
0.31909713
0.32281548
0.3188265
0.31756002
0.31934372
0.31640306
0.31774485
0.31807786
0.31951573
0.31702876
0.32048672
0.31866762
0.3233896
0.32303795
0.32192585
0.32456228
0.32502386
0.32491145
0.32602224
0.32221508
0.32413432
0.32195386
0.3204742
0.32140738
0.3165761
0.31770214
0.31743774
0.32010818
0.32177
0.32051995
0.3208547
0.3196767
0.31813556
0.3213985
0.31970263
0.3197084
0.31940925
0.3187522
0.31910363
0.31903842
0.3174434
0.31630033
0.3174748
0.31599817
0.3158678
0.31517005
0.31727502
0.31451654
0.31729108
0.31660303
0.3215173
0.31877002
0.31870165
0.31841502
0.32105663
0.3207962
0.320573
0.32056957
0.31930026
0.32038838
0.32034764
0.3209834
0.3185012
0.3194168
0.317353
0.3201799
0.3184717
0.31871364
0.3177335
0.3204217
0.31890178
0.32422468
0.3218738
0.32401586
0.32399622
0.32219824
0.3244197
0.3214849
0.3233367
0.32265148
0.3219065
0.3184013
0.32014164
0.31905207
0.3188105
0.32095745
0.31841022
0.3147348
0.31762058
0.31805477
0.31761453
0.3196394
0.31873524
0.31853476
0.32003468
0.3172656
0.31906557
0.31938645
0.3205785
0.31961927
0.3161988
0.32400438
0.32270962
0.3254773
0.3222315
0.3255708
0.32314202
0.32400683
0.32242385
0.321767
0.32306996
0.32331643
0.32338038
0.32284412
0.3250861
0.32322174
0.32149622
0.32377934
0.32475755
0.32226643
0.32338497
0.3218113
0.3241418
0.32300308
0.3228785
0.32487735
0.32256266
0.32136637
0.3212076
0.319188
0.32123563
0.3222396
0.3230507
0.3189926
0.32409808
0.3230253
0.31990165
0.32072052
0.32178256
0.3176712
0.32008347
0.31715393
0.31673327
0.31559986
0.3181953
0.31764767
0.31630537
0.3201718
0.32040003
0.31846872
0.3192349
0.3186477
0.31948185
0.32138345
0.32104793
0.3206162
0.31874886
0.32272714
0.3184913
0.31840888
0.31873187
0.31799412
0.31425914
0.31508827
0.31518054
0.31468973
0.31110466
0.31444365
0.31492865
0.31760722
0.31311226
0.31414318
0.31058192
0.31258756
0.3127668
0.3153343
0.31395087
0.3160311
0.31262493
0.31485233
0.31634194
0.3145267
0.31730762
0.31393453
0.31562957
0.3129208
0.3142008
0.3151563
0.3139282
0.3113339
0.31179988
0.31407398
0.31131047
0.31220743
0.31362733
0.31562787
0.3175288
0.31707034
0.31231877
0.31383356
0.31456277
0.31551647
0.31476852
0.31423154
0.31575885
0.31697944
0.31614152
0.3137141
0.31366524
0.31482723
0.31146654
0.3142974
0.31213415
0.31229237
0.31171513
0.31405836
0.31537834
0.3131089
0.31461027
0.31435958
0.3134842
0.313503
0.31216642
0.3127213
0.31277144
0.31317854
0.31458086
0.3137272
0.311593
0.3130014
0.31119567
0.30921742
0.3109633
0.31169352
0.313531
0.31594715
0.31467915
0.31528145
0.31368166
0.31059822
0.31343055
0.31243873
0.31355914
0.31402546
0.31466442
0.31505403
0.31319275
0.311223
0.31294113
0.3133862
0.3124272
0.3154075
0.31449905
0.31504664
0.31785044
0.313343
0.31545052
0.3137763
0.31619492
0.31755325
0.3163615
0.31718937
0.3177811
0.31618148
0.3176417
0.3174087
0.31741437
0.3175042
0.31706783
0.31860206
0.31668448
0.31681553
0.3149438
0.31530252
0.31774744
0.31781897
0.31444
0.3158199
0.31850192
0.32057604
0.32119894
0.31941077
0.31775758
0.31986418
0.31957158
0.31783408
0.31826624
0.3220738
0.32020473
0.32211238
0.3201227
0.3174648
0.3183572
0.31690875
0.31483907
0.31324157
0.3102892
0.31425264
0.31530508
0.31127003
0.311305
0.30923483
0.31338766
0.31401893
0.31528005
0.3175901
0.31626758
0.3159019
0.31178144
0.3132187
0.31203938
0.31334516
0.31378028
0.31464276
0.3158167
0.31474844
0.31286132
0.31324816
0.31396794
0.31399232
0.3143989
0.3112939
0.30959815
0.31182265
0.30897677
0.30936083
0.30877003
0.31088066
0.3096358
0.31229305
0.31086457
0.31186926
0.3112019
0.30955023
0.31174323
0.30926797
0.30875525
0.31260648
0.31055257
0.3079838
0.30854598
0.31133446
0.30922642
0.30899334
0.31009492
0.30942678
0.3103846
0.30947587
0.31022382
0.31089494
0.31288692
0.31036925
0.3099558
0.30939874
0.30849573
0.30752006
0.3086432
0.30879343
0.3086529
0.30970317
0.30797744
0.30928484
0.3078744
0.30941787
0.3073637
0.30879694
0.30696413
0.30793586
0.30884704
0.30762085
0.30635238
0.3074443
0.30671802
0.3089009
0.30558062
0.30499768
0.30699703
0.30833218
0.30769378
0.3077286
0.30519113
0.30366552
0.30842605
0.3059742
0.30741778
0.30822793
0.30837357
0.30780584
0.30580553
0.30504495
0.30210075
0.30321106
0.30447805
0.30417812
0.30485654
0.3089092
0.30865693
0.30911762
0.30580345
0.30827543
0.30930924
0.31127855
0.31145808
0.31192127
0.31049725
0.311057
0.3101984
0.30798075
0.3067282
0.30979383
0.3065867
0.30888185
0.3059177
0.305382
0.30474472
0.30524144
0.3054734
0.30694693
0.3042554
0.30422106
0.30442706
0.3051867
0.3010745
0.30699378
0.30853495
0.30833265
0.30560604
0.30762133
0.30768323
0.30624142
0.30907634
0.3038199
0.30736265
0.30488798
0.30764648
0.3048865
0.30470625
0.30352247
0.30355394
0.30586576
0.30610886
0.30516323
0.3071129
0.30792186
0.3076104
0.30737463
0.30517283
0.30397248
0.3084584
0.30188435
0.3064471
0.30802175
0.30453938
0.30837616
0.3071921
0.30911466
0.31006378
0.30519947
0.3073576
0.30971494
0.3086
0.306203
0.30782798
0.3056026
0.30363822
0.30678436
0.30264762
0.30508876
0.30318466
0.30484295
0.30614254
0.30339462
0.30424982
0.3034178
0.30545568
0.301339
0.30165577
0.30086723
0.3007491
0.29874244
0.30016693
0.3024056
0.3044397
0.29851732
0.30024463
0.30066496
0.30250412
0.30232143
0.3027576
0.3001338
0.29989368
0.3002816
0.2982939
0.3016655
0.29949397
0.29902577
0.29877457
0.30079284
0.3025113
0.29937956
0.30066916
0.30074343
0.30401427
0.30340052
0.29995534
0.2981812
0.30003378
0.30052897
0.2998347
0.2986094
0.29874325
0.30108118
0.3004939
0.3003264
0.3003516
0.30106816
0.30146363
0.30145666
0.2975621
0.29735193
0.29651728
0.29667082
0.29793897
0.29668078
0.30134627
0.29822314
0.2990118
0.30117917
0.2998162
0.29753193
0.30004364
0.30031154
0.30165848
0.29904968
0.2981715
0.30058742
0.29882178
0.29539064
0.29864666
0.30177638
0.29868302
0.2993447
0.29962268
0.30301973
0.30025706
0.29988396
0.30152833
0.29920536
0.30168968
0.30457807
0.30426502
0.30387855
0.30467212
0.30673692
0.3059013
0.30526152
0.30382037
0.30606374
0.3047226
0.30186668
0.30347922
0.30243674
0.30343232
0.30106884
0.2995374
0.3018062
0.3002422
0.30236045
0.30060455
0.3024455
0.3020528
0.30145952
0.3039254
0.30554342
0.3018839
0.30340895
0.30143595
0.30241075
0.30251968
0.30098453
0.3042389
0.30078316
0.3003414
0.3004426
0.30269083
0.302372
0.30151942
0.29986
0.30223128
0.30109227
0.30271164
0.30010882
0.3019068
0.30436292
0.3065947
0.30422124
0.30489507
0.30498856
0.30086482
0.3045505
0.30231005
0.30453598
0.30090314
0.30166265
0.30215237
0.3014651
0.30134323
0.30106387
0.3026122
0.29977724
0.3000619
0.298902
0.29801866
0.29879805
0.300099
0.30048367
0.30163336
0.30367348
0.30044356
0.30272636
0.30463466
0.3007357
0.3015864
0.3016154
0.3014625
0.29859418
0.29965913
0.30100384
0.29686293
0.30095398
0.30029985
0.3005855
0.29659322
0.29828867
0.2997567
0.3025035
0.29830083
0.30002847
0.29967645
0.29997718
0.29845804
0.2977357
0.29990253
0.29697138
0.29944038
0.29858804
0.29749408
0.30182883
0.30101812
0.3007207
0.30233976
0.3002298
0.29925963
0.29914284
0.29975247
0.29806978
0.2985226
0.2984884
0.30301258
0.30081153
0.30252624
0.29757124
0.29986158
0.29990634
0.30061647
0.29828557
0.29896113
0.2982347
0.298032
0.29553702
0.2995394
0.3015378
0.2990142
0.29496998
0.29418567
0.29583293
0.2947509
0.29595926
0.2956561
0.29641753
0.2953361
0.3015564
0.29924238
0.2989699
0.2993798
0.29732123
0.29495072
0.29619572
0.29649824
0.30052844
0.2974557
0.2982718
0.29873702
0.29993793
0.3020889
0.3009289
0.30322453
0.30226144
0.30173308
0.2973679
0.29518285
0.29470116
0.2936716
0.29443726
0.28930256
0.2916039
0.29550087
0.29712138
0.29825515
0.29670048
0.2954242
0.29526633
0.29621607
0.29529035
0.29503092
0.29476047
0.2957375
0.2980603
0.29773724
0.29866767
0.29588085
0.29616076
0.29863578
0.29504034
0.29873493
0.30106366
0.29896522
0.29677844
0.29799777
0.295709
0.29941025
0.2964086
0.29449794
0.29580665
0.29553995
0.2934464
0.29437527
0.2937588
0.2933201
0.29314923
0.29690012
0.29948577
0.29525238
0.29639336
0.2911866
0.29506657
0.29364553
0.29111546
0.29282305
0.2940829
0.29842713
0.29826686
0.29518065
0.29977196
0.29666764
0.29618335
0.294726
0.2958597
0.29722247
0.29503402
0.29612264
0.29565784
0.29451972
0.29401883
0.2940821
0.29310986
0.29383177
0.29348704
0.29405817
0.29697534
0.2901844
0.29150257
0.29530916
0.29242942
0.2898574
0.29059535
0.28983867
0.28953576
0.2923738
0.29150486
0.29575846
0.29657584
0.2978344
0.2967315
0.29322812
0.29376462
0.29387107
0.294373
0.2913346
0.2938379
0.29400158
0.29555264
0.29229793
0.29292947
0.2934979
0.2950398
0.2948629
0.29577726
0.29550985
0.29187366
0.29455066
0.29365164
0.29365832
0.2944949
0.29108176
0.2933741
0.2933495
0.2920806
0.28940424
0.29471254
0.2918757
0.29370245
0.2924386
0.2897542
0.2901016
0.29003915
0.29112026
0.29182288
0.29276153
0.2911366
0.29088283
0.2935129
0.2951436
0.29428536
0.29251686
0.2951591
0.2989096
0.2977073
0.29600573
0.29972878
0.3003895
0.2998324
0.29813752
0.29654405
0.2972723
0.30016953
0.29734161
0.29736742
0.30210432
0.3031133
0.3004081
0.3007365
0.30314443
0.300572
0.30015415
0.29997006
0.30156562
0.29997286
0.29418528
0.2974929
0.29544783
0.29719207
0.29727426
0.2928002
0.29303813
0.29250678
0.2931275
0.29283786
0.2888119
0.29580817
0.29320264
0.29398942
0.29714638
0.2939683
0.29208127
0.29068142
0.29434636
0.29234576
0.29170266
0.2919201
0.29271492
0.29199028
0.28936836
0.29029393
0.29168105
0.2882372
0.2921004
0.29438075
0.29019067
0.29294175
0.2890781
0.29018998
0.28756356
0.2916139
0.28712115
0.29016262
0.28933132
0.28959894
0.29345956
0.2906071
0.29023787
0.29089043
0.28890488
0.2915554
0.2885221
0.29206577
0.28971037
0.29005748
0.29150644
0.29040533
0.2934681
0.2896204
0.28816336
0.2902165
0.28858137
0.29301345
0.28975174
0.28993326
0.28884917
0.29057163
0.2886734
0.29199192
0.28604552
0.2857072
0.29086792
0.2863639
0.28836733
0.28944644
0.28702623
0.28243425
0.28879797
0.28488716
0.2843428
0.28459278
0.28855538
0.2858537
0.2862573
0.28532162
0.28756773
0.28730032
0.28642288
0.28819022
0.28586492
0.28839913
0.29195595
0.29099208
0.2894294
0.289752
0.2908357
0.2910018
0.2903518
0.28909478
0.2883534
0.28749296
0.2879523
0.2878357
0.28869605
0.2874099
0.28750774
0.28631207
0.28736398
0.2848077
0.28760073
0.28332174
0.28541622
0.28720355
0.28801447
0.28638902
0.28878137
0.28710967
0.28718996
0.28815377
0.28461072
0.28517672
0.28413945
0.28696597
0.29028535
0.28768417
0.28752062
0.28684208
0.29056492
0.2887147
0.28928226
0.28860715
0.2890697
0.28889084
0.28844228
0.2860472
0.28968558
0.28777716
0.2884249
0.28586853
0.28549367
0.28808048
0.29057333
0.29065785
0.28779307
0.29065892
0.29118034
0.2909551
0.29244938
0.2872935
0.2883346
0.28734502
0.28649592
0.28815773
0.2894365
0.28910467
0.28563002
0.28850874
0.28665158
0.28817472
0.2839747
0.28472754
0.2856432
0.28149554
0.28430995
0.2833299
0.27999973
0.2837055
0.283691
0.2808446
0.28013527
0.2819129
0.28230107
0.28365502
0.27948266
0.2808434
0.28224927
0.27697214
0.28153044
0.28044343
0.2820487
0.27890548
0.27914712
0.27843076
0.282075
0.28088352
0.2795581
0.28072673
0.28019556
0.28040376
0.2812318
0.2789578
0.2785085
0.2785535
0.27809888
0.27728233
0.2767421
0.27626354
0.27671298
0.27706602
0.27809712
0.2780769
0.27724695
0.2805861
0.27978754
0.27903825
0.28083953
0.27976632
0.28246593
0.27967674
0.28428623
0.2804819
0.28013775
0.28035218
0.2790697
0.28130206
0.28288108
0.28293106
0.28092924
0.285072
0.28450337
0.28548932
0.2836565
0.28605634
0.28314483
0.28205514
0.28130648
0.281811
0.28274217
0.28302827
0.28068727
0.28156486
0.27936357
0.27984378
0.28327557
0.28095275
0.28211948
0.28268656
0.2813444
0.28009
0.28260097
0.27967933
0.28222844
0.28060088
0.28388724
0.28321314
0.28192478
0.281478
0.28185174
0.2817667
0.28847966
0.28535447
0.28377256
0.28320804
0.28258663
0.28537998
0.2817666
0.28372645
0.2826213
0.28580126
0.28281817
0.28440416
0.28482133
0.28294855
0.2813483
0.28287697
0.28340173
0.28227887
0.28524908
0.28438622
0.2831678
0.28186917
0.28371343
0.2811759
0.28195682
0.28344434
0.28347406
0.28637844
0.28614655
0.2859883
0.2856949
0.28136888
0.2833375
0.28181687
0.28074065
0.2780995
0.27922735
0.28054422
0.28321669
0.28375632
0.28088588
0.2826696
0.28073964
0.28134832
0.2811728
0.28048745
0.28030467
0.28295788
0.27878904
0.28264406
0.28250107
0.28198913
0.28265148
0.28702262
0.2835814
0.2848507
0.28407565
0.28621653
0.28144377
0.28497982
0.28502932
0.28425106
0.28692177
0.28059876
0.28212425
0.28210697
0.28185612
0.28280497
0.28150728
0.2801474
0.2788829
0.27985954
0.28062627
0.27729794
0.27843246
0.2804399
0.2816295
0.27947208
0.27943
0.2804667
0.28157446
0.28002048
0.2805411
0.2767704
0.27787858
0.27706262
0.279232
0.278534
0.2775192
0.2776203
0.27718255
0.27835736
0.2765881
0.27626976
0.27798674
0.2758117
0.27754983
0.27432382
0.2790366
0.2722689
0.27650282
0.27949154
0.27235517
0.27452663
0.27519107
0.27459705
0.27848202
0.2778977
0.278514
0.27624464
0.27781317
0.2779281
0.2796006
0.27926943
0.27987096
0.28038597
0.2802398
0.2830486
0.2782491
0.2805525
0.2755868
0.2772103
0.27680117
0.2763575
0.27724394
0.27865514
0.2752054
0.27684304
0.27756444
0.2753993
0.27830756
0.27610376
0.27482387
0.2763631
0.27720976
0.27465248
0.27326116
0.27346212
0.27169725
0.2767802
0.2753197
0.27637145
0.27648762
0.27620003
0.2730771
0.27748582
0.27759442
0.28296867
0.27938992
0.27966413
0.28001866
0.28029045
0.27720565
0.27708468
0.27766913
0.280287
0.27774167
0.2776402
0.27843913
0.2800137
0.27774888
0.27750602
0.27433208
0.27679715
0.28200874
0.27683058
0.27688727
0.27939713
0.28083593
0.2799348
0.2768655
0.27825958
0.27784902
0.277076
0.27742425
0.27685592
0.27502176
0.2776397
0.27700636
0.27719244
0.28089407
0.2745537
0.2766839
0.27773649
0.27707514
0.27687675
0.27445686
0.2766882
0.2775263
0.27039737
0.27537957
0.27550253
0.27547535
0.27912498
0.27399752
0.27826566
0.27493158
0.27344856
0.27612647
0.2755756
0.27811295
0.2745732
0.2741898
0.27557945
0.2768298
0.2750115
0.27290773
0.27703238
0.27804896
0.28122708
0.27812314
0.2819292
0.28205687
0.28276584
0.2776744
0.2768806
0.27687263
0.27478933
0.27764127
0.27553096
0.27213174
0.27681193
0.27638045
0.2757046
0.27917027
0.2795608
0.27681097
0.27817246
0.27697572
0.27352783
0.2751195
0.27601823
0.2752385
0.27739263
0.2766882
0.2759468
0.27710763
0.27575284
0.27251393
0.27256042
0.27559522
0.27557522
0.27197653
0.27692673
