===================== Time: [Thu Aug 11 06:11:45 2022] ========================
0.09431705
0.0937611
0.09408141
0.094942965
0.09198415
0.092767514
0.09188198
0.09253828
0.09411961
0.09509067
0.093755454
0.09376297
0.093760274
0.093905695
0.09342162
0.09482965
0.09360093
0.09510447
0.09440489
0.094150454
0.09220409
0.091641046
0.09172874
0.09065453
0.091516465
0.091422446
0.09111621
0.09144415
0.092133254
0.09023038
0.090109386
0.09044899
0.090960436
0.09120336
0.09198923
0.09029929
0.0888599
0.08897621
0.09225067
0.090474054
0.092014015
0.09009357
0.09076052
0.08932781
0.090128
0.09030964
0.08905245
0.08981783
0.09141368
0.09124709
0.0895838
0.08979448
0.09111842
0.09093907
0.08874646
0.08909318
0.09131348
0.09182111
0.09233745
0.0929003
0.093582034
0.09399113
0.09230685
0.091612406
0.09070153
0.09222287
0.09325447
0.09201696
0.09221105
0.09155235
0.09159128
0.09449692
0.09468524
0.09223634
0.09334674
0.092425294
0.09172394
0.09216603
0.0898375
0.09106878
0.09205203
0.091932505
0.092189305
0.092127025
0.091288015
0.090086795
0.09348881
0.09363528
0.093176484
0.09226415
0.09240844
0.09166438
0.091032125
0.09083617
0.09016808
0.09039663
0.0904477
0.09153117
0.09156642
0.09101445
0.0908647
0.091030665
0.09087008
0.091008894
0.09153764
0.09048873
0.091633506
0.091740996
0.09247687
0.092613384
0.09310865
0.092562094
0.091624714
0.09264538
0.09289444
0.094214976
0.09474365
0.09553587
0.0946552
0.09371038
0.09262044
0.09317382
0.09333096
0.09300715
0.09335181
0.09448939
0.09343647
0.093483455
0.09359365
0.09272124
0.092405245
0.09265703
0.092627324
0.09219231
0.09255922
0.092580214
0.09247497
0.09272368
0.09298023
0.09265814
0.09286304
0.093541674
0.09279711
0.091124766
0.09083177
0.09046159
0.09070272
0.09072646
0.09079341
0.09140305
0.09087849
0.09065072
0.08907086
0.08944072
0.09043839
0.09007789
0.08990686
0.09053177
0.0886943
0.08939227
0.08928482
0.08885719
0.08908484
0.08907658
0.089467116
0.090163216
0.090533905
0.08989138
0.08999499
0.08886184
0.08964863
0.08934025
0.08876658
0.08923011
0.08920499
0.08950619
0.0888856
0.08876066
0.08802432
0.08834639
0.08927765
0.089256436
0.088693224
0.089894444
0.090527594
0.08897587
0.088484116
0.08812023
0.08633306
0.08572236
0.085315645
0.08428941
0.08377935
0.08458004
0.08529671
0.086871356
0.08595294
0.08573374
0.08574194
0.08493296
0.08627543
0.084857196
0.084666714
0.085458145
0.08590855
0.08678775
0.08734519
0.0872956
0.08685208
0.086906865
0.0856748
0.08772534
0.08773148
0.08823229
0.089025185
0.087851666
0.087499976
0.08752427
0.0887205
0.08796875
0.08735401
0.08753269
0.08740458
0.08715809
0.08738387
0.08694619
0.08710518
0.08663499
0.08671535
0.0869858
0.088776484
0.0877716
0.087848015
0.08822167
0.087634936
0.08882911
0.089681156
0.08966321
0.08977835
0.09001839
0.08977514
0.08942438
0.08906297
0.089140594
0.08809556
0.08895245
0.08807838
0.08894341
0.0894874
0.08939231
0.08906911
0.08921398
0.090237595
0.089919075
0.09001435
0.08972252
0.089295745
0.08991562
0.09043984
0.09057174
0.08926238
0.090111926
0.09006095
0.089535475
0.089203104
0.089373715
0.089075014
0.089227535
0.08943722
0.08978739
0.08920109
0.08966953
0.08876228
0.08771026
0.087275095
0.086771525
0.08652124
0.08623439
0.08599099
0.08643933
0.08744006
0.085897766
0.08551927
0.085227326
0.08470834
0.08419218
0.08513007
0.0842897
0.084861316
0.086873546
0.08827679
0.08881515
0.08723574
0.0862508
0.08510857
0.08623855
0.08603078
0.08442345
0.08381494
0.08416027
0.08569687
0.08453407
0.08525018
0.08638801
0.08698702
0.086546
0.08588986
0.086157165
0.08605199
0.08530792
0.08640834
0.08582886
0.08539976
0.085839614
0.085506015
0.08521312
0.08544722
0.08544073
0.085022256
0.08562991
0.08518038
0.08489638
0.08616821
0.084479734
0.08445875
0.08321123
0.08334103
0.08287247
0.08345911
0.08317449
0.08268793
0.08312149
0.08342199
0.0829398
0.08234633
0.08263116
0.08277216
0.08251455
0.0836841
0.08348711
0.08311571
0.083689675
0.08311203
0.083409645
0.082929954
0.083130136
0.083145194
0.08242596
0.082706146
0.08162672
0.081730574
0.08221954
0.08147214
0.08234066
0.08286011
0.081994474
0.082357176
0.083746046
0.08360285
0.08344473
0.08222511
0.084058136
0.086584166
0.08662649
0.086798705
0.08624319
0.086920656
0.0864349
0.08685373
0.0868271
0.08757542
0.086422734
0.0866244
0.086426474
0.085996404
0.087767445
0.088768885
0.08853382
0.08865476
0.09000218
0.08981515
0.09020315
0.09118755
0.09095385
0.092264466
0.09234144
0.09301007
0.091672614
0.091717415
0.09065736
0.08993022
0.089221165
0.0895123
0.09025559
0.0893749
0.08953551
0.08806127
0.08838899
0.08714807
0.08780936
0.08792625
0.08757393
0.08695671
0.08728737
0.08605846
0.085532494
0.08509994
0.08542606
0.08626138
0.08556239
0.08533352
0.08473877
0.08508417
0.08422414
0.083782025
0.08470026
0.08482666
0.084620416
0.08384324
0.0848346
0.08396388
0.084247015
0.08355506
0.083369866
0.08270271
0.08293481
0.08290736
0.08218869
0.08397583
0.0842851
0.08392582
0.08324288
0.08292809
0.08256431
0.082186624
0.08344546
0.08436516
0.084724754
0.083905384
0.08372395
0.084843054
0.08375321
0.08393423
0.08389482
0.08361364
0.08361925
0.08327164
0.082925126
0.08359576
0.08270446
0.08378973
0.08326885
0.08372557
0.083415
0.0839261
0.08402893
0.08496681
0.08432151
0.08394928
0.08450352
0.08327912
0.08428026
0.08418111
0.08425087
0.08417919
0.08327472
0.083340205
0.08308918
0.083743334
0.08327069
0.0828624
0.08331404
0.08303733
0.08307694
0.083214365
0.082408816
0.08246451
0.08218678
0.08271834
0.0817284
0.082542434
0.08221717
0.08232811
0.08253177
0.08156137
0.081718735
0.082056284
0.08072335
0.08205169
0.08054771
0.08057818
0.08057983
0.08192678
0.08197308
0.08179102
0.08078333
0.08140658
0.081888594
0.082234174
0.08181449
0.081231646
0.08131702
0.08173026
0.08072749
0.08137487
0.08224004
0.08191955
0.08195655
0.08331914
0.083345056
0.08272282
0.08308818
0.08242159
0.08163032
0.08266344
0.08217604
0.081730396
0.08059912
0.0811045
0.08155987
0.0802676
0.080870174
0.08004839
0.080440395
0.08013012
0.07979792
0.08070363
0.08017054
0.08099661
0.080082275
0.07975283
0.08027264
0.080334395
0.079892576
0.080214284
0.08189798
0.08137964
0.08176595
0.08171258
0.08184839
0.082850784
0.08212783
0.082434565
0.08218183
0.08256975
0.082560815
0.08316989
0.082720995
0.08283282
0.08197193
0.08239535
0.08168474
0.08240081
0.082098395
0.08275926
0.082431205
0.0824972
0.08279815
0.08227661
0.082645215
0.08168213
0.081481494
0.08057457
0.0810608
0.08141962
0.081761986
0.08199014
0.08289382
0.082341656
0.08269916
0.08180947
0.08161826
0.081567295
0.08159412
0.08157173
0.08093199
0.080048725
0.08069767
0.080689274
0.08104266
0.081648245
0.08270221
0.08207717
0.08234139
0.082372576
0.08205995
0.0818574
0.08301406
0.0825809
0.08296411
0.082251385
0.08199128
0.083299465
0.08205493
0.08254012
0.08202092
0.083121926
0.08228592
0.08220567
0.0824143
0.08117674
0.08126708
0.08164312
0.082095765
0.0819819
0.08182044
0.082705796
0.081579305
0.08285949
0.08192327
0.08183029
0.08246399
0.08178689
0.08138259
0.082075804
0.08245281
0.081823416
0.08255449
0.08198825
0.0822614
0.0817074
0.081089325
0.08129581
0.08193822
0.08203771
0.082066305
0.08188353
0.082056485
0.08140845
0.08122876
0.08256401
0.082359254
0.08201945
0.08298273
0.0825553
0.08207897
0.08195752
0.082262136
0.08186598
0.081867546
0.0817983
0.08153208
0.081732444
0.081249855
0.08104307
0.08153007
0.08108795
0.08205785
0.08045197
0.08143404
0.08136651
0.08146851
0.08130843
0.080773644
0.08059608
0.08112843
0.08117459
0.08070819
0.08229295
0.0830576
0.08295007
0.08266383
0.082932144
0.082462974
0.082332104
0.08255376
0.082297586
0.08204307
0.0826806
0.08266374
0.08192724
0.08210712
0.083066806
0.08263941
0.08382623
0.08428091
0.08408027
0.08419369
0.084571555
0.08452286
0.08408413
0.08358301
0.08377419
0.08335009
0.08355003
0.083315045
0.08416246
0.083066605
0.0839592
0.08355079
0.08350129
0.08378136
0.083228596
0.08272156
0.08271178
0.08307653
0.08348501
0.08335643
0.0831947
0.083210975
0.08288595
0.082333446
0.08372803
0.08282133
0.08276681
0.0829115
0.08396518
0.08497645
0.08563309
0.08557768
0.08622712
0.08518323
0.08560512
0.08455348
0.0845505
0.08403182
0.083501324
0.08397008
0.08359356
0.083085604
0.0831094
0.0835667
0.08303834
0.08266154
0.083264165
0.08343194
0.08260175
0.082877055
0.08207302
0.08214333
0.082075424
0.08131288
0.08123378
0.081689395
0.08111903
0.08099291
0.08069595
0.080840744
0.08115084
0.07998761
0.079587825
0.080365
0.0810093
0.08073896
0.0806656
0.08039837
0.08153192
0.08063711
0.08075331
0.08078533
0.080612205
0.08006321
0.08102372
0.08004825
0.08031888
0.080457106
0.080232196
0.08039525
0.079798095
0.079706386
0.080234036
0.07980527
0.079386845
0.079779916
0.07911703
0.08052906
0.08068553
0.08091376
0.08067812
0.08047558
0.08092755
0.08052178
0.07990049
0.08010497
0.08032467
0.08044733
0.07987025
0.07998467
0.0793477
0.079966374
0.07973851
0.07990036
0.08029875
0.079498395
0.08024944
0.0799624
0.08039446
0.08038647
0.08067249
0.081026286
0.08048228
0.07978088
0.08006801
0.0801659
0.079563655
0.08029639
0.079657406
0.0796665
0.07996935
0.08010386
0.080500096
0.080769844
0.07965072
0.079920344
0.08024548
0.08040044
0.080135904
0.080662064
0.08131152
0.08036636
0.08030086
0.08020977
0.080407016
0.080033116
0.07925277
0.08111005
0.07997352
0.08020022
0.08019812
0.08038638
0.081072114
0.080952555
0.08120215
0.08142882
0.08149081
0.08142338
0.08084084
0.08086248
0.08186519
0.080616444
0.08105974
0.08012501
0.080543034
0.080788456
0.08019539
0.08044093
0.08059261
0.08058663
0.080530904
0.080347694
0.08067225
0.08068894
0.080256835
0.08046524
0.079455584
0.08057825
0.080051124
0.08047387
0.08003723
0.08000527
0.0791803
0.080642134
0.07997638
0.080030315
0.08093111
0.080913514
0.0802047
0.08068804
0.08127087
0.081138216
0.08065873
0.08169444
0.081424996
0.08191508
0.08170225
0.08187635
0.081356786
0.08167854
0.08084162
0.08035126
0.08063792
0.08019575
0.07982091
0.081178606
0.08148845
0.08128168
0.08202418
0.08248741
0.08286903
0.082750455
0.08324544
0.08207843
0.082430035
0.08146447
0.081280604
0.081486404
0.08154602
0.081030615
0.08013648
0.080705516
0.08103163
0.08022164
0.08137116
0.08225139
0.08191348
0.082167394
0.08231369
0.08239305
0.08242374
0.08235211
0.08278103
0.08203759
0.08260769
0.08274528
0.08333438
0.08316762
0.082665145
0.08235974
0.08255471
0.08234216
0.082134135
0.082667805
0.08286823
0.08250032
0.082531266
0.08233113
0.08235425
0.08249577
0.08228065
0.08203128
0.08214212
0.08079614
0.08139596
0.08089719
0.08168046
0.08141987
0.0827262
0.08114672
0.0811927
0.0807255
0.08090967
0.08085302
0.08127024
0.08154494
0.08047356
0.080956265
0.08094196
0.08080523
0.08163616
0.08128926
0.08165692
0.08138067
0.081115745
0.08119313
0.080949225
0.08154841
0.08216928
0.08159704
0.081499994
0.080729045
0.08080893
0.08083182
0.08123221
0.08068418
0.080509074
0.08066314
0.08078397
0.081335865
0.081963845
0.08181587
0.0812026
0.080805495
0.08018797
0.080803804
0.08007069
0.08028582
0.08029268
0.081321105
0.08138691
0.08068794
0.08120067
0.08118226
0.08161487
0.08106093
0.080250695
0.08048934
0.080427095
0.07995497
0.08079014
0.0802677
0.08010849
0.079696104
0.0795254
0.078817405
0.07984801
0.0798776
0.07944144
0.080344714
0.07960385
0.07999365
0.0802065
0.08061921
0.08013774
0.08010151
0.0799459
0.080547296
0.07950607
0.08010134
0.08007726
0.07922845
0.07932991
0.07953876
0.07905611
0.080191396
0.07995626
0.07923562
0.07976577
0.07950406
0.07902707
0.07923945
0.07904374
0.07956311
0.07866475
0.07969777
0.079625
0.07947569
0.079946905
0.07869352
0.07965121
0.07964412
0.079687536
0.07998873
0.07936594
0.07960684
0.07922756
0.079295
0.07906133
0.07925265
0.079940565
0.07905797
0.07904235
0.07949164
0.0790045
0.07935114
0.07866273
0.07980189
0.078395404
0.078678705
0.07827321
0.079429395
0.07921642
0.07946981
0.07934844
0.07943508
0.0792418
0.078608416
0.07898654
0.07826608
0.078872256
0.07892852
0.078923054
0.07918317
0.07826883
0.078539066
0.079248674
0.078616045
0.07894857
0.07877897
0.07892363
0.07895222
0.07868232
0.07859645
0.0781443
0.07887835
0.079281114
0.07918899
0.078516975
0.07894172
0.078600265
0.078741096
0.078671984
0.07864018
0.078252845
0.07890943
0.07868674
0.07804176
0.07906059
0.078561805
0.07858013
0.07848711
0.078683145
0.07852692
0.079463184
0.079126105
0.079102896
0.079793856
0.07970772
0.079955675
0.07906122
0.07897692
0.07910566
0.07944582
0.079237625
0.07938654
0.07889336
0.0787867
0.079114646
0.07895886
0.07951775
0.07927002
0.07924064
0.07874992
0.078940205
0.07907893
0.07935117
0.07876111
0.078849204
0.07867632
0.07840364
0.078737296
0.078471646
0.07800571
0.07865896
0.07857758
0.07902298
0.07898702
0.07876201
0.078510135
0.077742435
0.07820794
0.078854196
0.07863553
0.07827885
0.07826944
0.07809604
0.07880173
0.07852062
0.07802096
0.07867489
0.077617295
0.0792466
0.07836533
0.07891868
0.07857528
0.07834537
0.07855396
0.078596815
0.07875617
0.079300955
0.07901806
0.07933214
0.07840044
0.079055
0.07896001
0.0790074
0.07951595
0.0794694
0.07966504
0.07949813
0.07898755
0.07905065
0.080010675
0.07943443
0.08042328
0.079506375
0.07815689
0.0788171
0.07817714
0.078694366
0.07902403
0.07892852
0.079175666
0.07892801
0.078922465
0.078826524
0.07897538
0.07890476
0.07866057
0.07893207
0.07882073
0.078706235
0.07853499
0.07827993
0.07917057
0.07846974
0.078446664
0.07829725
0.07796676
0.07721371
0.07694737
0.07749861
0.077650495
0.0782113
0.07849015
0.07796974
0.078583434
0.07821614
0.07781816
0.07811044
0.078175716
0.07887247
0.08004926
0.079556
0.08014824
0.08002733
0.07962063
0.079406425
0.07979854
0.079496406
0.07974673
0.07992946
0.08000339
0.079104684
0.07948266
0.07886449
0.07886699
0.07911147
0.07988675
0.08088322
0.07976853
0.07970017
0.0790024
0.07856116
0.07890846
0.0793635
0.07909812
0.07884403
0.07918776
0.07868489
0.078815006
0.07883079
0.07890498
0.07871846
0.07862892
0.07827961
0.07861497
0.07841786
0.07794001
0.07872869
0.078240596
0.077580765
0.07817551
0.07868962
0.07816588
0.07792228
0.07829459
0.07778186
0.07791357
0.07757891
0.0784139
0.07849316
0.07818707
0.0781
0.07793198
0.078341916
0.077586465
0.07733921
0.07790025
0.07725454
0.07803458
0.077863745
0.0779741
0.07781477
0.07770399
0.07732812
0.07707345
0.07755084
0.07756392
0.07699725
0.07733662
0.0777428
0.07723581
0.0778362
0.07866142
0.07845669
0.07823635
0.07914005
0.07899324
0.07812869
0.07848544
0.078949
0.07837273
0.07936138
0.078992
0.07907348
0.07907064
0.07943031
0.078918375
0.078971244
0.07803865
0.0774458
0.07812112
0.07858411
0.07833918
0.07731443
0.077377036
0.07708718
0.07758744
0.07745557
0.07745319
0.077801004
0.077610195
0.07728246
0.07665004
0.07697902
0.07645402
0.077706754
0.07786087
0.0776341
0.07747946
0.07824932
0.07820431
0.07837067
0.07847831
0.07918512
0.07853796
0.078612745
0.07816038
0.080713466
0.08198159
0.08255571
0.08383227
0.08303364
0.083418034
0.083491
0.083085
0.08323957
0.08301789
0.08378352
0.08334392
0.08286696
0.08187908
0.0823004
0.081403956
0.0816269
0.08197592
0.08189796
0.08255115
0.08186714
0.08175393
0.08104015
0.0813407
0.081425525
0.081168234
0.080614425
0.080826186
0.081225924
0.08014474
0.080477305
0.08020844
0.08098126
0.08067697
0.08072326
0.07979949
0.079375096
0.08011907
0.07994153
0.079283305
0.079159155
0.07879188
0.079295255
0.07881455
0.08017313
0.07917133
0.07872109
0.07994101
0.07930329
0.08008763
0.07973091
0.079515904
0.07987388
0.07923467
0.07888053
0.078885235
0.07851578
0.0790436
0.07863149
0.07824331
0.078105874
0.07849348
0.07873437
0.07816363
0.0783222
0.07776539
0.078504816
0.077972926
0.07779335
0.07749418
0.07755129
0.077430405
0.07761913
0.077929415
0.077831045
0.07755794
0.0776129
0.077191606
0.07699601
0.07673841
0.07759209
0.07729189
0.07779407
0.07796744
0.07692225
0.07725637
0.077733345
0.07683155
0.077124506
0.076859795
0.07668759
0.0762531
0.0764105
0.07598934
0.076339215
0.07614558
0.07580044
0.076449476
0.07714432
0.077328295
0.07683451
0.07693816
0.07692012
0.077012666
0.077363275
0.07762959
0.076783665
0.077277385
0.07698111
0.07644994
0.07654338
0.07630317
0.07649943
0.07575481
0.07622491
0.07540339
0.07637531
0.076252446
0.07621322
0.07600519
0.07647556
0.0767955
0.07668899
0.076755695
0.07663683
0.07691576
0.07642892
0.07702039
0.07634117
0.07631724
0.07715877
0.0765831
0.076009676
0.07741898
0.07678794
0.077222385
0.077245556
0.07746997
0.07681505
0.07675893
0.0769726
0.07723198
0.07714326
0.077106975
0.07765429
0.07676721
0.07621268
0.076728195
0.076914646
0.07671692
0.07728178
0.07701033
0.07678667
0.076623596
0.07725512
0.076624736
0.077604495
0.07794198
0.07690282
0.076248005
0.07669033
0.076642856
0.07665583
0.07623689
0.07617127
0.07607431
0.07599341
0.075820714
0.07585675
0.07661139
0.076999635
0.07723314
0.07658838
0.07638852
0.07648572
0.07681879
0.07706703
0.07656639
0.07687196
0.077160366
0.07686802
0.077059515
0.076818675
0.07635864
0.07659156
0.07677273
0.0768212
0.07689741
0.076184675
0.077630654
0.07740689
0.07818604
0.078154415
0.07874345
0.07778714
0.07809209
0.07809218
0.0772493
0.07736739
0.07707785
0.07712661
0.07667157
0.07745078
0.07756499
0.076951325
0.076585315
0.0767549
0.07623135
0.07557437
0.07591263
0.07536947
0.07628939
0.07599009
0.0766624
0.07638769
0.076315805
0.07607096
0.076900184
0.076105654
0.075937875
0.07556644
0.074925795
0.07640935
0.075547464
0.07613109
0.076084696
0.07561301
0.07544917
0.07613129
0.07620529
0.07625734
0.07609818
0.07584284
0.07571374
0.07580287
0.07578836
0.07541073
0.07459544
0.074366204
0.07490095
0.075306356
0.07595798
0.07519083
0.07516573
0.07605852
0.0764885
0.0766264
0.07662289
0.07565917
0.07586916
0.07579628
0.07632287
0.07615511
0.07665924
0.07709502
0.076657474
0.07607695
0.07584372
0.07516052
0.07553101
0.075239174
0.075297296
0.07515753
0.07477897
0.075118095
0.07499944
0.0751483
0.07483743
0.07539446
0.07462971
0.07400211
0.07532185
0.07477805
0.07496496
0.07481216
0.07526333
0.075167626
0.07524257
0.07542648
0.07552019
0.075365104
0.07535842
0.075090304
0.07471406
0.075318195
0.07496925
0.075934246
0.07543113
0.07509951
0.07566211
0.07509526
0.07475656
0.07545975
0.07478163
0.07640968
0.07586993
0.07638242
0.07563041
0.075735204
0.075814046
0.075304426
0.07512756
0.07509906
0.07556083
0.07549321
0.0750182
0.075738184
0.07520158
0.07551726
0.075621136
0.076484986
0.077273056
0.078302
0.076924756
0.07702502
0.077193156
0.076598845
0.07681439
0.07630053
0.07654529
0.07654352
0.07723504
0.07690158
0.077843174
0.07765005
0.07837358
0.07823363
0.07727576
0.07726558
0.076524794
0.07627378
0.076036125
0.07655281
0.07585417
0.076256625
0.0755598
0.076155
0.07608605
0.07585121
0.07566912
0.07578636
0.07597378
0.0759361
0.07586343
0.076076046
0.07606679
0.07571506
0.07584281
0.0764851
0.07591364
0.076053694
0.07574505
0.07600332
0.07548218
0.07571839
0.07588811
0.075554654
0.07571873
0.075488836
0.074669205
0.0752647
0.074602865
0.074901514
0.075707056
0.07499048
0.074753255
0.07448546
0.07484452
0.07473179
0.07514271
0.07517928
0.074800365
0.07506808
0.07504416
0.07486178
0.0748166
0.075146124
0.07446216
0.0752375
0.074563324
0.07440399
0.074455366
0.07504729
0.074359514
0.074949674
0.07436282
0.07412244
0.07422532
0.07380682
0.073415585
0.07434602
0.07365827
0.07406214
0.07465789
0.07457206
0.07425889
0.07338411
0.07374693
0.07402678
0.07386785
0.0741237
0.074458726
0.074208565
0.0746341
0.073423706
0.074035354
0.07407077
0.07493649
0.07452257
0.07483128
0.07380241
0.07299298
0.07395018
0.073401675
0.07442544
0.074289784
0.07459364
0.07365194
0.07406338
0.07338383
0.07388349
0.07401044
0.073674224
0.07314019
0.074234776
0.07382802
0.07435253
0.07492249
0.07497209
0.07361742
0.074602626
0.074148916
0.07456174
0.07456489
0.07427812
0.07438965
0.074304044
0.07389207
0.074373595
0.0739508
0.074372165
0.07446314
0.074621454
0.074095525
0.07433143
0.07431423
0.07384401
0.0734708
0.073643036
0.07381312
0.0738431
0.07426048
0.07417344
0.07378348
0.0734708
0.07330267
0.07326349
0.073818274
0.07349678
0.073570356
0.073352255
0.07439609
0.07312395
0.0733422
0.07360732
0.07346256
0.07305755
0.0728355
0.07365893
0.07374136
0.07351166
0.07297534
0.07290207
0.07371467
0.07413867
0.07326906
0.072922364
0.07389527
0.07351461
0.07328086
0.073408894
0.0733171
0.07459894
0.07343654
0.073493965
0.073536225
0.07308822
0.073361896
0.072691076
0.07368754
0.07351455
0.072854355
0.07309326
0.07366251
0.073769465
0.07287106
0.07440504
0.0745496
0.07414495
0.07444719
0.07336721
0.074010186
0.073490895
0.0738392
0.07431565
0.07379907
0.0738826
0.0739369
0.073562875
0.073629804
0.07335835
0.073302835
0.07297228
0.07304639
0.07306055
0.07318252
0.073279604
0.073460355
0.073593155
0.07347204
0.07440205
0.073942125
0.07463103
0.07340578
0.073235616
0.07340282
0.072859466
0.07317318
0.07388924
0.07380853
0.073802285
0.073698126
0.07311489
0.07371012
0.07340228
0.07346125
0.073457226
0.07298723
0.07325728
0.07296442
0.07356145
0.07354767
0.07361104
0.0731823
0.07342821
0.07323388
0.07322817
0.07350163
0.0731038
0.07386059
0.07367941
0.07324833
0.07333202
0.072736666
0.074294046
0.07304613
0.07307614
0.073304735
0.07302124
0.073092826
0.07397477
0.07302698
0.07276329
0.07329259
0.07357871
0.07329441
0.07274976
0.07324178
0.073187076
0.07301495
0.073541805
0.07289766
0.073598206
0.072840594
0.07256106
0.0729802
0.07322387
0.073205344
0.07324066
0.07330719
0.0728785
0.0731516
0.07331001
0.07250901
0.073054016
0.07349156
0.072546266
0.073165454
0.072956935
0.072509944
0.07284004
0.073165834
0.07308812
0.073335916
0.07309909
0.07300665
0.072695814
0.07238458
0.073038235
0.07291389
0.07279874
0.072676554
0.07297828
0.073469214
0.0720258
0.07270188
0.07306265
0.07293628
0.072686784
0.073026374
0.073887624
0.07294116
0.07238277
0.07261189
0.072592676
0.07263657
0.07303232
0.07263081
0.07252877
0.07314786
0.07304405
0.07267005
0.07365991
0.072904065
0.07335994
0.07319109
0.073031574
0.07289278
0.072279505
0.073714286
0.072899796
0.07270635
0.0734827
0.07312227
0.07259042
0.07314183
0.0734797
0.07366869
0.07280585
0.072476834
0.07188816
0.07290705
0.073064975
0.07346517
0.07250635
0.07291227
0.07322065
0.073871836
0.07345981
0.074061714
0.07349792
0.073734954
0.073902376
0.07391514
0.07467975
0.074014165
0.07453361
0.07321003
0.073847726
0.07361946
0.073578574
0.07399662
0.07314726
0.073375
0.07363404
0.0737492
0.073396794
0.07316147
0.072829664
0.07334169
0.07316191
0.0732414
0.07348862
0.072817855
0.07287463
0.073455796
0.07398316
0.074135005
0.07377248
0.07365002
0.07303222
0.07329785
0.072718635
0.073211186
0.07314236
0.073328264
0.07312586
0.073494814
0.07344922
0.07373002
0.07351984
0.073286764
0.0734556
0.07344574
0.07375951
0.073577054
0.07296315
0.07318098
0.07301091
0.0728292
0.07284303
0.07282132
0.072365716
0.07312586
0.07311025
0.07263507
0.07258262
0.07274582
0.07297275
0.07281574
0.071955465
0.07224315
0.07272121
0.072498895
0.072907515
0.07275728
0.07268687
0.072464325
0.073194474
0.07298747
0.07307617
0.07275148
0.07282265
0.072444685
0.0728619
0.07185059
0.07244031
0.07264319
0.072277345
0.072669186
0.07301253
0.072951995
0.07230032
0.072349
0.07247493
0.072353065
0.07213775
0.07255238
0.07286909
0.07261091
0.072815835
0.072293796
0.07293149
0.073183365
0.072930604
0.0725585
0.072872885
0.07281269
0.07277052
0.07277735
0.072295606
0.07250489
0.07384918
0.072848104
0.07234315
0.07309746
0.072906226
0.07253046
0.073162444
0.073548295
0.07286777
0.07275868
0.07221515
0.07239838
0.072619036
0.072501056
0.07289787
0.07308784
0.072653994
0.07287981
0.0720865
0.07221332
0.072518036
0.072143026
0.072141364
0.072409965
0.07248684
0.07358685
0.073292814
0.07276502
0.07296233
0.0733764
0.0734373
0.07342204
0.07276509
0.07292496
0.07278103
0.07327553
0.073950395
0.07366621
0.07339082
0.07344288
0.07278494
0.073059216
0.07316784
0.07344707
0.073088184
0.07327673
0.07296544
0.072693035
0.073008
0.07314972
0.07273515
0.073237054
0.07257779
0.07290507
0.07283183
0.072701484
0.073067226
0.07302819
0.07243226
0.07301542
0.072763115
0.07323385
0.072869636
0.0734921
0.07293319
0.072984874
0.07273282
0.073125
0.073384985
0.073327325
0.07329086
0.07361175
0.07331843
0.073604725
0.07290607
0.07282914
0.07319786
0.07266811
0.073190324
0.073308
0.07260552
0.07237486
0.07320178
0.07357972
0.07368093
0.07329864
0.073553786
0.07385685
0.07407063
0.073114306
0.0736193
0.07342822
0.07301969
0.07336768
0.0736553
0.073877834
0.07302527
0.073639415
0.073267005
0.073445134
0.07366686
0.07300563
0.07318459
0.07272988
0.07412
0.07358142
0.073711835
0.07350603
0.07311548
0.07399989
0.07422052
0.07387857
0.07389088
0.073689654
0.07306757
0.07381583
0.073560186
0.07303741
0.07337476
0.07358399
0.0732367
0.07326699
0.07311896
0.07310308
0.07342979
0.073691905
0.07303072
0.07302044
0.07339684
0.0729426
0.073121645
0.07281076
0.07296513
0.07294306
0.07298332
0.072919466
0.07259606
0.072015725
0.07225934
0.0728003
0.07287746
0.07321003
0.07329048
0.07247585
0.07250504
0.071957015
0.072192736
0.07243197
0.07246794
0.072576106
0.07280976
0.0716383
0.07190368
0.07236556
0.072392665
0.07203919
0.072276026
0.07266355
0.07176051
0.07200135
0.07184787
0.07308818
0.07206358
0.07297804
0.07309737
0.07302333
0.07296623
0.07297166
0.072716065
0.07269806
0.073480874
0.07324162
0.07309658
0.072737664
0.07211608
0.072365336
0.072749935
0.07253822
0.07313501
0.072888315
0.07304326
0.07280879
0.07238597
0.07281832
0.07266979
0.07271091
0.07270294
0.07295834
0.073124625
0.07301274
0.07346466
0.07388959
0.073200166
0.07299997
0.072770976
0.072712265
0.072780035
0.07296093
0.07295821
0.073460035
0.073885195
0.07385164
0.073762245
0.07372369
0.072940096
0.073270306
0.07280364
0.072641164
0.07258196
0.07347623
0.07207715
0.07307905
0.07250152
0.07291649
0.072663315
0.07286392
0.07289937
0.07262451
0.072918326
0.073423766
0.073397495
0.07302151
0.07329194
0.07390204
0.07380616
0.073812015
0.07419675
0.07403899
0.07395288
0.074419476
0.07432146
0.07465704
0.07389392
0.07304183
0.073318444
0.07328967
0.073526055
0.07303232
0.07289519
0.07303785
0.072845496
0.07263656
0.07280347
0.073049344
0.07379672
0.073424585
0.072927795
0.073367134
0.07237904
0.07267903
0.07301312
0.07325018
0.0733454
0.07396058
0.07278333
0.07361548
0.073220514
0.073139265
0.072855644
0.072971664
0.072609484
0.072709106
0.0725952
0.072311126
0.07367597
0.073316164
0.072883345
0.07322933
0.07223929
0.073191926
0.0726845
0.07267244
0.073454544
0.072271034
0.07292267
0.072505765
0.07250807
0.072872035
0.07248317
0.07232125
0.07275828
0.07272605
0.07307726
0.073271506
0.07291952
0.07248611
0.07235595
0.072784
0.072863884
0.072386876
0.07277896
0.072285034
0.072604865
0.07260217
0.07260022
0.07301689
0.07251605
0.07219814
0.071950175
0.07219181
0.07242529
0.07199106
0.07223686
0.07177399
0.07274892
0.072074845
0.07226227
0.07189155
0.07267478
0.07215969
0.07392638
0.073161446
0.07288141
0.0724809
0.0727301
0.071996614
0.07223149
0.07218156
0.07212539
0.07285133
0.07273946
0.07275847
0.072201274
0.072914615
0.07208707
0.072346374
0.07177097
0.07229136
0.072511606
0.07202939
0.07188128
0.071928665
0.07129461
0.07213735
0.072505765
0.07172447
0.07204016
0.07207816
0.07230639
0.07218817
0.0720951
0.07245044
0.07151801
0.07214338
0.07227252
0.072903655
0.07280534
0.07300821
0.07275027
0.07333253
0.07213463
0.073361814
0.07466089
0.07435188
0.074126415
0.07425286
0.075060755
0.07466156
0.074996404
0.075166024
0.07368454
0.07449073
0.07436494
0.07450963
0.07496263
0.07456963
0.07441089
0.07455832
0.0749867
0.07409237
0.07507288
0.07441857
0.0741586
0.074613035
0.07354333
0.073914744
0.07358009
0.0739182
0.07403549
0.07358092
0.07352267
0.07328393
0.07344323
0.07351579
0.07329977
0.073331065
0.07406961
0.0739564
0.07352564
0.073487185
0.07329765
0.073335305
0.07328465
0.074659295
0.073486984
0.07324696
0.07351631
0.07304396
0.0736074
0.07299679
0.07265213
0.07301005
0.07263086
0.072787724
0.072583266
0.07307933
0.07208604
0.07308564
0.07287889
0.073814705
0.07309876
0.0729732
0.07273396
0.07305412
0.07267437
0.07340626
0.07250728
0.07293274
0.07341202
0.07308441
0.073282994
0.073059544
0.07330853
0.072757885
0.0729054
0.07285
0.07350128
0.073211245
0.073080465
0.07317246
0.07322635
0.07388148
0.07319981
0.0731785
0.07339046
0.073876955
0.07304392
0.07337933
0.0729288
0.07342519
0.073647395
0.07378273
0.07345224
0.07301379
0.073313564
0.073173806
0.07324275
0.07272572
0.07323881
0.07360179
0.072771646
0.07294892
0.07223942
0.07258276
0.07219999
0.07245959
0.07224171
0.0719324
0.07255551
0.07260852
0.07226583
0.07260477
0.0727529
0.07242901
0.07243105
0.07340166
0.07288278
0.07302787
0.0722503
0.072281934
0.07250296
0.073094465
0.07272188
0.07276556
0.07255914
0.07213226
0.07232359
0.07261406
0.072227605
0.071970046
0.07193704
0.07279541
0.072314076
0.07243005
0.07244549
0.07322084
0.07289463
0.07234826
0.07201455
0.071814395
0.07221062
0.07239496
0.07256213
0.072387315
0.0725884
0.072485976
0.07259374
0.07218078
0.07210891
0.07236817
0.07242944
0.072903804
0.07257325
0.07326953
0.0725356
0.07342698
0.07214826
0.07229039
0.07236674
0.072379574
0.072518736
0.07165564
0.07229232
0.07262653
0.072619855
0.07236009
0.07239412
0.07281636
0.072615005
0.07288293
0.073472135
0.07360544
0.072320096
0.073839895
0.07227852
0.07176002
0.07287636
0.07241331
0.07284278
0.07300765
0.0721164
0.07242399
0.072085574
0.0731127
0.07398003
0.07395054
0.07458988
0.07388163
0.0743455
0.07449721
0.07434353
0.07335559
0.07337625
0.07394244
0.074337564
0.07404491
0.073969014
0.07406785
0.074011534
0.07325938
0.07377596
0.07328635
0.07343097
0.073530346
0.07369347
0.0743755
0.073847614
0.07341466
0.07380132
0.07325626
0.07384579
0.07358933
0.07303208
0.073545925
0.073384546
0.07301925
0.07412086
0.07345874
0.07320001
0.07295011
0.07287386
0.07316256
0.073447056
0.073361814
0.07293697
0.0733656
0.07323224
0.073273055
0.07316227
0.07305888
0.07332477
0.073207274
0.072443806
0.073039584
0.07301722
0.07296985
0.07206513
0.07210031
0.07241537
0.073042974
0.072366096
0.07297071
0.07353949
0.0726809
0.07217028
0.0723682
0.07255397
0.07342073
0.072170645
0.072371036
0.07295158
0.07279505
0.07179783
0.07174344
0.072737955
0.072928816
0.071941905
0.07275218
0.07186071
0.07233533
0.072741404
0.07228331
0.07171412
0.07220356
0.07225415
0.07184801
0.072071016
0.072556555
0.07302029
0.07226654
0.07180791
0.07171131
0.0713725
0.071912214
0.072056316
0.07184654
0.0721385
0.07253895
0.072339185
0.07135452
0.07216951
0.07232355
0.071838476
0.07260266
0.07258597
0.07265147
0.07247588
0.07247572
0.07248143
0.07274441
0.07294925
0.07234469
0.07232782
0.07265495
0.07244445
0.07264875
0.07189677
0.07198937
0.0717372
0.07211639
0.07173174
0.07104931
0.07151518
0.07183222
0.07187896
0.072129875
0.07181375
0.07182856
0.07249494
0.07236852
0.07221977
0.07158875
0.0716383
0.071313165
0.0719835
0.072595224
0.07217076
0.07223685
0.07185596
0.071802296
0.07191647
0.07185342
0.07204249
0.071798585
0.07158183
0.07153877
0.07157081
0.07181553
0.072099246
0.07181608
0.07200621
0.07244322
0.07134789
0.071091615
0.072482
0.07121789
0.07182144
0.07126769
0.0716737
0.071743324
0.071861304
0.071456224
0.071652904
0.07133681
0.07141387
0.07186657
0.07251496
0.07113155
0.07197627
0.072165266
0.07207021
0.071750484
0.07107924
0.07163986
0.07187122
0.071927145
0.07173448
0.07148524
0.07245131
0.07238649
0.07242829
0.07159876
0.071832515
0.0722865
0.07280527
0.07247153
0.072090514
0.07214074
0.07198364
0.07212179
0.07137908
0.0719332
0.072848625
0.071458206
0.07229088
0.07160553
0.07187421
0.07214719
0.07185052
0.07260832
0.07205886
0.07179798
0.07145733
0.07149762
0.071240254
0.072214335
0.071851954
0.0713362
0.072306104
0.07146937
0.07161632
0.0719029
0.071167655
0.07184053
0.07186631
0.07170045
0.07208012
0.0718147
0.07161247
0.07142843
0.07121985
0.07158767
0.07160955
0.071497284
0.071185485
0.07133411
0.07190309
0.07086791
0.071253814
0.071426004
0.07096307
0.071544014
0.07121115
0.07205445
0.07171173
0.07148809
0.07098205
0.07180392
0.070940115
0.07117482
0.071342416
0.0713421
0.07205865
0.07129841
0.07117936
0.07146293
0.07095341
0.071384475
0.07210785
0.07126398
0.07106717
0.0718827
0.0712165
0.07170841
0.072011866
0.07206852
0.07169849
0.07172156
0.07096318
0.07139187
0.07181953
0.07168874
0.071146205
0.07161582
0.07178637
0.07161091
0.071539916
0.07148281
0.07162505
0.070993476
0.07136621
0.07155941
0.07177631
0.07134533
0.07108463
0.071876444
0.07175872
0.07166411
0.07158436
0.0712462
0.0722811
0.071326
0.07194241
0.07157641
0.07204292
0.07140207
0.071198024
0.07183012
0.071479425
0.071177885
0.070985705
0.07205468
0.07144059
0.07209185
0.071838364
0.07206878
0.07098309
0.0718856
0.07088271
0.071515
0.07131584
0.070830055
0.070927404
0.07175857
0.07151455
0.07116765
0.07098778
0.07106479
0.07123271
0.07163304
0.071429975
0.0713486
0.07150567
0.07153284
0.07185449
0.07194201
0.07127944
0.0718322
0.07120006
0.07169219
0.07128846
0.0709543
0.071243614
0.071735494
0.07140511
0.07158639
0.0719602
0.072321765
0.07155693
0.07193579
0.07160111
0.071054764
0.0717076
0.072006054
0.071882084
0.07096236
0.07087143
0.07114145
0.0711174
0.07175554
0.07169939
0.07203041
0.071128
0.071721956
0.071287
0.07111882
0.07096881
0.07113726
0.07129487
0.0715945
0.07105357
0.07125683
0.071075454
0.07128494
0.07111674
0.07122725
0.070834
0.07087866
0.07080534
0.07061948
0.07133283
0.07082828
0.0709594
0.071296476
0.0711795
0.07111706
0.07089749
0.07089693
0.07053968
0.07113515
0.070889585
0.07106718
0.07099635
0.070913605
0.070593536
0.071106866
0.07098353
0.07120907
0.07053748
0.07053577
0.071283564
0.07085811
0.07080862
0.07108973
0.07012796
0.07108368
0.07068409
0.07119008
0.07095251
0.07085253
0.070585564
0.071431935
0.07135564
0.07176798
0.07104348
0.07070585
0.07153323
0.07100417
0.07061599
0.07131926
0.0713083
0.0717682
0.07061898
0.07067626
0.07072148
0.07112894
0.07140307
0.07151077
0.07083301
0.07062447
