===================== Time: [Thu Aug 11 15:20:29 2022] ========================0.02670498
0.027619984
0.026481064
0.025297865
0.024544617
0.024252916
0.024098838
0.02401353
0.024170535
0.023917489
0.02377984
0.023524364
0.02307721
0.023213044
0.022813508
0.022414796
0.022304429
0.022629732
0.02232795
0.02210543
0.02198288
0.022172447
0.022194613
0.021941489
0.022004042
0.021845095
0.02182067
0.021658247
0.021738203
0.021945335
0.021678587
0.021605024
0.021650776
0.02139061
0.021929218
0.021802614
0.022070551
0.02168339
0.021509076
0.021522783
0.02164057
0.021633232
0.021524422
0.021380188
0.021691173
0.02185185
0.021526655
0.021464141
0.021743597
0.021824218
0.021373944
0.021146152
0.021117024
0.021282032
0.021184629
0.02135489
0.02131889
0.020941924
0.020713659
0.020910721
0.021042844
0.020878851
0.020879438
0.020885544
0.020463334
0.02072073
0.020743856
0.02077458
0.020769257
0.02074992
0.020896444
0.020999683
0.020740552
0.020655114
0.020681048
0.0206411
0.020710623
0.020600595
0.020672461
0.02075308
0.020637238
0.020495143
0.020874837
0.020612445
0.020750178
0.020774249
0.020607913
0.020863896
0.02068455
0.020489525
0.020412339
0.020518074
0.020320885
0.020488903
0.020309798
0.020296892
0.020420989
0.020368982
0.020255608
0.02024437
0.020224279
0.020118563
0.02030199
0.020387933
0.020234594
0.020339862
0.020294707
0.020255161
0.020278824
0.020242086
0.020123793
0.020170609
0.020010652
0.019905096
0.01998783
0.019867765
0.019713476
0.019952113
0.020179436
0.020283526
0.020069664
0.019901171
0.019882068
0.019911664
0.019708447
0.019737672
0.01978051
0.01974939
0.019719478
0.019734493
0.019848421
0.019901616
0.019791596
0.019727344
0.019713039
0.019629644
0.019563947
0.01953139
0.01961599
0.019660616
0.019545946
0.019719264
0.019638155
0.01971453
0.019515619
0.019693175
0.019621473
0.019585308
0.019541938
0.019444535
0.019695906
0.019535348
0.019528886
0.019412832
0.019475387
0.019385649
0.019370599
0.019455
0.019453999
0.019457119
0.019448355
0.01927464
0.019361084
0.019393643
0.019413022
0.019228918
0.019254688
0.019318517
0.019134406
0.019019682
0.019123428
0.019170024
0.01906105
0.018997489
0.019128216
0.019301258
0.019415742
0.019405207
0.019366985
0.019558655
0.019605277
0.019472409
0.01926745
0.019363154
0.019204758
0.019311262
0.019269498
0.019157233
0.019129135
0.019330181
0.01924399
0.019392448
0.019375186
0.019338397
0.019341482
0.019254666
0.019153548
0.019209545
0.019299138
0.019158231
0.019070832
0.01927751
0.01921179
0.01917325
0.019248737
0.01945903
0.019413281
0.019448027
0.019294133
0.019332973
0.019372037
0.01934823
0.01933365
0.019335903
0.019264625
0.019408062
0.019171296
0.019030683
0.01909756
0.019037547
0.01909665
0.019035704
0.018910762
0.019054895
0.019140808
0.019028412
0.018964676
0.019086007
0.019081824
0.018991156
0.018974071
0.018807732
0.018823223
0.019152384
0.019183526
0.019188533
0.01903309
0.01900877
0.018958708
0.018990986
0.019118728
0.019130243
0.01906403
0.019027166
0.018911077
0.018973136
0.019046674
0.018964557
0.019043388
0.0187998
0.01880954
0.018909836
0.018788064
0.018854398
0.018885681
0.018873585
0.018805986
0.018897714
0.018779883
0.018845938
0.018786827
0.018777216
0.019007333
0.018972706
0.018946124
0.018983826
0.01897141
0.018930253
0.018906932
0.018830251
0.018682165
0.018767672
0.01880838
0.018624477
0.018804085
0.018669812
0.018726198
0.01878455
0.018798003
0.018725313
0.018557463
0.018656692
0.018573634
0.018635696
0.018664261
0.018634504
0.018655388
0.018660547
0.018410664
0.018629182
0.018743776
0.0187026
0.018708529
0.018670725
0.01866756
0.018704241
0.018606795
0.01876613
0.01853319
0.018580688
0.018494975
0.01848662
0.018513935
0.018529642
0.018535914
0.018641166
0.01864321
0.018615795
0.018518917
0.018642996
0.018594775
0.018528817
0.018521119
0.018664362
0.018727032
0.0186686
0.018557176
0.018441703
0.018539783
0.018479463
0.018550424
0.018678436
0.018615464
0.01850534
0.018516378
0.018490247
0.01841911
0.018358888
0.018432952
0.018484285
0.018464241
0.018488312
0.018378219
0.018349284
0.01846709
0.018309908
0.018448409
0.018383507
0.018509628
0.018386813
0.018431956
0.018382309
0.018476006
0.018478949
0.018483931
0.018488167
0.018655017
0.018676002
0.01838882
0.018500105
0.018540641
0.018597132
0.018467503
0.01868266
0.01866146
0.018558882
0.018613562
0.018403988
0.018436976
0.018642403
0.018592173
0.018597621
0.018485192
0.018389134
0.018398156
0.01861691
0.018717412
0.018832453
0.018984472
0.01886507
0.01887457
0.01885456
0.018984333
0.019128865
0.018934164
0.018763497
0.01873876
0.018696992
0.018797562
0.018706845
0.01878492
0.018549133
0.01855809
0.018571787
0.018624507
0.018681431
0.01864337
0.018521365
0.018488651
0.018479984
0.018501537
0.018562945
0.018522648
0.018463831
0.01849301
0.018405443
0.0184555
0.018313691
0.018416319
0.018296458
0.01825546
0.018333158
0.018367598
0.018217752
0.01829451
0.018215569
0.018229151
0.018343523
0.018402217
0.018313138
0.018258812
0.018255487
0.018265573
0.018319512
0.018334793
0.018382773
0.018408056
0.018366603
0.018362349
0.018464785
0.018303141
0.018419584
0.018427426
0.018421646
0.018407786
0.018365601
0.018403243
0.018407023
0.018470988
0.018313434
0.018507704
0.018518893
0.018332776
0.018346764
0.018435873
0.018302737
0.018278608
0.018301353
0.01823863
0.018369453
0.018374806
0.018384852
0.018325487
0.01823272
0.018159494
0.018216822
0.018312057
0.01827521
0.018316872
0.018321974
0.018335916
0.018301493
0.018292198
0.018357357
0.018421575
0.018361466
0.018521257
0.01848108
0.018595543
0.018464161
0.018414162
0.018332126
0.018301621
0.018308003
0.018315395
0.01837063
0.018250784
0.018324412
0.018188344
0.018326188
0.018261759
0.018115567
0.018304778
0.018131115
0.018222548
0.018381035
0.018436367
0.01829182
0.018317463
0.018353658
0.018244442
0.018125257
0.018110117
0.017990455
0.018102048
0.01820092
0.018281799
0.018115593
0.01803618
0.01825476
0.018183129
0.018132774
0.018109934
0.018237615
0.018265044
0.018199828
0.018191028
0.01814107
0.018088568
0.018108271
0.01815217
0.018119082
0.01801796
0.01821084
0.018341942
0.018257875
0.018393682
0.018088816
0.018202502
0.018204106
0.0182443
0.018210106
0.018346082
0.018389545
0.018258898
0.018358566
0.018130494
0.018195506
0.01824841
0.018201215
0.018277396
0.018335184
0.018276537
0.01819143
0.018159358
0.018191393
0.018128943
0.018038457
0.018057097
0.017955828
0.018062485
0.018039603
0.018082624
0.018045176
0.01803595
0.018006165
0.017947832
0.01814001
0.018046048
0.018102642
0.01812445
0.017993744
0.018120015
0.018016506
0.017998913
0.017992256
0.018025542
0.018008824
0.017984053
0.018111538
0.018002655
0.017924596
0.017893355
0.017787902
0.017929321
0.017965302
0.01787692
0.018170424
0.018087339
0.018043486
0.018053107
0.0180956
0.017954962
0.017956497
0.018130917
0.018172124
0.018000409
0.01799667
0.018102357
0.017980495
0.017973833
0.0180052
0.018085696
0.018256579
0.018290335
0.018138794
0.018142506
0.018355362
0.018589796
0.018323505
0.018317169
0.01826364
0.018245118
0.018259505
0.01821929
0.018278224
0.018349534
0.01824766
0.018305883
0.018303527
0.018264638
0.0180667
0.018170206
0.018219797
0.01825539
0.018109135
0.018164802
0.018216774
0.018146176
0.018374885
0.018415693
0.018279744
0.01794506
0.018091474
0.018322583
0.018238626
0.01817322
0.018169638
0.018089395
0.018028999
0.018011032
0.017977027
0.017900508
0.018058773
0.017961463
0.018078145
0.018075498
0.017998112
0.017964851
0.018082794
0.01787477
0.017906798
0.017912481
0.01794223
0.018021084
0.018021727
0.01775957
0.017803889
0.017946674
0.018041458
0.017970372
0.017899148
0.017985897
0.017911382
0.017949674
0.017903948
0.017939255
0.017857186
0.017945345
0.01791246
0.017969582
0.01806585
0.018036533
0.01806079
0.017794637
0.017804917
0.017775226
0.017828839
0.017838141
0.01775596
0.017829856
0.017771821
0.017914053
0.017867912
0.017802246
0.017929444
0.017929561
0.018019728
0.018054577
0.018044645
0.017995857
0.017971177
0.018007288
0.017916383
0.01798508
0.017911697
0.017770303
0.017885173
0.017936187
0.01801057
0.018134741
0.018145297
0.0182321
0.017981697
0.018111909
0.017807616
0.017934939
0.01806754
0.01785998
0.017887948
0.017969334
0.01793467
0.017937677
0.017959023
0.01778597
0.017862713
0.017863816
0.017737336
0.017732695
0.017739752
0.017791824
0.017705834
0.017802307
0.017876081
0.01776379
0.017770916
0.017675787
0.017720431
0.017537853
0.017643034
0.017773576
0.01778636
0.017786155
0.017792724
0.017806575
0.017811466
0.017683703
0.017718697
0.017805057
0.01775164
0.017954709
0.017878268
0.01791403
0.018100325
0.017941145
0.017868167
0.017928062
0.017861871
0.017841268
0.017962398
0.017848223
0.017914834
0.017899431
0.01789062
0.017813563
0.0178225
0.017814294
0.017782433
0.017855598
0.017860075
0.017887784
0.01784833
0.01781521
0.017787628
0.01767481
0.017660521
0.017620651
0.017747214
0.017707927
0.017711733
0.017746978
0.017651355
0.017723978
0.017759657
0.01778299
0.017668173
0.017736834
0.017952856
0.017994002
0.017926479
0.01789273
0.017903674
0.01797733
0.017991468
0.018007414
0.017788406
0.017785832
0.01779889
0.017872186
0.018017253
0.017823152
0.017816072
0.017818639
0.01786476
0.017976286
0.017834356
0.0179216
0.017868208
0.017783927
0.017793886
0.017882453
0.01791089
0.017867828
0.017905125
0.01783024
0.017801419
0.017887112
0.017904257
0.017867636
0.017941859
0.01797362
0.017712329
0.017795667
0.017749926
0.01779136
0.017775074
0.017732957
0.017718112
0.017745623
0.01769917
0.017525654
0.017591577
0.017624592
0.017645635
0.017629478
0.01768432
0.017859736
0.017910518
0.017825732
0.017896097
0.017832238
0.017902896
0.017781362
0.017790187
0.017754897
0.017726852
0.017552428
0.017579012
0.01767446
0.017630283
0.017649246
0.017680196
0.0177392
0.0177056
0.01765731
0.017628679
0.017700875
0.0175997
0.017662851
0.017573318
0.01763893
0.01762302
0.017636597
0.017744895
0.017615851
0.017689452
0.017621998
0.017677208
0.0175504
0.017534059
0.017557
0.017658051
0.0175447
0.017623153
0.017620612
0.017518884
0.017508913
0.017468108
0.01760575
0.017592516
0.017637087
0.017709272
0.017605076
0.017724767
0.017633641
0.017670237
0.017577171
0.017654758
0.017620973
0.017698042
0.017672062
0.017675405
0.017648436
0.017547278
0.017801028
0.017766347
0.017863609
0.017633535
0.017523794
0.017716723
0.017727027
0.017825957
0.017859627
0.017828247
0.017792715
0.017598698
0.017722216
0.017782101
0.017637584
0.017733408
0.017702442
0.017604522
0.017685967
0.017696703
0.01776178
0.017693821
0.017527279
0.017493669
0.017596535
0.017518679
0.017589908
0.017556548
0.017554145
0.017610293
0.017575808
0.017668717
0.017518722
0.017608985
0.017595777
0.0175259
0.017649528
0.017577602
0.017452495
0.017513044
0.01751812
0.017721025
0.01770393
0.01751268
0.017679915
0.017686246
0.017604118
0.017670859
0.01760244
0.017604018
0.01761785
0.01760308
0.01755436
0.017588198
0.017576063
0.017560992
0.017576892
0.01757658
0.01762184
0.01747801
0.017539637
0.017647717
0.017694665
0.017615251
0.017646441
0.01767656
0.017586878
0.017586742
0.017584939
0.0176162
0.017553404
0.017581182
0.017612346
0.017483203
0.017676735
0.017474763
0.017566513
0.017482797
0.017555341
0.017563708
0.017649261
0.017585874
0.017681003
0.01770603
0.017623628
0.017539104
0.01755971
0.017566115
0.01760794
0.017684715
0.01755609
0.017589545
0.017597394
0.01753605
0.017532667
0.01753978
0.017584259
0.017536545
0.017555544
0.017519686
0.017566698
0.01756834
0.017431451
0.017414324
0.017475896
0.017573407
0.017553223
0.017445454
0.01744257
0.017366035
0.017493987
0.017468475
0.017523818
0.017377999
0.017501563
0.01750203
0.017580165
0.017412553
0.017526424
0.01734367
0.017372962
0.017369282
0.017512154
0.017434156
0.017536847
0.017560106
0.017633963
0.017646333
0.017677257
0.01761713
0.017346876
0.017320782
0.017266642
0.01737308
0.017361952
0.017414695
0.01743546
0.017424894
0.017434418
0.017324714
0.017516416
0.01745101
0.017443934
0.017541533
0.01744172
0.01739288
0.017394012
0.017407574
0.017445711
0.017421743
0.017266471
0.017283138
0.017335733
0.0171501
0.01732488
0.017349359
0.017362444
0.01727651
0.017410887
0.017483748
0.017361108
0.01738945
0.01749723
0.017374499
0.017426766
0.01737785
0.017399559
0.017344138
0.01746887
0.0173698
0.017463963
0.017388362
0.017382659
0.017338296
0.017544243
0.017307378
0.01753652
0.017265536
0.017271169
0.017524041
0.017474258
0.017494803
0.017541647
0.017363852
0.017684978
0.017727861
0.017523699
0.017561117
0.017360592
0.017384581
0.01755302
0.017393244
0.017413318
0.017359832
0.017390292
0.017381925
0.017400788
0.017449247
0.017386802
0.017398128
0.017398886
0.01745685
0.017354557
0.017443573
0.017387014
0.017325664
0.017319825
0.017455544
0.017601972
0.01764232
0.017449746
0.017430648
0.017353818
0.017388288
0.017411433
0.01741314
0.017289933
0.017347556
0.017495725
0.017455885
0.017504923
0.017431907
0.01750074
0.017648019
0.017332911
0.017388387
0.017332695
0.017437408
0.017478116
0.01762782
0.017358476
0.017465187
0.017597018
0.017494433
0.017539978
0.017726427
0.017571367
0.01756632
0.017473428
0.017448237
0.017574582
0.017794183
0.017846163
0.01780802
0.01774448
0.017618319
0.01754981
0.017433291
0.017555373
0.017569548
0.017529521
0.017532442
0.017516907
0.017405342
0.017594077
0.017575543
0.01753179
0.017440759
0.017389268
0.017341062
0.01753285
0.01751088
0.017507916
0.01746886
0.01755305
0.01757441
0.017460817
0.0175098
0.017535683
0.01750108
0.01749631
0.017493358
0.01755459
0.017622039
0.017503371
0.017575346
0.017699784
0.017622368
0.017481666
0.017511027
0.017611487
0.017456166
0.017423503
0.017568529
0.017498443
0.017546076
0.01763427
0.017487673
0.01758458
0.017435191
0.017385608
0.017433478
0.01748478
0.01744334
0.01732092
0.017408239
0.017398542
0.017450735
0.017401224
0.017345084
0.017239314
0.017489223
0.017361734
0.01756668
0.017305661
0.017390728
0.017441703
0.01754309
0.01740115
0.017395219
0.01735811
0.017418368
0.017518187
0.017452713
0.017453415
0.017494984
0.017535158
0.017484525
0.017427977
0.017374365
0.017477294
0.01739328
0.017360354
0.017418021
0.017429814
0.017463583
0.017514898
0.017379563
0.017305542
0.017430082
0.017479159
0.017356241
0.017346002
0.017447187
0.017310256
0.017356541
0.017438557
0.017377235
0.017480744
0.017339524
0.01742157
0.017431179
0.017428702
0.017415583
0.017366191
0.017377293
0.017224133
0.017375447
0.017329598
0.017359728
0.017283482
0.017255679
0.017372457
0.017256903
0.01729671
0.017285634
0.017391814
0.01722912
0.017144399
0.017372351
0.017111119
0.017207047
0.017429244
0.017385954
0.01740475
0.017455785
0.017435107
0.017346391
0.017474994
0.017246643
0.017268883
0.017338865
0.017212592
0.01729951
0.017327318
0.01740582
0.017239956
0.017452052
0.017447114
0.017502854
0.017374754
0.017421076
0.01729544
0.017352728
0.017185211
0.017104227
0.017109696
0.017070353
0.017318476
0.017346919
0.017464532
0.01736137
0.017186757
0.017304262
0.017279642
0.017403997
0.017447418
0.01731495
0.0173193
0.017371297
0.017267734
0.017122757
0.017276304
0.017384497
0.01729942
0.017344853
0.017369298
0.017316068
0.017141188
0.017220741
0.017066415
0.01715363
0.017078301
0.01717692
0.017232604
0.017284878
0.017220246
0.017143097
0.017249009
0.017323136
0.017053533
0.017274385
0.017164879
0.017229034
0.017150175
0.017126678
0.017212955
0.01719071
0.017120775
0.017122163
0.01726574
0.017200813
0.017005311
0.017253032
0.017184835
0.01725324
0.01711454
0.017146332
0.017130025
0.017002566
0.017195838
0.017174525
0.017047612
0.01717221
0.017203046
0.017219858
0.017072337
0.017162956
0.017005
0.017054697
0.017129865
0.017158467
0.017037023
0.017028071
0.01702675
0.017109578
0.017014477
0.017017791
0.017121742
0.017131293
0.017229613
0.017250357
0.017286532
0.017269846
0.017165551
0.017229455
0.01721413
0.017422255
0.017419811
0.017362265
0.017444214
0.017474702
0.017336242
0.017262762
0.017249145
0.017273493
0.01715719
0.017273026
0.017293248
0.017235642
0.017140202
0.017087243
0.017067162
0.01705698
0.017137505
0.017103374
0.017119445
0.01718058
0.017320063
0.017315324
0.017114446
0.017029135
0.01712932
0.017284235
0.017091462
0.017100833
0.017128428
0.017167235
0.017165177
0.017234592
0.017306194
0.017194387
0.017090162
0.017138269
0.017163059
0.017179813
0.017147772
0.017081771
0.017172799
0.017192261
0.017167322
0.017165884
0.017080057
0.017093074
0.017117966
0.017063027
0.017038912
0.017083429
0.017326944
0.017310431
0.01721465
0.017119328
0.016982794
0.017223582
0.017164236
0.017223356
0.017175287
0.017143412
0.017129907
0.017199343
0.017165285
0.017121188
0.017059837
0.017106563
0.016988147
0.017007777
0.017028973
0.017097598
0.017112201
0.017100658
0.017078793
0.017077414
0.0169032
0.016965184
0.017144164
0.017055977
0.016950503
0.016981363
0.017119514
0.017060084
0.0170837
0.017075146
0.017137313
0.01724583
0.017220462
0.017089587
0.017234271
0.017170306
0.017081378
0.017062552
0.017013049
0.017055476
0.017077561
0.017036049
0.016945213
0.01708502
0.01699689
0.017045012
0.016985834
0.016993264
0.017194217
0.017202247
0.017165191
0.017200332
0.017097756
0.017092105
0.016960887
0.017136745
0.017095147
0.017061349
0.017050166
0.01697416
0.01708343
0.016921673
0.01690782
0.016986327
0.01684443
0.016977534
0.017049849
0.01703087
0.016910871
0.016908308
0.017022192
0.017006474
0.016920736
0.01687905
0.016952945
0.016888414
0.016974542
0.016998885
0.016986381
0.017022813
0.017044507
0.017012049
0.017063862
0.016976986
0.017101
0.017006505
0.016974181
0.016912306
0.016912796
0.016977243
0.016968664
0.017016988
0.017001526
0.01705095
0.017055374
0.016965318
0.017045276
0.017031888
0.016975483
0.016866896
0.017005522
0.016891759
0.016930543
0.016845176
0.016965274
0.016960034
0.017015576
0.01695668
0.016965108
0.016925748
0.016910153
0.016861342
0.01697666
0.017032776
0.017084712
0.016939878
0.016896656
0.016986942
0.016962545
0.017004507
0.017064508
0.017108608
0.017210796
0.017035231
0.01692686
0.017060017
0.017123867
0.017065888
0.017039344
0.017065916
0.017097622
0.017069142
0.017005216
0.017014071
0.016883232
0.017141603
0.016942117
0.016938552
0.017011978
0.016916368
0.016945817
0.017005816
0.017008854
0.016981093
0.016856877
0.016885266
0.016921358
0.017038891
0.017011259
0.016925074
0.01691145
0.01698301
0.016996333
0.017057447
0.017163103
0.01693288
0.017010221
0.01699878
0.017058296
0.016970798
0.01710252
0.01699642
0.016911587
0.016812608
0.01680343
0.017089587
0.016985152
0.016917601
0.016961388
0.017002486
0.017043758
0.017009215
0.016925097
0.01704167
0.017037306
0.01699898
0.01698196
0.01697205
0.01702472
0.017014243
0.016926983
0.017027402
0.01700805
0.017074553
0.016960919
0.016951764
0.016925076
0.016908642
0.01695414
0.016845828
0.016913673
0.016971871
0.016872657
0.016927088
0.016982699
0.016934637
0.016974263
0.016917275
0.016776599
0.016927112
0.016897902
0.016874842
0.016921926
0.016928392
0.016921438
0.016887808
0.016877135
0.016960554
0.017011862
0.01696893
0.01692865
0.016989212
0.016945157
0.017170632
0.017124875
0.017048078
0.016855555
0.016843885
0.016870856
0.016932089
0.016988326
0.016954182
0.016939001
0.016935775
0.016883772
0.016886842
0.016957022
0.016939012
0.017096227
0.017016388
0.01696895
0.017128326
0.017025696
0.016906615
0.01700229
0.017094992
0.016969644
0.016907958
0.016990695
0.016952896
0.016961023
0.016995694
0.017129073
0.017011741
0.017020158
0.016902316
0.016950784
0.01703425
0.016996955
0.017095592
0.017087195
0.017116904
0.017098444
0.017127126
0.017032972
0.016984064
0.01703866
0.01696586
0.01691048
0.017000059
0.016846154
0.017117906
0.016941743
0.016920188
0.016908972
0.016945407
0.016941736
0.016936505
0.01682852
0.016906297
0.01686946
0.016847827
0.016850425
0.01700581
0.017031658
0.017130999
0.017131405
0.017003842
0.01700438
0.01709508
0.016952323
0.01702939
0.01701744
0.01711101
0.01702394
0.017008564
0.017016178
0.01690023
0.017113043
0.016956886
0.017089918
0.016992833
0.016967347
0.017084822
0.016913053
0.01712408
0.016990947
0.01699673
0.016982416
0.016970176
0.016940985
0.01682171
0.016860846
0.016873121
0.016845277
0.017044632
0.01703046
0.016860357
0.01691155
0.01704721
0.016992856
0.016985694
0.016885644
0.016845025
0.016893482
0.01683782
0.016963802
0.01689518
0.016920606
0.01691605
0.016915925
0.016902758
0.016983556
0.016837712
0.016851453
0.016935034
0.017003998
0.016926154
0.017061511
0.016903147
0.016894052
0.016911933
0.016915604
0.016852763
0.017040832
0.016852045
0.016933462
0.016869476
0.016895784
0.016927812
0.016757747
0.016737465
0.016808042
0.0168548
0.01684158
0.016802741
0.016800486
0.016850935
0.016771598
0.01686783
0.016783549
0.016895091
0.01676665
0.01679934
0.016722815
0.016879184
0.016917825
0.016943619
0.016921246
0.017101899
0.017062102
0.016973311
0.017179469
0.017140023
0.017128883
0.017040508
0.016999822
0.017092502
0.017070532
0.016934054
0.016991574
0.016895557
0.01699756
0.016981253
0.017045492
0.016932258
0.016911373
0.016895108
0.01689705
0.01696856
0.016989237
0.016984642
0.016896222
0.016944284
0.016802125
0.016922196
0.016883716
0.016974835
0.01693817
0.017036626
0.017032461
0.017005397
0.01688387
0.016821291
0.016811142
0.01696535
0.016961418
0.016903626
0.016842097
0.016860006
0.01679034
0.01688279
0.01696381
0.016997375
0.016830929
0.01687259
0.016838336
0.016859025
0.016738335
0.016852662
0.016903881
0.016942268
0.01694832
0.01685315
0.016973823
0.01692546
0.01686337
0.016753936
0.016812855
0.016901372
0.016840596
0.016723726
0.016720241
0.016884876
0.01691795
0.016830798
0.016987635
0.016804824
0.0168833
0.016848395
0.016813142
0.01688121
0.016834915
0.01674521
0.016783921
0.016894532
0.01684793
0.016775405
0.016863441
0.016904868
0.016872292
0.01690187
0.016957026
0.016969733
0.016994052
0.01690422
0.016666738
0.016836504
0.016914887
0.016851112
0.016862057
0.016858682
0.016885255
0.016881367
0.016937014
0.016905425
0.016871838
0.016775485
0.016796622
0.016840558
0.016744284
0.016915955
0.016831126
0.016891306
0.016847912
0.01679481
0.01682847
0.016817776
0.016783876
0.016818993
0.016813526
0.016704455
0.016718905
0.016918004
0.016803578
0.01670379
0.016816633
0.016936088
0.016866809
0.016744101
0.016851312
0.016916744
0.01694162
0.016774787
0.016832445
0.017004704
0.017000979
0.016904732
0.01696281
0.016792871
0.016954962
0.016850837
0.01696894
0.017045487
0.01696699
0.01710556
0.016937178
0.016901502
0.016878713
0.01697392
0.016852371
0.016942674
0.016897434
0.016989049
0.016927559
0.01687145
0.01704596
0.016832825
0.01690068
0.016848473
0.016890192
0.016854502
0.01689004
0.016897457
0.01673013
0.016795017
0.016744776
0.016741447
0.016725466
0.016890451
0.016761113
0.01675967
0.01686217
0.01679196
0.01680559
0.016749673
0.016835932
0.016808866
0.016763533
0.016718963
0.016672283
0.016765662
0.016899467
0.01691777
0.016796269
0.016937697
0.016785787
0.016722653
0.016890304
0.01687954
0.016756255
0.016821152
0.01676686
0.016732479
0.016801259
0.016748317
0.01674454
0.01671022
0.016816566
0.016736504
0.016758401
0.016852718
0.016841674
0.016774444
0.016756106
0.01676349
0.016700383
0.016828775
0.016823983
0.016813979
0.016839743
0.016788453
0.016893404
0.016861109
0.016917123
0.016987523
0.01689229
0.01683116
0.016704794
0.016717682
0.01664668
0.016804777
0.016671602
0.0167444
0.01678779
0.01682727
0.0168701
0.016631523
0.016880015
0.01670267
0.016812202
0.016716745
0.016738383
0.016764635
0.016789358
0.016849903
0.016923243
0.016806224
0.016861452
0.016768325
0.01675096
0.016786532
0.016662804
0.01681163
0.016818944
0.016809123
0.016794037
0.016819999
0.016778944
0.016794726
0.016827103
0.016772926
0.016720815
0.01675673
0.016769437
0.01686266
0.016889526
0.016685335
0.01671806
0.01680593
0.016717438
0.01671275
0.01684612
0.016776158
0.016705235
0.016646424
0.016721113
0.016806833
0.016772753
0.016738772
0.01688482
0.016804397
0.01691264
0.016937062
0.016870966
0.016950259
0.016832476
0.016767364
0.016810546
0.016788749
0.016917031
0.01701477
0.017015958
0.01695988
0.016957996
0.016841436
0.01694866
0.016928034
0.016989466
0.016981436
0.016991653
0.016877769
0.01698466
0.016899072
0.016771633
0.016908852
0.016769443
0.016927147
0.016794827
0.016926158
0.016885752
0.016888408
0.01687237
0.016905077
0.016870217
0.016859245
0.016896352
0.017048804
0.016946582
0.01692345
0.016822945
0.016975073
0.016902374
0.016882164
0.01706235
0.017104272
0.016973166
0.016873121
0.016826976
0.016745059
0.016850663
0.01676883
0.016733786
0.016763367
0.016903218
0.01675996
0.016864829
0.016899932
0.016819704
0.016806899
0.016883293
0.016813863
0.016797397
0.016775517
0.016778508
0.016799267
0.016808134
0.016823662
0.016796747
0.016821345
0.016792024
0.016810196
0.01684128
0.016765421
0.01679277
0.01677168
0.01679186
0.0168011
0.016663512
0.01678033
0.016770452
0.016815135
0.016828949
0.01687137
0.016773714
0.016760843
0.016815837
0.016683083
0.016765572
0.016842797
0.016732095
0.016716711
0.01674552
0.016759377
0.016733041
0.016680323
0.016695822
0.016760001
0.016739974
0.016735956
0.016657468
0.016788647
0.01673765
0.016678538
0.016627364
0.016685126
0.016697772
0.016695637
0.016800003
0.01671335
0.016759181
0.016823372
0.016800404
0.01670481
0.016812444
0.016773403
0.0169809
0.016991785
0.01671677
0.016757526
0.016690986
0.016899163
0.016891861
0.016771734
0.016672488
0.01680426
0.016824894
0.016800968
0.016824333
0.016724598
0.016834844
0.016792674
0.016859619
0.016995022
0.016910968
0.016883802
0.016915338
0.016752347
0.01689994
0.016892402
0.0169863
0.016662337
0.01673603
0.016748736
0.016906684
0.016940553
0.016942507
0.016944984
0.016815735
0.01686893
0.016896551
0.016896231
0.016823158
0.016946644
0.016884368
0.016877728
0.016840948
0.016891418
0.016799042
0.016833372
0.016814645
0.016817868
0.0168332
0.01697215
0.016832877
0.016810786
0.016686395
0.016676618
0.01666407
0.016777098
0.016754147
0.016688598
0.016785655
0.016616983
0.016717006
0.01671771
0.01677536
0.016784688
0.016772192
0.01675638
0.01677349
0.01674564
0.016708966
0.01662337
0.016668957
0.016633438
0.01675788
0.016738769
0.016653998
0.01671232
0.016716063
0.0167725
0.016736493
0.01670857
0.016699536
0.016634228
0.016670173
0.01661527
0.016642772
0.016821926
0.016733803
0.016572913
0.016619839
0.016670292
0.016710564
0.016781172
0.01670317
0.016773038
0.016854761
0.016672691
0.016639162
0.016605897
0.01664428
0.016647499
0.016566282
0.016599052
0.016676174
0.016609566
0.016822236
0.01676752
0.016667018
0.01661485
0.01669688
0.016601557
0.01665075
0.016706178
0.016576566
0.016708065
0.0168097
0.016731812
0.016729038
0.016677368
0.01678964
0.016834188
0.016711645
0.01677526
0.016841285
0.016766915
0.016741062
0.016656475
0.016704744
0.016807817
0.016785098
0.016774569
0.016767923
0.016860327
0.016877985
0.016826635
0.016710922
0.01668509
0.016822258
0.01671822
0.016846975
0.016777862
0.016817857
0.016626973
0.01684293
0.016765164
0.016860792
0.016658477
0.01672347
0.01678393
0.016716577
0.01671017
0.016762689
0.01690015
0.016773565
0.016664429
0.016660994
0.016633926
0.01671756
0.016646557
0.016657034
0.016787264
0.016835015
0.016867954
0.016727502
0.016801622
0.016885277
0.0169147
0.017003886
0.016671553
0.016833488
0.016878076
0.016854664
0.016925244
0.016789187
0.016866378
0.01691908
0.016741132
0.016840465
0.0167791
0.016804473
0.01675125
0.016785465
0.016785277
0.016684111
0.016668746
0.0166952
0.016630381
0.01676571
0.016688162
0.016631523
0.016756091
0.01673305
0.016834846
0.016672071
0.016626861
0.016553856
0.016666127
0.016726531
0.016605655
0.016601846
0.016722376
0.016613109
0.016628398
0.016664838
0.016669936
0.016642181
0.016532373
0.016689925
0.016605675
0.01654037
0.016545355
0.016630508
0.016561545
0.016710764
0.016588572
0.016606081
0.016486278
0.01657172
0.01657424
0.01653719
0.0165825
0.0164882
0.016596232
0.01651057
0.016529387
0.016483553
0.016635496
0.01653081
0.016558476
0.016532365
0.016581118
0.016553687
0.016599162
0.016544377
0.016611395
0.016563533
0.016650569
0.016643785
0.016692152
0.016607631
0.016463874
0.016608614
0.01672574
0.016701993
0.01685124
0.016654806
0.01667888
0.016725553
0.016726252
0.016662255
0.016630175
0.016670689
0.0167377
0.01664325
0.016713673
0.016640449
0.016723122
0.016600462
0.016685452
0.016732475
0.016859576
0.016621606
0.016686894
0.016699322
0.016693674
0.016706372
0.016694296
0.01669357
0.016539458
0.016598295
0.016668016
0.016600296
0.016603312
0.016711172
0.016659675
0.016679188
0.016511122
0.016680352
0.016686266
0.016569618
0.016548768
0.016406488
0.01655861
0.016580721
0.016617458
0.016568137
0.016648998
0.01660543
0.016388498
0.016633026
0.016525885
0.016407698
0.016457068
0.016611572
0.016535806
0.016551623
0.016669726
0.016532522
0.016596125
0.016649932
0.016608153
0.016629562
0.01659626
0.016667414
0.016608667
0.016628614
0.016635686
0.016638776
0.016559865
0.016511606
0.01653735
0.016553601
0.016578922
0.016644679
0.016590215
0.016728977
0.016803134
0.016752707
0.016707566
0.016590817
0.016788933
0.016904494
0.016828913
0.016823603
0.016730199
0.016897518
0.016876217
0.016861856
0.016816203
0.016907375
0.016853059
0.016710423
0.016882075
0.016691117
0.01668143
0.016684577
0.016684972
0.016914872
0.016850367
0.016863625
0.0168564
0.01677714
0.016724987
0.016757239
0.016833026
0.016820055
0.016664056
0.016751556
0.016765425
0.016675496
0.0166333
0.016645378
0.01663216
0.01662939
0.01666333
0.01680393
0.016784396
0.016721893
0.016700802
0.016582131
0.016679969
0.016769383
0.016801791
0.016727934
0.01664318
0.016735729
0.016751712
0.01667376
0.016653366
0.016729569
0.016590944
0.01666536
0.016596563
0.016682103
0.016745107
0.016771046
0.016722918
0.016743695
0.016765684
0.016658472
0.016556168
0.016587656
0.016607089
0.016677126
0.016628599
0.01656687
0.016531302
0.016641267
0.016510097
0.01654027
0.016588176
0.016639035
0.01655916
0.016538957
0.016569618
0.016470365
0.016514089
0.016597329
0.016531944
0.016646568
0.016602969
0.016592769
0.01671921
0.016586076
0.016667701
0.016601777
0.01657419
0.016553856
0.016571976
0.016529897
0.016611904
0.016475413
0.016445413
0.016436344
0.016526055
0.01657747
0.016458977
0.016543228
0.016557466
0.016640436
0.016591541
0.01655924
0.016494235
0.016515533
0.016554786
0.016564054
0.016635224
0.016588014
0.01660136
0.01662863
0.016534733
0.016615314
0.016712928
0.016660556
0.016714131
0.016549861
0.016589744
0.016763102
0.016759511
0.016577873
0.016625343
0.016701406
0.016797591
0.016641278
0.016544549
0.016546119
0.016463855
0.016572272
0.01646087
0.01643867
0.016543701
0.016440336
0.016640032
0.016701326
0.016565086
0.01661221
0.016504023
0.016521323
0.016565584
0.016641611
0.016648203
0.016825715
0.016684026
0.016625423
0.0166853
0.016647158
0.016728293
0.016745279
0.016874894
0.016704882
0.01666883
0.016710766
0.016753014
0.016708463
0.016693009
0.016691817
0.01658418
0.016714245
0.016682057
0.01656173
0.016688963
0.016872482
0.016800983
0.016875817
0.016944451
0.016683662
0.0167076
0.016838308
0.016822433
0.016645985
0.016731197
0.016771972
0.016730055
0.016676899
0.01670749
0.016750937
0.016804386
0.016929016
0.016943801
0.016773371
0.016764201
0.016770478
0.016795533
0.016746419
0.016617838
0.01659322
0.016671399
0.016591957
0.016719095
0.016600182
0.016657151
0.016643798
0.016620172
0.016605705
0.016638514
0.016663393
0.01680291
0.016717326
0.016651388
0.01654913
0.016629793
0.016635014
0.016610626
0.01669137
0.016623445
0.016706327
0.016687077
0.01680742
0.01677134
0.016741097
0.016671134
0.016674891
0.016613012
0.016689887
0.016668934
0.016576696
0.016718872
0.016609862
0.016546538
0.016588889
0.01657645
0.01655682
0.01662016
0.016557056
0.016622132
0.01663163
0.0166191
0.01652635
0.016471734
0.016563617
0.016537819
0.01665587
0.01649972
0.016621914
0.01656948
0.016491383
0.016509993
0.01653783
0.016567843
0.01654534
0.016589833
0.016627269
0.016494492
0.016623659
0.016621593
0.016545534
0.016514244
0.016482323
0.016483128
0.01650793
0.016457224
0.016487405
0.016480846
0.016582822
0.01659238
0.016487386
0.01651927
0.016531685
0.01648185
0.016478196
0.016486276
0.016546419
0.016584735
0.016561627
0.01651392
0.016646095
0.016671702
0.016611747
0.016553242
0.016554696
0.016662404
0.016670816
0.016640687
0.016828487
0.016608795
0.01664325
0.01667957
0.01672721
0.01665024
0.01659963
0.016629284
0.016716918
0.016771792
0.016843041
0.016671702
0.016645066
0.01675473
0.016608678
0.016585749
0.016616613
0.016649412
0.016726563
0.01673224
0.016516585
0.016628886
0.01669548
0.016598279
0.01654921
0.016583145
0.016602706
0.016617514
0.016578026
0.016721735
0.016681667
0.016565228
0.016557917
0.016692868
0.016622309
0.016525986
0.01653169
0.016433543
0.016581248
0.016524844
0.01639633
0.01656263
0.01655081
0.016591394
0.016590286
0.016549118
0.016519481
0.01644566
0.016545152
0.016529286
0.016643962
0.01663334
0.016562438
0.016618246
0.01671683
0.0164672
0.016584221
0.016581355
0.016506929
0.016452972
0.01659764
0.016715582
0.016523743
0.01657347
0.016515166
0.01649926
0.016613806
0.016662534
0.016642943
0.016502274
0.016570805
0.016591217
0.016526936
0.016567832
0.016642842
0.016580457
0.016566925
0.016574334
0.01651352
0.016572295
0.016466705
0.016617669
0.016538708
0.016580373
0.01659692
0.016476875
0.016628519
0.0165122
0.01656299
0.01646184
0.016532047
0.016554818
0.016471876
0.01659078
0.01662149
0.016554616
0.016560782
0.016563235
0.016712861
0.01661913
0.016662309
0.016637512
0.01650283
0.016618067
0.016555399
0.016559368
0.016571302
0.01658544
0.016547082
0.016537515
0.016519148
0.01664259
0.016775839
0.01662252
0.016557138
0.01659454
0.016604997
0.016581625
0.016567875
0.01663451
0.01656024
0.016668964
0.016594788
0.016720373
0.01673401
0.01663746
0.016525304
0.016610408
0.016638406
0.016758641
0.016718188
0.01665471
0.016785793
0.01661335
0.016605688
0.016509095
0.016551543
0.016527597
0.01669485
0.016850565
0.016611215
0.0166892
0.016574537
0.016601766
0.016503599
0.016480127
0.01653444
0.016505484
0.01644334
0.016539743
0.016548112
0.016515128
0.016546734
0.016498832
0.016603936
0.016477881
0.01650284
0.01649123
0.016483173
0.016466644
0.016585963
0.016556792
0.016589338
0.016535277
0.016552795
0.01662325
0.016716484
0.016606657
0.016577546
0.016594255
0.016566854
0.016642405
0.016533729
0.016645966
0.01666797
0.016508821
0.016586404
0.016497217
0.016456895
0.016549345
0.016490562
0.01657134
0.016620716
0.016549423
0.016604504
0.016561512
0.016635882
0.016520057
0.01657685
0.016605983
0.016687026
0.01664272
0.016680323
0.016745696
0.016795417
0.0166378
0.016779272
0.016742758
0.016697396
0.016651245
0.016627215
0.01644667
0.016622359
0.016693693
0.016633613
0.016482107
0.016604599
0.016709333
0.016693277
0.016648924
0.016699182
0.016676856
0.01662595
0.016757533
0.016526464
0.01652286
0.016534887
0.016690211
0.016585473
0.016589535
0.016542397
0.016493985
0.016464356
0.016555658
0.016545778
0.016534496
0.016530434
0.016478324
0.016562695
0.016542178
0.016501728
0.016461054
0.01651319
0.01657231
0.01643888
0.01645041
0.016484281
0.01643721
0.016531931
0.016573533
0.016721008
0.016534619
0.01652037
0.016464815
0.016359435
0.016503869
0.016526878
0.01640516
0.016365327
0.01641571
0.016438838
0.016445665
0.016465656
0.016467363
0.01658219
0.016500916
0.01648242
0.016442783
0.016455272
0.016380588
0.016397377
0.016505364
0.016465835
0.016423976
0.016536044
0.016585808
0.016580839
0.016590033
0.016630568
0.016592933
0.016515665
0.016530642
0.016364671
0.016488587
0.01647738
0.016330235
0.016471056
0.016407505
0.016551089
0.01664974
0.016580785
0.016593926
0.01659228
0.016506828
0.016639844
0.016485311
0.016525375
0.016626447
0.0166064
0.01657257
0.01652407
0.016567497
0.016623154
0.016604533
0.016580425
0.016605427
0.016611304
0.016607363
