===================== Time: [Thu Aug 11 03:37:07 2022] ========================
0.02362177
0.024156332
0.025078401
0.023573443
0.023005173
0.021463634
0.021060416
0.02111757
0.02089981
0.021008823
0.020850737
0.020881372
0.021010786
0.020678304
0.019854594
0.019233312
0.019308858
0.01898788
0.018948635
0.018748695
0.018876867
0.018513927
0.018754566
0.019004043
0.018754996
0.01834452
0.018550279
0.01851286
0.01836546
0.018440105
0.018506166
0.01839874
0.017914616
0.018075986
0.017891403
0.017445767
0.017385328
0.017544288
0.017012551
0.016891068
0.016810998
0.016456148
0.016365563
0.016729193
0.016564282
0.016586222
0.016872328
0.016837863
0.016650325
0.016339952
0.015984848
0.01610833
0.016097285
0.016330745
0.016118847
0.015861833
0.01588534
0.015917297
0.016047878
0.015799887
0.015806122
0.015814213
0.015799424
0.015516151
0.015588104
0.01583468
0.01553197
0.0153554445
0.015487106
0.015790638
0.015835261
0.015629403
0.015650675
0.015617021
0.015462721
0.015415252
0.015321114
0.015416062
0.015410808
0.01559313
0.015425351
0.015479252
0.015306153
0.015444092
0.015577228
0.015680304
0.015610195
0.0154053625
0.015151078
0.015227948
0.015147922
0.0152692385
0.015315133
0.015251549
0.01515234
0.015077353
0.015115429
0.014979629
0.01519062
0.0151355835
0.015155183
0.015034667
0.0150411
0.015007442
0.014963034
0.01490096
0.015164566
0.015165691
0.015324367
0.015188207
0.015027228
0.014957737
0.0147547405
0.014878141
0.014904118
0.015024204
0.014858027
0.014884514
0.014900284
0.014882378
0.0152719235
0.015022127
0.0149024185
0.014932576
0.014946118
0.015046674
0.015050365
0.01487617
0.014745842
0.014868429
0.014915778
0.014926055
0.01483759
0.014801195
0.014582747
0.014679186
0.014839391
0.014884234
0.014603263
0.014444751
0.014746061
0.014548992
0.014683821
0.014958195
0.015023529
0.014960961
0.014671763
0.014536441
0.014554829
0.014600152
0.014822987
0.01489054
0.014526484
0.014427066
0.014752691
0.014714387
0.014693801
0.014896458
0.014700374
0.0144162355
0.0143457
0.0145375235
0.014565476
0.014633797
0.014411381
0.014424923
0.014505466
0.0144404415
0.014409054
0.014515708
0.014600323
0.014562924
0.014234869
0.014391868
0.014444405
0.014293724
0.014410071
0.014104494
0.014247782
0.014250698
0.014235036
0.014225668
0.014401476
0.014290171
0.01434995
0.014292684
0.014171232
0.014074103
0.014228909
0.014178799
0.014158365
0.014137725
0.01412184
0.014092289
0.014138803
0.01418491
0.014177804
0.014215694
0.014278294
0.014235554
0.014167079
0.01413353
0.014259246
0.014218728
0.01423945
0.014149685
0.014179064
0.014082884
0.014176646
0.014138296
0.014124743
0.014120424
0.014208057
0.014039206
0.014072082
0.0141715035
0.014249749
0.014017517
0.014143599
0.014116131
0.014025295
0.014064656
0.013939757
0.014012582
0.013929265
0.0139163425
0.014019678
0.014109576
0.013997889
0.014198944
0.014274775
0.014353238
0.01426963
0.014468729
0.014587181
0.014682138
0.014270896
0.014324307
0.014326669
0.014347782
0.014338695
0.014262336
0.014206154
0.014246468
0.014195668
0.01420782
0.014226519
0.0142583335
0.014253721
0.014410927
0.014493496
0.01449025
0.014196589
0.0142528415
0.01435453
0.014323428
0.014384135
0.014408426
0.014351168
0.014278389
0.014240332
0.014128952
0.014164933
0.014126653
0.014199367
0.014180952
0.014105691
0.014108604
0.014105217
0.014216526
0.01423805
0.014153412
0.014115217
0.013967654
0.0139986
0.014059643
0.014115387
0.014017136
0.014027797
0.014025707
0.0140176425
0.014023962
0.014067067
0.014083544
0.014079345
0.014055352
0.014007194
0.014086687
0.014077448
0.014078403
0.014040871
0.014000318
0.01395757
0.01401707
0.014036257
0.013982334
0.014043184
0.014036378
0.013999355
0.013965953
0.013963331
0.013915078
0.0138498675
0.013987492
0.014023997
0.013921006
0.013954933
0.013983533
0.014057599
0.013981906
0.013930646
0.013940037
0.013918625
0.014072658
0.014020068
0.014133177
0.014129443
0.014199591
0.014033743
0.013999668
0.014023289
0.014229579
0.014183623
0.014259929
0.014281496
0.014267916
0.014135415
0.014271071
0.014411067
0.014419571
0.014339438
0.014293695
0.014202669
0.014188497
0.014065801
0.013982721
0.013997794
0.01398297
0.014063119
0.013813784
0.013774709
0.013927699
0.013844857
0.013770963
0.013746862
0.01379251
0.013947166
0.013806607
0.013782953
0.013875773
0.013928726
0.013886568
0.013901485
0.013777662
0.013878258
0.013988984
0.013918673
0.01386448
0.013896467
0.013949583
0.0139261475
0.013814077
0.013793443
0.013955884
0.013900249
0.013984273
0.013873481
0.013910652
0.013920683
0.013772759
0.013804829
0.01388554
0.014042543
0.014018676
0.014012365
0.014060943
0.013821004
0.013719323
0.013927102
0.013854659
0.013766653
0.013786799
0.013689657
0.013677739
0.013731659
0.013758322
0.013844423
0.013776339
0.01370891
0.013755527
0.013665574
0.013595045
0.013773829
0.013741474
0.013936421
0.013771915
0.013746845
0.013727997
0.013862116
0.013969748
0.0139312735
0.013825247
0.013828265
0.013924128
0.013988
0.013943774
0.013994325
0.013896361
0.013872894
0.013869159
0.013865774
0.013873943
0.013809894
0.013696336
0.01386328
0.013873182
0.01377438
0.013926278
0.013910362
0.0137476
0.013675467
0.013742052
0.013744632
0.01369386
0.013749459
0.013771485
0.013712304
0.013663368
0.013706075
0.013717926
0.013763351
0.013770242
0.013730858
0.013621392
0.013546008
0.013565512
0.013640489
0.013739897
0.013604671
0.013490923
0.013797179
0.013616083
0.013637111
0.013659482
0.013731234
0.013645266
0.013628148
0.013628645
0.013543517
0.013589816
0.013761122
0.013605257
0.01369472
0.013489082
0.013498217
0.013592776
0.013583025
0.013754668
0.013607685
0.013471845
0.013611826
0.013564586
0.013444947
0.013496018
0.01352535
0.0134094125
0.013471805
0.013762183
0.01363261
0.013532608
0.01350728
0.013425051
0.013434657
0.013699654
0.013624643
0.013695278
0.013621806
0.013560232
0.013606111
0.013545382
0.01346804
0.013627532
0.013486672
0.013424575
0.013422585
0.013531681
0.013492676
0.013593621
0.013553926
0.013440029
0.013498804
0.013595256
0.013536781
0.013739724
0.013664107
0.013659121
0.013583905
0.013654191
0.013712377
0.0135855675
0.013668643
0.01349087
0.013486823
0.013502948
0.01358255
0.013504776
0.013498389
0.013372745
0.013577009
0.013433124
0.013540485
0.013380027
0.013451209
0.01348163
0.013555578
0.013529105
0.013523974
0.013572143
0.013548563
0.013507792
0.013349005
0.0134358695
0.013443026
0.013562245
0.013555591
0.013520583
0.013590702
0.013758394
0.013677808
0.01363838
0.013645743
0.013666479
0.013538886
0.013455688
0.013514277
0.013629701
0.01349596
0.013670641
0.013542539
0.0135690225
0.013591571
0.013600268
0.01357985
0.013692056
0.013658415
0.013721458
0.013751766
0.0136623625
0.013682621
0.013604469
0.013670527
0.013741365
0.013702312
0.01378744
0.013761936
0.013624064
0.013718942
0.013673515
0.013682943
0.013614465
0.013649873
0.013566681
0.013749247
0.013687221
0.013704383
0.013637228
0.013756919
0.013734868
0.013726374
0.013711473
0.013658053
0.013747228
0.013874784
0.013708709
0.013701419
0.013830796
0.013924026
0.013750237
0.0136637855
0.013593849
0.013616831
0.01382622
0.013806714
0.013719744
0.013786456
0.013940216
0.013896626
0.013756061
0.01366496
0.013575064
0.013625213
0.013702397
0.013517128
0.013461515
0.013651936
0.013521325
0.013444583
0.013501633
0.013552756
0.013471483
0.013501663
0.013498977
0.013499167
0.013442989
0.013595606
0.013494723
0.013601902
0.013241743
0.013309681
0.013391035
0.0134023465
0.013379012
0.013494659
0.013435621
0.013537368
0.013377119
0.013428347
0.013386115
0.013340323
0.013331529
0.013420001
0.013304803
0.013236847
0.013236126
0.01338288
0.0133236395
0.013280502
0.013338427
0.013421171
0.013422455
0.013408219
0.013345797
0.013373075
0.013278245
0.0133622475
0.0134548
0.013346065
0.013243077
0.013360565
0.0133707095
0.013251767
0.013403817
0.013200312
0.01334901
0.013359748
0.013317475
0.013394579
0.013325275
0.013330713
0.01327127
0.013257613
0.01326353
0.013301961
0.013426006
0.013307879
0.0133008305
0.013231731
0.013289869
0.013340087
0.013401424
0.013322309
0.013297219
0.013308349
0.013368053
0.01333143
0.013351328
0.013355009
0.013317429
0.013224698
0.013407048
0.013285847
0.013267223
0.0132747935
0.013200997
0.013222253
0.01332793
0.013362502
0.0133582745
0.013241567
0.013235059
0.013332736
0.013330568
0.013296319
0.013411433
0.013356776
0.013376906
0.013353722
0.013214454
0.013276177
0.013300179
0.013232956
0.01321167
0.013307238
0.013283114
0.013357227
0.013311816
0.013353456
0.013272515
0.013211436
0.013303987
0.01332932
0.01338516
0.0134856645
0.013578044
0.013419021
0.013361808
0.013290758
0.013347922
0.013466421
0.013403724
0.013362637
0.013393092
0.013349451
0.013245013
0.0133312605
0.013330361
0.01322668
0.013257182
0.013328412
0.01318755
0.013349105
0.013373883
0.0131589165
0.013400652
0.0134564135
0.013454317
0.013217408
0.013266554
0.013268247
0.013228821
0.013141509
0.013112316
0.013321788
0.013079393
0.013187715
0.013154369
0.0131809795
0.013220962
0.013180423
0.013073968
0.013157124
0.013107514
0.013130476
0.013196455
0.013224133
0.013202767
0.01323438
0.013230399
0.01316462
0.013308074
0.013251861
0.013271796
0.013383131
0.013311256
0.013283476
0.0132312905
0.013356085
0.013263864
0.013272046
0.013212406
0.01337472
0.013340869
0.013307292
0.013182401
0.013302937
0.013033563
0.013294535
0.013247797
0.013170903
0.013228883
0.013248319
0.01323846
0.01336659
0.013278128
0.013189868
0.013413692
0.013379375
0.013302097
0.013293247
0.013253256
0.013288989
0.01311881
0.013274986
0.013280203
0.013336997
0.0134481555
0.013329338
0.013360936
0.013383111
0.013287451
0.013234476
0.013199517
0.01317672
0.0130012855
0.013090669
0.013220092
0.013075084
0.013199723
0.013017215
0.013165026
0.013082297
0.013132726
0.012990151
0.013104088
0.013107773
0.01304636
0.013276715
0.01316473
0.013176243
0.013167992
0.013187515
0.01327323
0.0133741805
0.013322213
0.013251498
0.013230972
0.013125859
0.013316787
0.013073175
0.013159732
0.013103734
0.013169476
0.013138817
0.013114236
0.013281287
0.0130599225
0.01315443
0.013145232
0.013113901
0.01312155
0.013076537
0.013126835
0.0130993705
0.013065563
0.013006032
0.013012553
0.012919317
0.01323445
0.01294236
0.012933265
0.013057884
0.013126438
0.013103738
0.013067813
0.013039641
0.013110385
0.013227278
0.0132191945
0.01318727
0.01308287
0.0130848875
0.013124914
0.013089199
0.012981924
0.013046118
0.012968054
0.013085263
0.0130947735
0.013064905
0.0130722085
0.0130804265
0.013113098
0.013152676
0.013121005
0.012956737
0.01318577
0.013106262
0.0129839545
0.013014148
0.012965633
0.013012688
0.012845065
0.013056429
0.013029411
0.012989619
0.013014114
0.013079425
0.013023823
0.013045519
0.012983092
0.013037702
0.01305828
0.013016284
0.012959676
0.013116293
0.0131945275
0.013036422
0.013089078
0.013147929
0.013144194
0.013107224
0.013064713
0.013263
0.013114582
0.01301274
0.013111091
0.013145557
0.013109559
0.013029252
0.013184791
0.01313413
0.013006694
0.013092076
0.013031706
0.0130690625
0.012940477
0.013045711
0.01310042
0.013025454
0.013005088
0.013038211
0.012967994
0.013077108
0.013024631
0.013106657
0.013131832
0.01304408
0.01297453
0.01311106
0.013201446
0.0131158
0.012965889
0.013004884
0.013010125
0.013096557
0.013098773
0.013261374
0.013224209
0.013097869
0.013332622
0.013291316
0.013183648
0.013125435
0.013123056
0.013023719
0.013231884
0.013396557
0.013243271
0.013183407
0.013166444
0.013121269
0.013157032
0.013214748
0.013142562
0.013219902
0.013262997
0.013008129
0.012964596
0.013099796
0.012912949
0.013116285
0.013249979
0.013156482
0.0131220175
0.012995375
0.012962739
0.013119553
0.01302985
0.013166482
0.013075833
0.01305846
0.013062955
0.013097262
0.01304739
0.013182043
0.013065599
0.013097821
0.0131388
0.013051232
0.013159381
0.013187732
0.013066788
0.013187234
0.013154485
0.013054352
0.012964289
0.01302359
0.013130331
0.013056255
0.013141667
0.013081716
0.012984254
0.012935937
0.013156276
0.013173452
0.013087772
0.013157917
0.012944511
0.012843331
0.013019789
0.013043597
0.013033274
0.01312262
0.013093993
0.0130325835
0.013118412
0.013165954
0.012991252
0.0130465105
0.01314973
0.013238156
0.013160931
0.01326775
0.013334767
0.013031557
0.013008645
0.013025243
0.013044779
0.013166371
0.013174123
0.013017758
0.0131574115
0.0130953835
0.013034881
0.013156063
0.013034335
0.013057361
0.013120799
0.0131862
0.013122239
0.013161172
0.013117137
0.013113826
0.013128463
0.0131725855
0.013012722
0.0130560985
0.013268956
0.013253959
0.01322106
0.013098278
0.01315097
0.012975632
0.013023848
0.013059286
0.013043695
0.012998294
0.012982018
0.013110929
0.012977908
0.013023898
0.012916502
0.013074973
0.013042663
0.012907515
0.013104508
0.012963866
0.013158919
0.013115821
0.013128025
0.013243955
0.013129367
0.012948801
0.012968351
0.013036317
0.012979059
0.012982737
0.013085801
0.0130637195
0.013113939
0.013054884
0.013055207
0.012996868
0.013001667
0.0130091095
0.013136132
0.01310413
0.013098169
0.0131017
0.013004197
0.0129776485
0.013063612
0.013007403
0.012956689
0.012995058
0.012935639
0.012871707
0.012951218
0.012796475
0.012836568
0.012894302
0.012996642
0.012974696
0.013030981
0.012958827
0.01287908
0.013012141
0.012942285
0.012940064
0.0129580945
0.013001869
0.012985336
0.012934538
0.012972121
0.012970234
0.013137518
0.012970482
0.013164823
0.01310227
0.012968982
0.012917392
0.013152975
0.013137616
0.013049091
0.013004183
0.013102632
0.013100402
0.013184224
0.013099439
0.01296034
0.013075418
0.013262651
0.013122225
0.012988067
0.013065264
0.01313477
0.013073254
0.013087168
0.013163128
0.0131886965
0.013167853
0.013246564
0.0132365655
0.013265551
0.0132119
0.013067175
0.013050461
0.013120658
0.013045007
0.012965785
0.013005332
0.013169173
0.012852236
0.013085952
0.013022094
0.012931208
0.012967586
0.012959906
0.0129892435
0.012994687
0.012881308
0.012887636
0.012889246
0.012977756
0.012899159
0.012971251
0.012962874
0.012798551
0.012902205
0.012856851
0.013032828
0.012865521
0.012880982
0.012951668
0.012936464
0.012894399
0.0129907
0.013008132
0.012780138
0.012842889
0.012941391
0.012935672
0.013007118
0.013028196
0.012931558
0.012935892
0.012988856
0.012956338
0.012852439
0.012915391
0.012868046
0.012914006
0.012898758
0.012880797
0.012917795
0.012807343
0.012899784
0.012906274
0.012823307
0.012883797
0.012834726
0.012873346
0.012946525
0.013009669
0.012765779
0.0129098445
0.012865611
0.01283838
0.012850042
0.012935582
0.012769881
0.0128281955
0.012972183
0.0130317975
0.012775163
0.012898978
0.012972626
0.012816061
0.012837524
0.012911819
0.01298971
0.012871122
0.012832887
0.012922232
0.012841349
0.012861776
0.013111556
0.012849665
0.012909279
0.01293652
0.012939067
0.012901109
0.012843335
0.01280973
0.012977792
0.012887187
0.0128547
0.012911608
0.0129025
0.013016837
0.012779097
0.012854255
0.013012488
0.013034178
0.013050491
0.012878662
0.012856695
0.012955579
0.012913267
0.013081154
0.013025409
0.012918992
0.012915631
0.012970397
0.012885372
0.012871272
0.013039555
0.013052788
0.012938635
0.013009229
0.013089339
0.013036903
0.013032823
0.013043634
0.013082411
0.013090547
0.012969669
0.012962665
0.012946005
0.013048086
0.013017717
0.013001435
0.013124646
0.012874863
0.012892943
0.013005097
0.012886039
0.012901495
0.012978486
0.012985534
0.013006567
0.012976863
0.012956907
0.012994757
0.012941997
0.0128902225
0.012844447
0.013008059
0.013075287
0.013058472
0.013050177
0.012910045
0.012917958
0.012915662
0.013023677
0.012936256
0.012934989
0.012922181
0.012836075
0.012904762
0.01293399
0.01298525
0.013186552
0.0131253805
0.012935901
0.012976138
0.01306497
0.013127431
0.012992311
0.013028305
0.013017914
0.012970405
0.012871122
0.012959306
0.0129536735
0.013017526
0.012911255
0.012945308
0.012936662
0.012994518
0.012967046
0.0128851645
0.012981846
0.0129900705
0.012960605
0.012834401
0.012822079
0.012850842
0.0128014535
0.012795064
0.01287902
0.012828651
0.012768068
0.012773471
0.01277481
0.012785668
0.012983113
0.012902761
0.012901712
0.012815866
0.01280994
0.01281578
0.012800607
0.012881319
0.012867274
0.012718649
0.012865609
0.012837766
0.0128275035
0.01280215
0.012832223
0.012838118
0.012903329
0.012865206
0.012960144
0.012914296
0.012836578
0.012927134
0.012870767
0.012835411
0.01279225
0.012856728
0.012775158
0.012814488
0.012826304
0.012771546
0.0129935555
0.012827034
0.012827407
0.012863291
0.012799599
0.012863168
0.012800241
0.012918152
0.0128975045
0.012834379
0.012789912
0.01276827
0.012785112
0.012748153
0.012800748
0.012862256
0.012795761
0.012705313
0.012713851
0.012834214
0.012870638
0.012805246
0.012779964
0.012792264
0.012984129
0.01293214
0.012846217
0.012797899
0.012843292
0.012839201
0.012913989
0.012841487
0.012832289
0.012844976
0.012780214
0.012708603
0.012839525
0.012895595
0.012937913
0.012882713
0.012991869
0.012828761
0.012874808
0.0129205035
0.012785166
0.01277204
0.012682807
0.012836316
0.012946032
0.012787254
0.012729413
0.012835094
0.012876024
0.013075214
0.012932672
0.012847175
0.012864302
0.012955577
0.013135784
0.013109749
0.012897453
0.012906284
0.012840338
0.012952099
0.012935118
0.012994492
0.013035455
0.012962035
0.012861076
0.012941619
0.012837459
0.012800608
0.012989305
0.012917439
0.013026002
0.012936481
0.012908715
0.012910773
0.01298041
0.0130618205
0.013006313
0.012947697
0.012867404
0.012998554
0.012989794
0.013030599
0.013105679
0.012989486
0.012972012
0.012853537
0.013100334
0.012928101
0.012946533
0.012942324
0.012769881
0.012774708
0.012811189
0.01289961
0.012889033
0.012940113
0.012989305
0.012864507
0.012894143
0.01288848
0.0127591025
0.012967618
0.012852998
0.012888794
0.012816492
0.012892865
0.012700446
0.012830977
0.012817199
0.012797616
0.012739957
0.0128010595
0.012735186
0.012771066
0.012799551
0.012752375
0.012737496
0.012676239
0.012822674
0.012951013
0.012934654
0.013051046
0.012801543
0.012831077
0.012927575
0.013059257
0.012999671
0.01283665
0.012874801
0.012942215
0.012992006
0.012952616
0.012859709
0.012961655
0.012963333
0.012871914
0.0127705345
0.012800779
0.012861823
0.012966743
0.012906721
0.0128644025
0.012927655
0.012870782
0.012923
0.012815267
0.012779937
0.012849809
0.012736891
0.012916369
0.012828668
0.012746776
0.012760597
0.012765995
0.012686993
0.012883611
0.012788998
0.012669206
0.012905459
0.012779295
0.012799158
0.012773537
0.012637827
0.012810068
0.0127077745
0.0127597535
0.012831991
0.01270628
0.012763212
0.012833645
0.012820121
0.012748627
0.012788046
0.012769923
0.0127469795
0.012775682
0.012751184
0.0128123965
0.012665931
0.012677813
0.012822725
0.012792512
0.012743692
0.01284209
0.012779602
0.012760563
0.012745127
0.012769851
0.01273163
0.012738101
0.012707045
0.012694309
0.012726636
0.012726324
0.012682006
0.012635351
0.012732153
0.01268524
0.012654206
0.012820636
0.012701467
0.012641475
0.012725302
0.012842602
0.0127928285
0.012702396
0.012711726
0.01267066
0.012782028
0.012716089
0.012678815
0.012846266
0.012682411
0.012765025
0.01274483
0.012888408
0.012762297
0.012724553
0.012828891
0.01279263
0.012734297
0.012744642
0.012802565
0.012639454
0.012663145
0.012789895
0.012645219
0.01271235
0.012724527
0.012683742
0.012771652
0.01269057
0.012646602
0.012773948
0.012728851
0.012841983
0.012799635
0.012713604
0.012727554
0.01273317
0.012827944
0.012708597
0.0127161145
0.012670164
0.012722332
0.012717333
0.012758045
0.01272804
0.012831848
0.012683883
0.012664095
0.012717297
0.012722988
0.012581572
0.012620101
0.012676382
0.0126839485
0.012787591
0.012625794
0.012780256
0.012570591
0.012615893
0.012726269
0.012694869
0.012753004
0.012748816
0.012744307
0.012763142
0.012721748
0.012648119
0.01269103
0.01267893
0.012752669
0.012634014
0.012723839
0.012693275
0.012789457
0.012795802
0.012688991
0.012811616
0.012628107
0.012719778
0.012699679
0.012710213
0.012556494
0.012599268
0.012655064
0.012542699
0.01259715
0.012584536
0.012604299
0.01265051
0.012619363
0.012659593
0.012666144
0.012580469
0.012617054
0.012602599
0.012745679
0.012606949
0.012575726
0.012724455
0.012523466
0.012691411
0.012621675
0.012756981
0.012630688
0.0125676785
0.0125842355
0.012693231
0.012643995
0.012563419
0.012589896
0.012560512
0.012701681
0.012657802
0.012705863
0.012520202
0.012638246
0.012673423
0.012778618
0.0127776265
0.012775385
0.0126739405
0.012705795
0.012690456
0.012717793
0.01266437
0.012703645
0.012720218
0.012700997
0.012656885
0.01271718
0.01282451
0.012773372
0.012783725
0.01270531
0.012673686
0.01270207
0.012707607
0.0127245495
0.012591212
0.012643709
0.012611054
0.012707085
0.012679746
0.012708879
0.012716605
0.012731247
0.012745073
0.012710707
0.012785904
0.012847796
0.012739409
0.012721308
0.0125551885
0.012546867
0.012636334
0.012716626
0.012795451
0.012723383
0.012664693
0.012696567
0.012646171
0.012658603
0.012709683
0.012697392
0.012651146
0.012660657
0.012739039
0.012730629
0.0126624
0.012657271
0.012705702
0.012703716
0.012626229
0.012656304
0.012621495
0.01263342
0.012588732
0.012690211
0.012679617
0.012630104
0.012679208
0.012674815
0.012719739
0.012811662
0.012830147
0.012692549
0.012656219
0.012856455
0.012741963
0.012762158
0.012729861
0.012744471
0.012695156
0.012638458
0.012653699
0.012654141
0.012759531
0.012689568
0.0126511585
0.012597933
0.012557464
0.012518469
0.012587253
0.012732731
0.012658304
0.012683933
0.012785523
0.012644895
0.012596022
0.0126454085
0.012592126
0.012633407
0.012805282
0.012797373
0.012740124
0.012861689
0.012726095
0.012766108
0.012637983
0.012560185
0.012685506
0.012608353
0.012696369
0.01268118
0.012783206
0.012655392
0.012724353
0.01249281
0.012680863
0.01254225
0.012607724
0.012660228
0.012578953
0.012622298
0.012735682
0.012708553
0.012653621
0.012633809
0.012657804
0.012737722
0.012655112
0.012615541
0.012650259
0.012595577
0.012692645
0.01268845
0.012701261
0.012770197
0.0127260145
0.012674043
0.012682888
0.012659207
0.012755655
0.012626384
0.0125834625
0.012677662
0.012632526
0.01273698
0.012639128
0.012655988
0.012725198
0.012625263
0.012588895
0.012649944
0.012582029
0.012569049
0.012622615
0.012613466
0.012657248
0.012682797
0.01261864
0.012672137
0.012628525
0.012602849
0.012734356
0.012649844
0.012549723
0.012521898
0.012680613
0.012684723
0.012687688
0.012799743
0.012769567
0.012699807
0.012771073
0.012813547
0.01275538
0.012624561
0.012560155
0.012618764
0.012665483
0.0127850585
0.012617631
0.012555329
0.012616057
0.012641375
0.012503999
0.012664589
0.012592787
0.012691569
0.012542633
0.0125882225
0.012621835
0.012700543
0.012546484
0.012563436
0.012731187
0.012590251
0.012612852
0.012644009
0.012515768
0.012632047
0.0126468325
0.01255069
0.012666825
0.012586515
0.012582249
0.012558714
0.012524853
0.0124802785
0.012462298
0.012509543
0.012440091
0.012571192
0.012569957
0.012569435
0.01238041
0.012373718
0.012398697
0.012573963
0.012559182
0.012435819
0.012424269
0.012383925
0.012614747
0.012676458
0.012597387
0.01252394
0.0125169465
0.01267292
0.012488225
0.012489192
0.012710478
0.012501647
0.012626589
0.012510935
0.012544816
0.012621199
0.012636567
0.012575051
0.012639128
0.012624435
0.012545304
0.012591974
0.012565277
0.0127282245
0.012636573
0.012668315
0.012560445
0.012543375
0.012587164
0.012552129
0.012573775
0.012630262
0.012621695
0.0125069665
0.012685642
0.01259373
0.012576796
0.012638047
0.012553526
0.012538708
0.012549917
0.01263993
0.012594152
0.0126958415
0.012532161
0.012720558
0.012505242
0.012671022
0.012557406
0.012640848
0.012684934
0.012642039
0.012555731
0.012502084
0.012602295
0.012474239
0.012478493
0.012541577
0.012539499
0.012631486
0.0125913685
0.012445285
0.012606133
0.012527137
0.012514775
0.012509577
0.012369907
0.012556812
0.012676794
0.012519472
0.012542801
0.012446134
0.012546393
0.01247413
0.012508549
0.012707435
0.012591422
0.012527788
0.012551875
0.012612648
0.012556991
0.012538417
0.012546089
0.012581739
0.012636652
0.012615749
0.012616802
0.012602757
0.012627546
0.0126213785
0.012521548
0.012673977
0.0124702165
0.012694094
0.012567931
0.012607356
0.012707512
0.012745858
0.012725495
0.012635532
0.012465887
0.012613523
0.012463839
0.012613709
0.012617681
0.012736812
0.012626909
0.012599534
0.01269387
0.012791038
0.012729872
0.012625464
0.0126112625
0.012651534
0.0126373
0.012584879
0.012548751
0.012616997
0.01252026
0.012597243
0.012617344
0.012577822
0.012554396
0.012476484
0.01252968
0.0125017725
0.012490425
0.012637274
0.0125270095
0.012572723
0.012593156
0.0126097845
0.012549239
0.012494608
0.012482648
0.012529932
0.012585923
0.012482967
0.012495465
0.012522113
0.01255637
0.0125567615
0.012537424
0.012531641
0.012539858
0.012483895
0.012500144
0.01256993
0.012490776
0.012606836
0.012516948
0.012583277
0.0125218835
0.012682528
0.012597031
0.01254995
0.01263813
0.012541935
0.01257496
0.012615405
0.012567058
0.012536585
0.012626164
0.0125515405
0.012543474
0.01254082
0.01261094
0.01259685
0.012423854
0.012401957
0.01246199
0.012582069
0.012515558
0.012488185
0.012500869
0.012546885
0.012515829
0.012481752
0.0125546185
0.012547116
0.012550423
0.0126378825
0.0124806175
0.012480334
0.01260844
0.012469978
0.012601785
0.012482361
0.0125552025
0.012683125
0.012675079
0.012641453
0.012559302
0.012454298
0.012421702
0.012666379
0.012458346
0.012474762
0.012400302
0.012634812
0.012623336
0.0124979755
0.012548257
0.012545994
0.012582042
0.01254281
0.012644361
0.012560679
0.012522379
0.01258499
0.012521748
0.012512999
0.012589259
0.012488161
0.012463615
0.01252263
0.012528439
0.012447672
0.012509439
0.012515232
0.01243283
0.012397966
0.012601605
0.012346267
0.012456888
0.012432934
0.012521894
0.012459923
0.012469016
0.012523731
0.012535956
0.012530165
0.012426385
0.012466397
0.012425964
0.012385363
0.012431833
0.0124193765
0.012514042
0.012437151
0.012556643
0.012489238
0.012489576
0.012555379
0.012520185
0.012519869
0.012311539
0.012422127
0.012361578
0.01257767
0.012487121
0.012554192
0.012478185
0.012481525
0.012635118
0.012363564
0.012419787
0.01251862
0.012455815
0.012438628
0.012426443
0.012480947
0.012569523
0.012524875
0.012414956
0.01237614
0.01242715
0.012501543
0.012493766
0.0124350935
0.012481085
0.012532116
0.012520222
0.012278832
0.012463105
0.012431925
0.012553353
0.012474011
0.012540915
0.012564076
0.012553586
0.012353458
0.012589138
0.012445631
0.012468847
0.012593821
0.012516418
0.01260378
0.012751744
0.012524212
0.012498865
0.012349421
0.012585916
0.012519414
0.012471356
0.012437515
0.012461405
0.0124502145
0.012463795
0.012436303
0.012522271
0.012537889
0.012362286
0.012362376
0.012379001
0.012353256
0.01242417
0.012275676
0.012487211
0.012476229
0.012426749
0.012548971
0.012594565
0.012467409
0.0124368435
0.012473542
0.012406749
0.012554729
0.012524634
0.0124701345
0.012584234
0.012485873
0.012488864
0.012493764
0.012511003
0.012521655
0.012489141
0.012471027
0.012400311
0.012503572
0.012439093
0.01251175
0.012394961
0.012486606
0.012530989
0.012472003
0.012459754
0.012471122
0.012517087
0.012606093
0.012445285
0.012391325
0.01249068
0.012511845
0.0124573205
0.012437527
0.012504983
0.012454252
0.0125276875
0.012551605
0.012479439
0.012366349
0.012344197
0.012441477
0.012548528
0.012500569
0.01267346
0.012508446
0.012545229
0.012609893
0.012551562
0.012573626
0.012551881
0.012606806
0.0125872
0.012612844
0.01264972
0.012466926
0.012595094
0.012595551
0.012605755
0.01258706
0.0125526255
0.012645339
0.0125263855
0.0125129055
0.012494566
0.012501452
0.012464925
0.012613182
0.012552301
0.012448721
0.012443189
0.012484328
0.012360882
0.012448511
0.0124671105
0.012458333
0.012462502
0.012409627
0.01238832
0.012375069
0.01244248
0.012451159
0.012467065
0.01245912
0.012492537
0.0124903545
0.0126409335
0.012719394
0.0124953175
0.012566029
0.0125294095
0.0125301955
0.012561666
0.012647078
0.01243107
0.012549118
0.012510793
0.012556287
0.012471283
0.0124906525
0.012514907
0.01256496
0.012508428
0.0125689665
0.012479009
0.01250405
0.012515234
0.012555405
0.012341498
0.012566635
0.012524884
0.012488284
0.012429815
0.012515202
0.012369177
0.012481335
0.012394598
0.012436861
0.012502463
0.012423522
0.012514265
0.012364182
0.012548443
0.012466068
0.01250724
0.012437678
0.012588797
0.01249639
0.012515075
0.01245587
0.0124678025
0.012618366
0.012454604
0.012396494
0.012447969
0.012329133
0.012474031
0.012457576
0.012515969
0.012426584
0.012454693
0.012437567
0.01240719
0.012482372
0.012447554
0.012325955
0.012402334
0.012450135
0.012546649
0.012520633
0.012491022
0.012477907
0.012462551
0.012446613
0.012417353
0.012441673
0.012450146
0.012578709
0.012692856
0.0125425905
0.012597053
0.012655056
0.012522596
0.01258832
0.012536149
0.012567326
0.012401538
0.012469934
0.012548089
0.01264125
0.012553486
0.012643578
0.01264426
0.012598563
0.012597914
0.012645561
0.0125805605
0.01255861
0.012579241
0.012544496
0.012499258
0.012412358
0.012572105
0.012620026
0.012650209
0.012520253
0.012403658
0.012596554
0.01271574
0.012652853
0.012580636
0.012519852
0.012524952
0.012534073
0.012462658
0.012453262
0.012567378
0.012493119
0.012468722
0.012337058
0.012554318
0.012465724
0.01232343
0.012433417
0.012354723
0.012483278
0.012467878
0.012334803
0.012357675
0.012480874
0.012573938
0.01238495
0.012533315
0.01239266
0.012299882
0.012448575
0.012390142
0.01228586
0.012431114
0.012342603
0.01236726
0.012412181
0.0123366965
0.012361086
0.012439339
0.01235759
0.012317571
0.012357393
0.012493929
0.012458045
0.012440843
0.01246983
0.012427074
0.012483895
0.012471458
0.012409017
0.012356544
0.012350494
0.012423209
0.012381065
0.012392434
0.012450728
0.012442188
0.0122798765
0.012317367
0.012262307
0.012299721
0.012268252
0.012458333
0.012295028
0.01244493
0.012398247
0.012482751
0.012304488
0.0122421635
0.012373196
0.012388705
0.012310252
0.012437348
0.012511034
0.012404912
0.012423825
0.01237327
0.012286275
0.012421664
0.0123861795
0.01246748
0.012455042
0.012418525
0.012459788
0.012414562
0.012432482
0.012367676
0.012259298
0.012497382
0.012392562
0.012519801
0.012495794
0.012397936
0.012466103
0.01250013
0.01247109
0.0124796275
0.012577568
0.012414413
0.012346326
0.012542652
0.012389605
0.012444608
0.012342497
0.01235893
0.012373438
0.0124003235
0.012305285
0.012354746
0.012389228
0.012321676
0.012426316
0.012417844
0.012344337
0.012424924
0.012341927
0.012479965
0.012400805
0.012422586
0.012518355
0.012483807
0.012204426
0.012290814
0.012252404
0.012421783
0.012365033
0.01237486
0.0123827895
0.0122710485
0.012269189
0.0123504335
0.012308445
0.01243286
0.012399156
0.012536681
0.012517872
0.012460109
0.012329431
0.0123658385
0.012503633
0.012558929
0.01246146
0.012480209
0.012403318
0.012415779
0.012522047
0.012712583
0.01252127
0.012406989
0.012383537
0.012351841
0.012304216
0.012419725
0.012293466
0.012334186
0.0122963805
0.0124947475
0.012534057
0.012309093
0.012382291
0.012301867
0.01223881
0.012358338
0.012441053
0.012379214
0.012409344
0.012367419
0.012247661
0.012382495
0.012471026
0.012394626
0.012416531
0.012373962
0.012426596
0.012342464
0.012373607
0.012359393
0.012378024
0.01236177
0.012367821
0.012455836
0.012356971
0.012410204
0.012407037
0.01237416
0.012420756
0.012398559
0.012444318
0.012363201
0.012322183
0.012375032
0.012357746
0.012271352
0.012448198
0.012358046
0.012348232
0.012319043
0.012346217
0.012397648
0.0124138035
0.012406508
0.012458429
0.0124563305
0.012433192
0.012456329
0.012444336
0.012433385
0.012489986
0.012514045
0.012325756
0.012433281
0.012267648
0.012371141
0.012387771
0.012369542
0.012393474
0.012289069
0.012279087
0.012383795
0.012382219
0.012413105
0.01225151
0.012302782
0.012334064
0.012551121
0.012486073
0.012580516
0.012418713
0.01237616
0.012363796
0.012426848
0.012532226
0.01249712
0.0123479245
0.0123945
0.012364965
0.012339943
0.012333864
0.012390343
0.012434298
0.012461832
0.012302313
0.012365106
0.012393338
0.012340929
0.012333297
0.012470604
0.012338337
0.012427182
0.012352561
0.012315419
0.012358428
0.012335323
0.012422788
0.012292919
0.012425624
0.012269597
0.012402146
0.01240509
0.0123257935
0.012386999
0.012358075
0.012316807
0.012304933
0.012320689
0.012417086
0.012348939
0.012316662
0.012335386
0.012510641
0.012359315
0.012393216
0.012458035
0.012413016
0.0124174915
0.012328291
0.012391806
0.012245528
0.012303443
0.012347663
0.012402579
0.012466546
0.01237994
0.012423557
0.01233887
0.012452386
0.012615643
0.012526695
0.01250601
0.0123652285
0.012313377
0.012337898
0.012428851
0.012434012
0.012418012
0.012424189
0.012493989
0.012325677
0.012353457
0.0124729965
0.0124964155
0.012429633
0.012398855
0.012383923
0.012335013
0.012443398
0.012448433
0.012385095
0.012340565
0.01231715
0.012416297
0.012316465
0.012315592
0.012348676
0.012424748
0.012384541
0.012401749
0.012366017
0.012301865
0.01228127
0.012298692
0.012277904
0.012328244
0.012339384
0.012343413
0.012199417
0.012395132
0.012177377
0.012229449
0.012352962
0.012293729
0.012179064
0.0123023195
0.012260672
0.012308019
0.012366165
0.0123879695
0.012290853
0.0122999465
0.012295565
0.012459158
0.012335413
0.012264196
0.01234933
0.012311863
0.01233665
0.01244772
0.012426228
0.012406486
0.012338738
0.012298934
0.012310975
0.012338804
0.012380125
0.012317224
0.012233663
0.012352926
0.012382488
0.01238396
0.012348408
0.012365003
0.012386703
0.012399563
0.012462219
0.012417931
0.012400851
0.012337923
0.0123678865
0.01228471
0.012362886
0.012404214
0.012315504
0.012354102
0.012351573
0.012319382
0.012201435
0.012396195
0.01234822
0.012347482
0.012348818
0.012352933
0.012347216
0.012344003
0.01235352
0.012367084
0.012288664
0.012423
0.0125348335
0.012490672
0.012343783
0.012358863
0.012386816
0.012388939
0.012405417
0.012396955
0.0123732025
0.012286598
0.012374708
0.01241793
0.012272552
0.0123821255
0.012453333
0.012300277
0.012410848
0.01226554
0.012316501
0.012369984
0.0123390565
0.012408428
0.012379109
0.012378475
0.012374507
0.012365592
0.012414461
0.012328957
0.012302773
0.012313437
0.012264346
0.012320711
0.012169662
0.012370998
0.012178482
0.012278478
0.01222131
0.012333687
0.012333429
0.012206861
0.012299588
0.012337107
0.012368954
0.012332206
0.012377235
0.012176888
0.012374094
0.012359962
0.01230402
0.012273457
0.012383859
0.012220988
0.0123740025
0.012386732
0.012405318
0.012415135
0.012484265
0.012495439
0.01238737
0.012472078
0.012419236
0.012491255
0.012673472
0.012468743
0.012541529
0.012488852
0.01248751
0.012432026
0.012500446
0.012461441
0.0124658635
0.012325187
0.012365567
0.012417853
0.012342035
0.012350059
0.012195654
0.012324713
0.012339642
0.0124314055
0.012351858
0.01237338
0.012333386
0.0123235
0.012347902
0.012313362
0.012311917
0.012322773
0.012400835
0.012285341
0.012276948
0.012264785
0.012240614
0.012362308
0.0122430185
0.012332826
0.012321111
0.012312825
0.012291466
0.0122308675
0.012215755
0.01237982
0.012233635
0.01235775
0.012311108
0.012378954
0.012321994
0.012377908
0.012407963
0.012311104
0.012281826
0.012412863
0.012339011
0.012269005
0.012400585
0.012345722
0.012211961
0.012331236
0.012303317
0.012402278
0.012387365
0.012286887
0.012270745
0.012351504
0.012306924
0.012393453
0.012255114
0.012348826
0.012332431
0.012400931
0.012489392
0.0123699475
0.012339229
0.012390167
0.012384231
0.012432903
0.01231823
0.012179633
0.012568536
0.012433756
0.012524504
0.0125199575
0.012549549
0.01252477
0.012538575
0.012551501
0.0125804795
0.01245616
0.012490415
0.012540186
0.012439886
0.012412721
0.012541498
0.012392744
0.012461143
0.01244408
0.012241248
0.0122947125
0.012365141
0.012330121
0.0125479195
0.012399662
0.012365721
0.012304672
0.012347717
0.012521885
0.012560831
0.012622057
0.012469495
0.012296785
0.012437151
0.012436921
0.012469718
0.012418357
0.012393967
0.012349118
0.012514153
0.012526513
0.012304492
0.012347232
0.012353066
0.012348643
0.012396974
0.012531137
0.012419909
0.012266688
0.012392777
0.012393352
0.012317949
0.012400717
0.012326742
0.012410294
0.012366971
0.012286377
0.012399826
0.012320238
0.012429232
0.0123491455
0.012260811
0.012337905
0.012370561
0.012271872
0.012362991
0.012174456
0.012331465
0.012419355
0.012358058
0.012406522
0.012415678
0.012280974
0.012345052
0.01226298
0.012314359
0.012280772
0.01243985
0.012324222
0.012414025
0.0121665085
0.012372651
0.012388795
0.012363766
0.012343288
0.012290816
0.012300756
0.012340333
0.012462624
0.012428562
0.012394279
0.01242047
0.012378178
