===================== Time: [Thu Aug 11 17:13:19 2022] ========================0.09375574
0.09735519
0.09743182
0.09490188
0.09486488
0.09309176
0.0926565
0.09332287
0.093641855
0.0936738
0.09351222
0.093396395
0.093168996
0.0927122
0.09202198
0.09295612
0.092635795
0.09172433
0.08988853
0.08895592
0.089081205
0.0888511
0.089020416
0.089036755
0.08943901
0.08924175
0.08948512
0.09023697
0.09072924
0.08841563
0.08904145
0.08962333
0.09156534
0.092792526
0.09363664
0.09571546
0.09347212
0.09143706
0.09520034
0.09741854
0.0956198
0.09439391
0.09402767
0.09469737
0.093648024
0.09422725
0.09451399
0.09653634
0.098716736
0.09852518
0.09694839
0.09603357
0.09562645
0.09555191
0.094621114
0.093740165
0.0937784
0.09292448
0.092197664
0.09174194
0.092022754
0.092138104
0.09211923
0.092454076
0.09349256
0.091731526
0.092186995
0.09149513
0.09157726
0.091201514
0.09223935
0.09207909
0.09197536
0.092606194
0.09249473
0.09259453
0.09265909
0.09390118
0.09390867
0.09454643
0.09337847
0.09264457
0.091306515
0.09067083
0.090508655
0.090786144
0.09095725
0.09047224
0.09086002
0.090326
0.08978186
0.089484
0.088832386
0.08872295
0.087881885
0.089250095
0.08871465
0.08940157
0.09031799
0.09043839
0.090531245
0.09036316
0.09049858
0.09023571
0.09001982
0.089083515
0.089638986
0.089291595
0.0885824
0.08839005
0.08838436
0.088284194
0.08845096
0.088897675
0.0892215
0.09036867
0.09103215
0.09004269
0.091516264
0.09208418
0.090291575
0.089350305
0.08925079
0.08822104
0.08775649
0.08778145
0.087834105
0.087333396
0.08796769
0.087113544
0.08774766
0.08857165
0.089111224
0.08922162
0.089243874
0.087898985
0.08899827
0.08911693
0.08878153
0.08909787
0.08790616
0.08795921
0.08778492
0.08725817
0.087506585
0.087178625
0.08709506
0.0872853
0.08650491
0.08663971
0.085940495
0.08575848
0.08488795
0.0856711
0.085967526
0.08616691
0.085389495
0.08538382
0.08539503
0.085128054
0.08553156
0.08628532
0.08620986
0.0868489
0.08652098
0.08646202
0.08643852
0.0861888
0.08648799
0.086675696
0.08547909
0.08477141
0.08466712
0.08512021
0.08563235
0.086436644
0.086197905
0.08557848
0.08539978
0.08574059
0.085072756
0.08579126
0.08770768
0.08809368
0.08693686
0.086821005
0.086317204
0.086548604
0.085655935
0.085532844
0.08561648
0.085831426
0.08572446
0.08608628
0.086502776
0.08540728
0.08562082
0.085259266
0.086414546
0.086529374
0.08630235
0.08585772
0.0853311
0.0850281
0.0858158
0.08531511
0.08546118
0.08500386
0.08491636
0.08482748
0.08630141
0.08704225
0.0860857
0.087336466
0.08651365
0.086884424
0.08681763
0.08678572
0.08571963
0.0862114
0.08539613
0.0853911
0.08511386
0.08550353
0.08560702
0.084789135
0.08536554
0.08514507
0.084847905
0.085550934
0.08610548
0.085778594
0.08630195
0.08534287
0.08525202
0.08551127
0.0854259
0.08552512
0.08576189
0.085934624
0.08697049
0.087289914
0.08671601
0.08636785
0.086813696
0.08622965
0.086444736
0.08660246
0.08673225
0.08655343
0.08675088
0.0868629
0.08836642
0.0880964
0.087192446
0.086770825
0.08646129
0.08669089
0.08586608
0.08735106
0.08719376
0.08705561
0.08686931
0.0861629
0.08649183
0.0872159
0.08773668
0.08730099
0.08718928
0.086443424
0.08672149
0.08708867
0.08673547
0.0871933
0.08790321
0.08689016
0.08760514
0.087123714
0.08578341
0.08644346
0.08650998
0.086448655
0.08741588
0.086796544
0.08731178
0.08771609
0.0874977
0.088495985
0.08808699
0.08853784
0.0894016
0.08906472
0.088975385
0.09001281
0.08933541
0.08842218
0.08879507
0.08838818
0.088367134
0.08864551
0.08913484
0.089004606
0.08925965
0.0908024
0.09018376
0.090348706
0.08993564
0.089237824
0.089508966
0.08918647
0.0902894
0.08939753
0.088198856
0.08913653
0.08892084
0.0900626
0.08995971
0.091448374
0.08875765
0.09062974
0.09226181
0.092937745
0.09349635
0.09415262
0.094464466
0.09187221
0.0928336
0.09248381
0.093747236
0.09381142
0.093303
0.09383517
0.09190452
0.09086431
0.09081353
0.09039135
0.09076581
0.09077001
0.090532914
0.09015847
0.090983436
0.09226621
0.093498506
0.0939663
0.09421761
0.09388939
0.09379537
0.09346389
0.09229798
0.093190625
0.09363324
0.09503195
0.09443781
0.09385955
0.092671424
0.09116002
0.09002082
0.088869214
0.090456665
0.08865301
0.089936435
0.08941541
0.09102877
0.09275477
0.092572786
0.093102105
0.09383972
0.09398473
0.093827784
0.09419226
0.093297884
0.09427154
0.093660526
0.09365641
0.092499726
0.092271045
0.0911161
0.09216726
0.092597716
0.09151348
0.09181755
0.09154702
0.09063329
0.08940766
0.08871028
0.088827305
0.088293254
0.08810808
0.08714764
0.08643488
0.08616072
0.08649455
0.08659989
0.08679686
0.086518444
0.08614322
0.086865544
0.087553486
0.08703353
0.08756098
0.08735157
0.08713241
0.087578155
0.08672273
0.08680776
0.08689954
0.08685416
0.086442836
0.08663316
0.086299784
0.086184695
0.08680902
0.08713104
0.08653168
0.08688584
0.08642205
0.08647072
0.086325645
0.08669711
0.085753724
0.086015925
0.08581809
0.08581872
0.085065275
0.08528875
0.08485484
0.08596433
0.08476121
0.08516153
0.08521227
0.08467754
0.08557775
0.08565951
0.08480025
0.08484583
0.08548182
0.085378796
0.085229084
0.0848568
0.08497671
0.08565591
0.08525129
0.084841765
0.085102916
0.08489058
0.08555303
0.08479381
0.08494453
0.08523298
0.08518067
0.08547763
0.08532675
0.084619194
0.08513502
0.08464189
0.08475962
0.08484606
0.08469048
0.084997006
0.084789105
0.08444612
0.08479251
0.08386031
0.08470937
0.08455965
0.08435656
0.08446516
0.084665015
0.08480096
0.08449779
0.0845492
0.08430379
0.0845265
0.083864
0.084068656
0.08435156
0.08494623
0.084101684
0.08426229
0.084326334
0.08433212
0.083991274
0.08456201
0.083455935
0.08404598
0.083699085
0.08389356
0.0835834
0.08326058
0.08340598
0.08372609
0.083478995
0.08347124
0.08297418
0.08327908
0.08313113
0.08324268
0.08342977
0.08340181
0.083840065
0.08401784
0.08355564
0.0838947
0.08384535
0.08428404
0.084337264
0.08349149
0.08412303
0.08301005
0.083300084
0.083714694
0.083254054
0.08367763
0.083330184
0.08329117
0.08334019
0.08348351
0.08359607
0.08346278
0.08323516
0.08318658
0.08332765
0.08362673
0.08345345
0.08315662
0.083143175
0.08326864
0.08333558
0.08327604
0.082880326
0.082636155
0.08324716
0.0824915
0.0826808
0.08257835
0.082889795
0.08275487
0.08292899
0.082807034
0.08359509
0.083905764
0.08530291
0.08485566
0.08646553
0.086760856
0.08822239
0.08999026
0.088743165
0.09074711
0.0911549
0.09308607
0.0932693
0.0928674
0.09182882
0.09239741
0.09354376
0.09268365
0.09146532
0.0913263
0.09310219
0.09463355
0.09660343
0.09485163
0.09324589
0.09281833
0.09258365
0.092441656
0.0911947
0.09049759
0.08953755
0.08981083
0.09085905
0.09005604
0.08950798
0.09204425
0.09213264
0.089725085
0.08942706
0.090691395
0.09064902
0.08933117
0.090580344
0.09272441
0.093146935
0.09034288
0.09063532
0.09267838
0.09439454
0.092893116
0.09269438
0.09283607
0.09223919
0.09423224
0.09491673
0.09660143
0.09676865
0.09582459
0.09459701
0.09586632
0.09432714
0.09334425
0.09334799
0.09202306
0.09041084
0.09101837
0.0899224
0.089055724
0.09028957
0.09187688
0.0920343
0.09262031
0.09253564
0.09122283
0.090967074
0.09161595
0.09156332
0.09103491
0.09039527
0.08982369
0.08897415
0.088255264
0.08935109
0.08891882
0.089561276
0.08879376
0.09044233
0.09127331
0.0925928
0.09298449
0.092133716
0.09279221
0.0927164
0.09440176
0.09534436
0.09586895
0.09625168
0.095471114
0.09497698
0.094683245
0.094801575
0.09404208
0.092313565
0.09215075
0.09214171
0.09160764
0.090036914
0.09129886
0.09098203
0.09070572
0.09117273
0.09139647
0.092116185
0.09183279
0.09177309
0.09256382
0.09176034
0.09238656
0.09222899
0.09359948
0.09279204
0.09486146
0.09409997
0.09372818
0.09323754
0.09378518
0.09319287
0.09289135
0.092978686
0.093741864
0.09375849
0.093344934
0.092378974
0.092521206
0.09279185
0.09245062
0.09362793
0.09365191
0.09313186
0.09167114
0.093119115
0.09317604
0.09276565
0.09216519
0.09132556
0.09095592
0.09140873
0.091684505
0.09090069
0.09181239
0.092120685
0.09217729
0.09170421
0.09240181
0.09295323
0.09313538
0.09373894
0.09301882
0.09244771
0.09192579
0.09267353
0.0923791
0.091908984
0.09216795
0.09278661
0.091872156
0.09155131
0.091328
0.091639824
0.09129149
0.09025711
0.089888304
0.08924447
0.089804225
0.0893943
0.08896437
0.08882525
0.089123346
0.0893841
0.09053041
0.08995039
0.08974515
0.08924299
0.08973893
0.090042025
0.08902402
0.08899222
0.08982738
0.0892938
0.08947745
0.089374974
0.089057446
0.09057436
0.090415314
0.08978124
0.08924779
0.09017185
0.08845633
0.08828259
0.08845737
0.088852376
0.087825015
0.08780672
0.08840574
0.088182345
0.08798202
0.087708905
0.08791743
0.08682481
0.08684584
0.08788831
0.08735694
0.08726797
0.08773309
0.087448865
0.08806784
0.087539315
0.08737663
0.087241545
0.086682945
0.08681234
0.0867999
0.08743228
0.08722292
0.08739849
0.0860357
0.086841315
0.086322606
0.08678147
0.08659953
0.08660158
0.08700985
0.087122455
0.086725414
0.08691673
0.08788169
0.087926805
0.087854914
0.08814801
0.087972865
0.088716514
0.08929064
0.08980642
0.08887889
0.088697724
0.08852783
0.08721905
0.0869402
0.08785847
0.088196956
0.08892942
0.08819959
0.087832406
0.087443374
0.088614464
0.08788487
0.08818278
0.088284686
0.0886351
0.08789707
0.0883175
0.0882729
0.08871963
0.08771595
0.08787709
0.08783981
0.088281274
0.08793474
0.08733359
0.088091455
0.08831697
0.08876018
0.08675291
0.08767947
0.08729732
0.08710018
0.08744253
0.087134875
0.08634682
0.087088525
0.086743
0.08677973
0.086864255
0.08669572
0.08622799
0.08698602
0.08672192
0.086572945
0.08566877
0.08658294
0.085927375
0.086174
0.086752735
0.08776627
0.087651275
0.08585927
0.08698609
0.08670574
0.086294875
0.08587939
0.08650889
0.08707977
0.08742335
0.08682175
0.08721726
0.087316714
0.08701696
0.08700848
0.087198295
0.086729065
0.08698544
0.08698946
0.085779205
0.08614732
0.085805655
0.08550613
0.08652458
0.08738403
0.086543836
0.08543776
0.08600359
0.08654693
0.086176924
0.086075716
0.0866606
0.08558889
0.086031824
0.08573283
0.085440926
0.08518091
0.08577291
0.08577296
0.08586824
0.085730225
0.0861167
0.08545179
0.085826375
0.08560765
0.08606931
0.08574428
0.08604184
0.086083606
0.08611948
0.0859575
0.08543746
0.08560247
0.086823545
0.08684012
0.08655494
0.086426355
0.08682958
0.08680221
0.0862175
0.087154396
0.087285906
0.08778604
0.0862702
0.08608963
0.08601777
0.08597867
0.08661671
0.08685879
0.0874638
0.08725728
0.08643933
0.08622137
0.08655612
0.08582513
0.086093575
0.08640752
0.08686007
0.08691856
0.0867744
0.0859259
0.08715061
0.08683852
0.08670927
0.08658447
0.086520456
0.0859297
0.086085595
0.08630724
0.08548886
0.08542066
0.08657879
0.08540944
0.085340925
0.084842704
0.08523231
0.085574895
0.08544223
0.0853057
0.08576821
0.08576551
0.08585218
0.08694104
0.08584247
0.08663107
0.08556243
0.08613137
0.08567107
0.08562427
0.085744776
0.08640212
0.08581833
0.08641463
0.08669389
0.08641287
0.08694504
0.08594714
0.08550511
0.08510235
0.08537083
0.084578834
0.08434885
0.08422576
0.0849432
0.08417912
0.08528202
0.08491262
0.08447211
0.08530124
0.085241266
0.08524088
0.085171595
0.084315
0.084531926
0.08473577
0.084356025
0.08362684
0.08445767
0.08430047
0.08408496
0.08405936
0.08415396
0.084258236
0.08393252
0.08417389
0.08347408
0.08348338
0.08338396
0.0834759
0.0830796
0.08306534
0.08337064
0.08380811
0.083012074
0.08334825
0.08353452
0.08301084
0.08343608
0.08338852
0.083496496
0.08314578
0.083922155
0.08349319
0.08340032
0.08482566
0.0857235
0.08526852
0.08600932
0.08680992
0.08621774
0.08616432
0.08585107
0.08561085
0.08498929
0.08464952
0.08303245
0.08346809
0.08330757
0.08369141
0.08404665
0.08435234
0.084569715
0.0835506
0.083170496
0.083806835
0.08335425
0.08339892
0.08338884
0.083466455
0.08406767
0.084199436
0.08391745
0.08265925
0.08367022
0.083026014
0.08269889
0.083054
0.082999766
0.08348527
0.08336057
0.082880996
0.08289795
0.08342939
0.08378699
0.08423766
0.08466699
0.08458845
0.08465956
0.08411162
0.08466165
0.084451266
0.0842471
0.08320429
0.08335962
0.08319992
0.08295245
0.082816824
0.08311256
0.08279018
0.08335535
0.08316142
0.08354914
0.08354787
0.08303622
0.08334589
0.08292168
0.082787044
0.08296857
0.08338718
0.08349578
0.083893724
0.08377484
0.0838933
0.082600184
0.0822671
0.083491966
0.08402154
0.08363774
0.08354025
0.083291516
0.08382954
0.083596185
0.084210895
0.08389825
0.083776
0.0839959
0.08418372
0.083603226
0.083439305
0.08343186
0.08344747
0.08313742
0.083274946
0.08340459
0.08409978
0.084977254
0.08375507
0.08370419
0.085397795
0.086627156
0.08752337
0.08717848
0.0862233
0.08415647
0.08400183
0.083332665
0.083344035
0.085004866
0.08524137
0.08482576
0.08457876
0.0846152
0.083074905
0.084229
0.08404596
0.08444842
0.08456994
0.084443815
0.08366091
0.08412142
0.0832885
0.08324871
0.08295163
0.08409276
0.0837332
0.084204
0.08390363
0.08406239
0.08317074
0.083547175
0.083172835
0.08326552
0.08230775
0.08262852
0.08194361
0.08314086
0.08317546
0.08326714
0.08265469
0.08263487
0.0823246
0.08228833
0.08267927
0.0825606
0.08259792
0.08253079
0.08279172
0.082611896
0.0829905
0.0826473
0.08319183
0.0830063
0.08244194
0.08274171
0.082928374
0.083267264
0.082483605
0.08322223
0.082885094
0.08288792
0.082659125
0.08326175
0.08442927
0.08416548
0.08349417
0.083312
0.08320543
0.083397605
0.08307924
0.08379434
0.083126836
0.082442015
0.08323517
0.082556985
0.08334259
0.08300581
0.082594685
0.08275924
0.08291761
0.08218941
0.08292222
0.08250207
0.0825025
0.08219926
0.082135364
0.081996426
0.082583696
0.08206524
0.08180016
0.08182558
0.08191878
0.081930496
0.08204267
0.08226041
0.080506
0.081837244
0.08091188
0.081810325
0.08184278
0.08145633
0.08185354
0.08181332
0.0813071
0.08133219
0.08201601
0.081364095
0.08160826
0.0819247
0.08181919
0.08162787
0.0816248
0.081245266
0.08171771
0.08185522
0.08249786
0.08163197
0.08132071
0.08164797
0.081196785
0.0821697
0.08186061
0.081770584
0.08106304
0.0812234
0.081150874
0.08183176
0.08094469
0.081034504
0.08128974
0.08162901
0.08136958
0.081155464
0.08077404
0.08093578
0.08129468
0.08103968
0.08064986
0.08089681
0.08111123
0.08087315
0.081645936
0.08157508
0.08178979
0.08044519
0.0815383
0.08202443
0.08306618
0.082900055
0.08305539
0.08224915
0.08155925
0.08143024
0.08259167
0.083051495
0.08120543
0.08113971
0.081353605
0.08089305
0.08075608
0.08136392
0.08245915
0.08182371
0.08293811
0.08205497
0.08218486
0.081795
0.08144445
0.0811605
0.08069092
0.081273966
0.081785224
0.080838114
0.08050271
0.08044763
0.08196836
0.08309556
0.08305056
0.08352576
0.08361978
0.082502216
0.08150325
0.081328765
0.08159366
0.08183027
0.08138166
0.081802376
0.08163735
0.08223703
0.082235545
0.08170054
0.080998
0.081565514
0.082171164
0.082253
0.0825766
0.0821946
0.08164731
0.08093782
0.08162389
0.08156114
0.08224483
0.08209749
0.082388744
0.082608156
0.08215148
0.08204105
0.08142632
0.08105807
0.08100589
0.08116155
0.08138463
0.08102719
0.08110068
0.08051965
0.08047238
0.08101886
0.081368245
0.08100551
0.08116227
0.08242794
0.08189746
0.08178884
0.08055035
0.080472395
0.081040226
0.08111257
0.08109401
0.08077159
0.08106516
0.081375495
0.08078458
0.081125475
0.0816153
0.08096268
0.08104728
0.081291
0.08107636
0.08137895
0.08100599
0.081121735
0.08055203
0.080721565
0.08150781
0.0822429
0.083861776
0.08575276
0.085052826
0.085583694
0.083915815
0.08281605
0.08247355
0.08175139
0.08139601
0.080438204
0.08063965
0.0806494
0.08158853
0.08193849
0.08213651
0.08184527
0.08208498
0.08180309
0.08109126
0.08105121
0.08039297
0.08133025
0.081350185
0.08220573
0.081900254
0.08147548
0.08163684
0.08057448
0.08088543
0.080570534
0.08042649
0.0801148
0.08023653
0.080458455
0.08085662
0.08079729
0.080663666
0.081501104
0.080519855
0.08039888
0.08130431
0.081521325
0.08130942
0.08147982
0.08119267
0.08131476
0.08192293
0.08123654
0.07997925
0.080501035
0.080988035
0.08121933
0.082048856
0.08222382
0.08323553
0.08289983
0.08252734
0.08143664
0.08219459
0.08267106
0.08206168
0.08073892
0.080890395
0.082681015
0.08339928
0.08433407
0.08428482
0.08414474
0.082766876
0.08278521
0.084829256
0.08428179
0.08302428
0.081389844
0.08153083
0.082202934
0.082422
0.08229182
0.0826225
0.08252963
0.08328579
0.08318598
0.08194533
0.081821956
0.0819212
0.08160455
0.08286899
0.08279083
0.08350745
0.083733566
0.08458712
0.08281177
0.08067227
0.0797181
0.07995699
0.079004675
0.078978285
0.07944627
0.07871579
0.078688346
0.07946852
0.078335136
0.07846804
0.07864464
0.07807814
0.07736734
0.078434914
0.07895653
0.07990984
0.07953589
0.07820373
0.076150134
0.07734247
0.07676332
0.076922186
0.07779338
0.07896655
0.07975671
0.08026888
0.08058305
0.08056037
0.07975163
0.08111283
0.08083872
0.07927482
0.07854277
0.07957524
0.07945233
0.07999606
0.080494724
0.08036678
0.08131088
0.081346646
0.080304965
0.08147545
0.08185774
0.08175117
0.08227226
0.0826545
0.0826733
0.082811
0.0823959
0.08143
0.08209661
0.08156508
0.08142502
0.08012284
0.07967321
0.08020932
0.08018269
0.08173347
0.081661284
0.08183088
0.08119402
0.08143747
0.08228867
0.083923794
0.08306041
0.081811756
0.08140066
0.08234084
0.082916416
0.08205654
0.08209353
0.08146442
0.08112347
0.081790455
0.082732216
0.08307375
0.08414742
0.08468671
0.08468471
0.08635741
0.08529503
0.08481725
0.085760854
0.085509636
0.0846729
0.08483484
0.08530345
0.08464361
0.08409493
0.0840568
0.08341545
0.08361917
0.083850265
0.0832452
0.083617136
0.08377915
0.08359631
0.082863174
0.08242374
0.0821024
0.08258466
0.0823961
0.0836474
0.0838324
0.085644774
0.08453891
0.083410926
0.083718084
0.082467176
0.08197917
0.08090793
0.08052898
0.08059209
0.07921139
0.07917861
0.07955535
0.0796501
0.079728074
0.08144295
0.08088054
0.080175385
0.08006129
0.08027161
0.08084851
0.080985904
0.08116387
0.08099355
0.082404986
0.082460105
0.081272975
0.08253179
0.0827303
0.08203909
0.08244367
0.08129662
0.080851614
0.080306135
0.08014591
0.07948789
0.079295024
0.07969903
0.079556994
0.0795162
0.080216594
0.081073925
0.081153065
0.08201036
0.08079833
0.08064836
0.08108217
0.081748396
0.08326867
0.08295953
0.08349483
0.083420455
0.08293551
0.08180555
0.08305046
0.08281997
0.08329778
0.08218716
0.082161576
0.0816811
0.08156753
0.08089807
0.08084995
0.08065158
0.080869295
0.080463365
0.08068878
0.08089214
0.08028887
0.08032549
0.07992205
0.08053307
0.080054656
0.081060655
0.08084978
0.08049539
0.07962723
0.07995817
0.07917258
0.07885241
0.079707116
0.07921607
0.07981132
0.08009056
0.08008512
0.080228284
0.08000058
0.08054218
0.07941355
0.079952165
0.07955354
0.07933873
0.079765625
0.07956503
0.0805013
0.0797602
0.08000393
0.07970066
0.08009247
0.07900324
0.07879217
0.08013362
0.08049712
0.08003103
0.08002284
0.07980961
0.0805358
0.079806216
0.07960775
0.07989021
0.079637386
0.0792936
0.07878961
0.07954471
0.07936756
0.08042724
0.07992383
0.08007861
0.08011957
0.08012809
0.080455385
0.080697045
0.08057285
0.08146755
0.08148876
0.0816577
0.08144971
0.08224538
0.08301866
0.081217974
0.080939084
0.08017027
0.08057171
0.08087467
0.081220835
0.08165034
0.08123229
0.08059619
0.08078264
0.08039729
0.0793317
0.07803503
0.0775842
0.077639714
0.07798559
0.07689187
0.077524476
0.077749625
0.07710875
0.07640753
0.07718871
0.078378506
0.079399966
0.07891897
0.07837326
0.07742523
0.07762417
0.077500634
0.0774356
0.07734008
0.076022
0.07628248
0.07603776
0.076101765
0.07706579
0.07639109
0.0761046
0.07739426
0.07730953
0.077594444
0.07683224
0.077660464
0.077483445
0.07780445
0.07708151
0.07700435
0.07732032
0.07721339
0.077117555
0.07717619
0.07721195
0.076387726
0.07740761
0.07625281
0.07645659
0.07667389
0.0768447
0.07690738
0.07714695
0.077010736
0.076803654
0.07676502
0.076941915
0.07673548
0.0772153
0.07676837
0.07695799
0.0775679
0.07735402
0.076278724
0.076763876
0.07600616
0.07590778
0.07680458
0.07693582
0.07755508
0.07839581
0.07876772
0.078457214
0.07860463
0.07902286
0.079045124
0.080798835
0.08102418
0.07928571
0.07804511
0.07889275
0.078075655
0.07921241
0.07952592
0.078927055
0.080550805
0.08039484
0.080480054
0.07915524
0.07912923
0.07842837
0.077917725
0.07794366
0.078099586
0.07768612
0.0777063
0.07770927
0.077544965
0.077288814
0.07686887
0.0772899
0.077451736
0.077692114
0.07755842
0.07753899
0.07800871
0.077829696
0.07701555
0.07645364
0.076891124
0.07765143
0.07690546
0.07770594
0.07694843
0.07629274
0.0769678
0.077743135
0.077712506
0.077934824
0.07677383
0.07689456
0.076490454
0.07781951
0.076949574
0.07661115
0.07902219
0.08097181
0.08293804
0.08368347
0.08345082
0.08206834
0.080946706
0.08034379
0.08040407
0.08078151
0.08224359
0.08292922
0.083366126
0.08358429
0.083375745
0.082972825
0.08319526
0.08445251
0.08356406
0.0832168
0.082819596
0.0805391
0.08078534
0.07987506
0.08016704
0.07968576
0.08018276
0.07981342
0.08101597
0.080794886
0.08025069
0.07978889
0.08028089
0.07840989
0.07853374
0.079090215
0.07947188
0.079097934
0.07961496
0.07864584
0.07872948
0.078305915
0.07814085
0.07783135
0.07858621
0.078328945
0.07845357
0.07872484
0.07893629
0.07857729
0.078630246
0.07871555
0.0783739
0.07815949
0.07789391
0.07732808
0.07725627
0.077221446
0.07717592
0.0764545
0.07707927
0.07710151
0.07692567
0.07641766
0.077080205
0.07661801
0.07664581
0.07666034
0.076677956
0.07646449
0.07704388
0.07679345
0.07728059
0.07637181
0.07675264
0.076148994
0.07741072
0.07758109
0.07816633
0.07734011
0.07779058
0.077716514
0.07690295
0.076828584
0.07669824
0.07655791
0.07672082
0.07672416
0.07786315
0.07704694
0.07610955
0.07635257
0.07696118
0.07751697
0.07702857
0.07676406
0.07712878
0.07728016
0.0770244
0.07787646
0.077894695
0.07813986
0.07747573
0.07725533
0.07741369
0.078458935
0.079258785
0.08098943
0.0797298
0.07815152
0.07733295
0.07748399
0.077373154
0.078218244
0.07787773
0.07833428
0.07800064
0.0777327
0.07814594
0.07734207
0.077971496
0.078562476
0.0781237
0.077349864
0.077779904
0.077064574
0.077382356
0.07769515
0.07842855
0.07769863
0.07768441
0.07745744
0.07675092
0.076660044
0.076279424
0.076845236
0.07682764
0.07648576
0.07652703
0.077653676
0.077256314
0.078097604
0.07740464
0.07767443
0.07751654
0.07699942
0.07718755
0.076754205
0.07651118
0.077448055
0.07657972
0.07680659
0.07682761
0.07689168
0.07725864
0.07670199
0.076721534
0.07643655
0.07675925
0.07776319
0.078067325
0.07750232
0.07810682
0.07799775
0.07906888
0.079964675
0.079691775
0.07787114
0.07683982
0.076624475
0.078334704
0.07952603
0.07913343
0.08131589
0.0813457
0.08143989
0.07986555
0.07918777
0.07931127
0.079271175
0.07994043
0.07932731
0.07910055
0.07860391
0.07749431
0.078032576
0.07860904
0.07889231
0.078980826
0.07896026
0.080019735
0.08125493
0.08285502
0.08403322
0.08363031
0.08365712
0.084181376
0.083919294
0.083235264
0.082621835
0.08235429
0.08099987
0.08088971
0.08079728
0.08113364
0.0830422
0.0839204
0.08372374
0.08315707
0.08258132
0.08361126
0.08324756
0.08314713
0.08294076
0.08327742
0.08361579
0.083613455
0.08318285
0.08292115
0.08301505
0.08283099
0.08256964
0.081989214
0.08214153
0.082196735
0.08211357
0.08105215
0.08165575
0.08146021
0.08216092
0.082289234
0.08150999
0.081669904
0.08178247
0.08105106
0.08087803
0.08127208
0.08019103
0.08095479
0.08083287
0.080759294
0.07990667
0.079541005
0.07991364
0.079253085
0.07916944
0.07923844
0.079383805
0.07930378
0.07981958
0.079099484
0.07949499
0.07960342
0.079741396
0.07959777
0.079912096
0.07942602
0.07938713
0.079048716
0.07852102
0.079676285
0.07984605
0.07997158
0.07882363
0.0796619
0.07992886
0.07993767
0.07963287
0.07938299
0.07954548
0.07887952
0.078850955
0.07826625
0.07883142
0.078840524
0.07867404
0.07826429
0.07788933
0.07837078
0.07765783
0.07816961
0.07709643
0.076330446
0.076300256
0.07643336
0.077000655
0.07626451
0.07617086
0.075866185
0.0759817
0.0763261
0.075447746
0.07658042
0.075995654
0.07576816
0.07559118
0.07595457
0.07585475
0.07631436
0.07571481
0.07545854
0.07526574
0.0747747
0.075651854
0.07625624
0.07546044
0.07534272
0.07563551
0.07578296
0.075759545
0.07582264
0.07565258
0.075314395
0.075479046
0.075250916
0.075015806
0.07540247
0.07517963
0.07470539
0.07431735
0.07532764
0.075473726
0.07556725
0.07505187
0.07472431
0.07496509
0.07482547
0.07401486
0.074875295
0.075389944
0.07451325
0.074581906
0.0742137
0.075204745
0.07536858
0.074439734
0.07469532
0.07479934
0.075371616
0.07580716
0.07583725
0.07571762
0.0745564
0.07476054
0.07521588
0.07441102
0.07521048
0.07545983
0.07558779
0.07510092
0.075872384
0.07521848
0.075297296
0.07590582
0.075614125
0.07509753
0.07489472
0.07520719
0.07575382
0.07556327
0.07512293
0.07549754
0.07548625
0.075365975
0.07603544
0.07596162
0.075993516
0.07624305
0.07547758
0.07560467
0.0754696
0.075051285
0.075280294
0.07565388
0.07700029
0.076186165
0.07597407
0.07546336
0.07564213
0.076329045
0.076235235
0.07582172
0.075490914
0.07570029
0.07485037
0.074928254
0.07579002
0.07682535
0.07699759
0.07596112
0.0759718
0.076695636
0.07782231
0.07910511
0.08000141
0.078403264
0.077810556
0.077655524
0.077829786
0.07711499
0.07627781
0.07625817
0.076355115
0.076154105
0.077210225
0.0776941
0.07775484
0.07632992
0.07577383
0.07637144
0.07676498
0.076327965
0.07596511
0.074879214
0.075942144
0.0753514
0.07490582
0.07463953
0.075037405
0.07561733
0.074977435
0.074260876
0.07473749
0.07471546
0.07512785
0.074751414
0.07495121
0.07493943
0.074804515
0.07449151
0.075485334
0.07475173
0.074616686
0.07435956
0.07433773
0.07476819
0.07468874
0.074295856
0.074048206
0.07521368
0.07486465
0.07471958
0.075046055
0.075278826
0.07588023
0.07647668
0.076316014
0.0768346
0.076045215
0.07538775
0.07489576
0.07499237
0.07547144
0.07538601
0.0751898
0.07489078
0.074820824
0.07525491
0.07504183
0.075283855
0.07461014
0.07448768
0.074206576
0.07530814
0.07477631
0.074732654
0.07451764
0.075358205
0.074722745
0.073906094
0.0743553
0.07436354
0.07415977
0.073655784
0.07412568
0.07376831
0.07387122
0.073912114
0.07421807
0.07434986
0.07464682
0.07424042
0.07420305
0.07390258
0.07424011
0.07407611
0.0742156
0.07351432
0.073915884
0.07407167
0.07386365
0.07409696
0.07426587
0.07457734
0.07478759
0.07486508
0.07439849
0.07414822
0.073980495
0.07378401
0.074441455
0.07533401
0.0747075
0.0747319
0.07515126
0.07448646
0.07541412
0.07459512
0.074931115
0.07454335
0.07463848
0.07474475
0.07466678
0.074591324
0.07388638
0.07381073
0.073985405
0.07433025
0.07459479
0.074685946
0.074452884
0.07429927
0.07374274
0.07474495
0.07474802
0.0741873
0.07420149
0.07458214
0.07472487
0.07439493
0.07446782
0.07491357
0.075089484
0.07515307
0.075605474
0.075528815
0.07492218
0.07436928
0.07487716
0.07407142
0.07454557
0.07459474
0.07517811
0.07623132
0.07607816
0.07560223
0.07574144
0.075832464
0.07646469
0.07545796
0.07501563
0.07609984
0.07590056
0.075595066
0.075380355
0.0756962
0.075296886
0.075252384
0.074540965
0.07476402
0.07487153
0.075275496
0.075291015
0.074993044
0.07444629
0.07454673
0.074022375
0.07408295
0.07427152
0.074521355
0.0742109
0.07433265
0.074351646
0.07379843
0.07385501
0.0744103
0.07380665
0.07347733
0.07410592
0.07377132
0.07377879
0.072632216
0.07347638
0.073998615
0.07480611
0.07457289
0.07453283
0.0742803
0.07426785
0.0746693
0.074439496
0.07481048
0.07374654
0.073626846
0.073647626
0.07358474
0.07393558
0.07357102
0.0735566
0.07307444
0.07357798
0.07320967
0.07321788
0.07294367
0.07273789
0.07299503
0.07252733
0.073028296
0.07234555
0.07255038
0.07285515
0.07240789
0.07236657
0.07239861
0.07194397
0.07154901
0.07237457
0.072167195
0.072274454
0.07232374
0.07197186
0.07242717
0.07335711
0.073125
0.073125385
0.072916046
0.07227165
0.07258662
0.072908565
0.073196605
0.07323033
0.07213913
0.07289463
0.07246062
0.07211908
0.07268018
0.07288128
0.0726382
0.07203897
0.072432764
0.072520405
0.07265185
0.07232538
0.072073355
0.07201394
0.072739966
0.073931165
0.07387236
0.07518972
0.07610871
0.07614458
0.07520243
0.07483591
0.07395197
0.074227154
0.07351711
0.07370963
0.07337734
0.07351113
0.07428015
0.07438811
0.07414929
0.07391911
0.0735505
0.074012384
0.07371415
0.073855914
0.07413713
0.07406269
0.074516095
0.07376618
0.07428605
0.073735625
0.073531665
0.07417424
0.07315541
0.07316501
0.07329952
0.07298117
0.07232566
0.07359041
0.073111884
0.07349803
0.07294683
0.07247214
0.07277736
0.073044606
0.074091114
0.073282376
0.07421116
0.073519565
0.07264987
0.07271155
0.07270643
0.072880544
0.0721533
0.072235264
0.072607175
0.07274448
0.072350815
0.07220914
0.07204438
0.07273469
0.0722316
0.07225995
0.07203796
0.07272111
0.07280025
0.07192009
0.07169704
0.07211665
0.071849786
0.07154373
0.072064556
0.07160809
0.071776904
0.07208415
0.07180683
0.071952805
0.07273465
0.07285633
0.072247125
0.07226189
0.07249211
0.07212951
0.07218809
0.072718605
0.07102153
0.07163312
0.07224264
0.07141959
0.072158284
0.07231511
0.07209826
0.07191888
0.071820244
0.072329365
0.07230557
0.07248439
0.07200586
0.071906835
0.07194157
0.071752794
0.072110526
0.072383106
0.072596885
0.072536744
0.07228609
0.07258575
0.0733471
0.07336492
0.072907865
0.07337329
0.07271301
0.07264496
0.07289221
0.07297547
0.07309004
0.07367026
0.07267573
0.07341216
0.0736081
0.07376674
0.07354557
0.072760954
0.07274546
0.073130526
0.073089905
0.07354309
0.073326275
0.072804324
0.07404172
0.07458257
0.075051196
0.0751116
0.07516266
0.07487991
0.074970156
0.07545581
0.07621387
0.075352915
0.07559811
0.075311996
0.07623821
0.075015046
0.075509995
0.0757671
0.074955404
0.07465641
0.07514362
0.074799195
0.07396716
0.07471711
0.07431116
0.0744291
0.07400097
0.07366324
0.07378478
0.07336895
0.073675066
0.07265616
0.072945915
0.073692374
0.073378555
0.0740089
0.07428244
0.07316334
0.07387368
0.07398877
0.074612
0.07401737
0.0733961
0.07403586
0.07396821
0.07416695
0.07367177
0.073546745
0.073358096
0.072998784
0.0727125
0.07294288
0.073049515
0.073014684
0.07300077
0.073001914
0.07343458
0.07280471
0.07361347
0.07345037
0.07427587
0.073873065
0.073466815
0.0736023
0.07308439
0.073832974
0.073243715
0.07466961
0.07389827
0.0739531
0.07390534
0.072979204
0.07334528
0.07349792
0.07346659
0.07334036
0.07328719
0.07333691
0.07358032
0.07354433
0.073457494
0.07343261
0.073125064
0.072126076
0.0727449
0.07356201
0.07321695
0.0728172
0.07314175
0.0727938
0.07393896
0.07380127
0.07290277
0.072756924
0.07272345
0.07312651
0.07330712
0.073261924
0.073255524
0.07352246
0.07343244
0.07383966
0.07335682
0.073299
0.07298336
0.07262896
0.07359014
0.07357582
0.07310864
0.073184036
0.072473675
0.07260996
0.07262746
0.072169155
0.07287406
0.07233093
0.07328216
0.07299699
0.07278401
0.073033944
0.07225443
0.07281407
0.07265527
0.0728107
0.07286093
0.072117046
0.072868764
0.07290545
0.07247795
0.073194094
0.072813556
0.07304453
0.07297753
0.07281691
0.073278576
0.07303294
0.07294354
0.07262459
0.071982615
0.07309769
0.07287547
0.07239928
0.07329475
0.072575636
0.07337024
0.072136216
0.072245196
0.07303004
0.072116405
0.07269671
0.07290669
0.071610734
0.07201733
0.07203743
0.07187072
0.07178514
0.07157679
0.07198639
0.071448125
0.07246598
0.07250271
0.0727079
0.07198019
0.072509244
0.07116512
0.07162165
0.07193232
0.072384745
0.07349185
0.07374564
0.0730744
0.072463915
0.07294541
0.07315574
0.073012754
0.073891185
0.07365908
0.07401692
0.07372219
0.07360193
0.07388333
0.07358493
0.0728958
0.073169604
0.07241751
0.07243799
0.07194537
0.072148964
0.07205569
0.07270293
0.07283888
0.07205299
0.07241754
0.072814405
0.07225238
0.07219001
0.07249181
0.07219729
0.07289551
0.07253365
0.07264612
0.072472245
0.072294615
0.072380275
0.07249619
0.07277559
0.07258824
0.07315841
0.07296989
0.07199367
0.0725622
0.071988374
0.071817145
0.07195742
0.07197158
0.07216411
0.072139844
0.07200661
0.07234804
0.072309546
0.071655735
0.072153844
0.0717782
0.072845004
0.07187074
0.071183816
0.072445825
0.07188378
0.071893424
0.07124445
0.07159397
0.07191693
0.07183754
0.07176866
0.07173995
0.07235562
0.073388904
0.073492005
0.07245713
0.07233047
0.071822226
0.071366996
0.071615204
0.07193325
0.07140829
0.07230058
0.07230528
0.07183159
0.07166718
0.0717202
0.07159868
0.07154435
0.07289146
0.07368912
0.07388402
0.07443357
0.073628895
0.07402153
0.073959835
0.07406968
0.074023105
0.073860176
0.07273675
0.07365332
0.07369696
0.07337598
0.07321976
0.07332608
0.073815994
0.07412272
0.07428701
0.0736597
0.07287054
0.072762944
0.073208936
0.07303073
0.07281402
0.07215876
0.073241696
0.07272478
0.07253714
0.0720167
0.07242717
0.07202163
0.07167942
0.071830645
0.07165464
0.072095096
0.072115205
0.07197185
0.07225657
0.07288024
0.07182837
0.071650244
0.07128714
0.07132014
0.07204208
0.07184293
0.07148382
0.07229307
0.07180097
0.07209822
0.07228113
0.07186054
0.071986444
0.07215099
0.07210442
0.07252867
0.07250683
0.07236424
0.072176665
0.071418546
0.07215076
0.07219266
0.07206426
0.07265939
0.07237104
0.072814114
0.07254115
0.0724042
0.07168688
0.07233579
0.07180747
0.072471514
0.0721414
0.07278782
0.072822705
0.07298777
0.073539056
0.073239826
0.07413263
0.07397929
0.07280205
0.07322376
0.07306482
0.072918214
0.07300574
0.07277974
0.07228095
0.072516255
0.07207035
0.07215804
0.07190719
0.07173429
0.07170055
0.07154246
0.07225798
0.071759135
0.07157303
0.072410256
0.0722963
0.071697555
0.07125349
0.071701676
0.07222559
0.072529644
0.0720999
0.07237707
0.07265215
0.07221099
0.07303525
0.07296468
0.0726944
0.07200855
0.07218289
0.07213636
0.071797565
0.07182432
0.07236822
0.0715179
0.07242079
0.07154864
0.07209228
0.072210945
0.07212357
0.071908094
0.0716451
0.071945764
0.07240809
0.07262911
0.07189921
0.07296036
0.072760396
0.072838105
0.0727197
0.07243895
0.0730793
0.07336246
0.07289005
0.07318974
0.07348006
0.073133044
0.07272898
0.0730881
0.07279045
0.073113576
0.0732118
0.07336017
0.0732659
0.07296553
0.07290832
0.072740376
0.07253564
0.072530195
0.072672
0.07291363
0.07277987
0.07281835
0.07342039
0.07319018
0.07308164
0.072568
0.07235302
0.07278926
0.07221868
0.072920725
0.071740076
0.0720839
0.07235071
0.07175327
0.07184075
0.07196314
0.07193771
0.07316289
0.0725781
0.07260404
0.07254186
0.07281205
0.07224788
0.07283365
0.07264856
0.07210041
0.07216901
0.07201601
0.07165947
0.0714692
0.072534025
0.071783625
