===================== Time: [Thu Aug 11 05:46:07 2022] ========================
0.056361042
0.05829793
0.060854074
0.06003973
0.06016122
0.05997682
0.061200052
0.059841536
0.058978178
0.06010058
0.0600902
0.058339868
0.059141126
0.059097365
0.05964224
0.059831712
0.059732735
0.06067761
0.060599018
0.060047302
0.060053375
0.060395434
0.05909623
0.05878963
0.05873945
0.05844856
0.058943894
0.05914714
0.058466356
0.059278835
0.05929335
0.058368374
0.058938414
0.05917511
0.058989417
0.058744274
0.05907624
0.060087223
0.05939864
0.05996395
0.060751803
0.060145978
0.05935084
0.05924787
0.0587709
0.058403693
0.0590434
0.05902032
0.058465514
0.058364186
0.058599863
0.058328312
0.058244325
0.05862582
0.058604322
0.057850547
0.058225743
0.058069896
0.057675812
0.057948228
0.05843708
0.057692774
0.058391374
0.05756736
0.05743574
0.057402566
0.057205856
0.05669111
0.05770369
0.05756283
0.057884287
0.05774926
0.057768412
0.057940517
0.05778708
0.05731738
0.057830755
0.05790733
0.057896927
0.05763826
0.05796013
0.057320263
0.05776308
0.057029393
0.056687728
0.05706978
0.057268336
0.057683382
0.057485238
0.057189535
0.05704513
0.05740523
0.056758527
0.057082813
0.05693561
0.057060946
0.05753186
0.05592174
0.055995017
0.055433083
0.05547125
0.055356618
0.056225076
0.056362595
0.055949308
0.055298116
0.054740917
0.05495651
0.05654779
0.055794127
0.055996113
0.05686008
0.057080097
0.056432877
0.0573196
0.05675406
0.056225922
0.056789175
0.057277396
0.05517717
0.055603832
0.054719545
0.054427676
0.053748086
0.05440009
0.05396259
0.05455382
0.054646514
0.054567102
0.05423486
0.05409223
0.053464368
0.054302733
0.053909715
0.053367004
0.0539617
0.052841995
0.052725133
0.053252738
0.053331815
0.053026877
0.05352281
0.053651813
0.053589985
0.053932916
0.05417886
0.0545648
0.0549591
0.055745497
0.055495296
0.056047063
0.05560864
0.055323403
0.055157397
0.056146473
0.055688553
0.05579606
0.055450946
0.055008654
0.05399237
0.053930946
0.054452803
0.053855196
0.052504797
0.052352898
0.05247012
0.052796993
0.05312127
0.053186283
0.053275544
0.052596208
0.052167743
0.051859822
0.051808245
0.053357944
0.052752707
0.053004853
0.05334804
0.05294588
0.053146757
0.052834865
0.052913994
0.05296966
0.053195592
0.052471206
0.052711956
0.05216136
0.0519976
0.051677898
0.051496796
0.05216474
0.052647796
0.053562663
0.05431114
0.054455332
0.054640528
0.05454713
0.054277573
0.054881487
0.0553883
0.055106096
0.05487671
0.05420877
0.05449863
0.054200694
0.05442639
0.054204322
0.05399146
0.054194648
0.05488664
0.054943483
0.055156622
0.055405196
0.055533998
0.05573362
0.055430207
0.055101316
0.053858794
0.055469405
0.055686172
0.0560349
0.05576599
0.05539808
0.054905623
0.055569794
0.05530992
0.055297747
0.05457298
0.054773588
0.054679584
0.054601926
0.055173054
0.05513654
0.055000316
0.05499932
0.05536297
0.055375583
0.055176497
0.055052835
0.055153314
0.054817647
0.054791503
0.055300143
0.055152442
0.05533899
0.055084545
0.055338897
0.055047475
0.055314813
0.055647288
0.055400915
0.055153046
0.054576892
0.05577456
0.055413272
0.056384485
0.056790307
0.056649458
0.05634455
0.05715006
0.057802353
0.056372873
0.056103595
0.056598194
0.056489207
0.0563944
0.05571037
0.05566367
0.055660833
0.055294562
0.05583794
0.055152275
0.05541097
0.05418186
0.054896913
0.054879915
0.05470021
0.05430849
0.054150958
0.053452644
0.052846454
0.053461235
0.052625533
0.052880835
0.053503286
0.053546447
0.05334974
0.05297017
0.053162415
0.05293737
0.053464834
0.052643787
0.053184375
0.053324502
0.052876387
0.053478476
0.052597616
0.053092323
0.053323667
0.053579286
0.054372847
0.05391784
0.05371782
0.053929135
0.05408374
0.054554816
0.054221317
0.053833105
0.054583818
0.05482163
0.054434434
0.054205514
0.054931104
0.05415399
0.054469977
0.054426253
0.054553665
0.054400582
0.054268744
0.05442334
0.05427553
0.054562364
0.054143485
0.05425273
0.054406866
0.053558547
0.053594194
0.053230677
0.052697852
0.05317877
0.052740242
0.052837804
0.053680386
0.05338067
0.0528784
0.05287844
0.053514592
0.05294475
0.052432965
0.052774448
0.052783232
0.0526723
0.053113367
0.052930024
0.05293109
0.05292144
0.05276859
0.052863874
0.05253366
0.052512553
0.052305177
0.052604336
0.05295636
0.053600874
0.053112373
0.053197376
0.05306132
0.05309188
0.05365383
0.053163506
0.052869253
0.05262661
0.05272179
0.052135438
0.052781314
0.0526162
0.0528115
0.052598935
0.05245472
0.052298944
0.052515414
0.053176437
0.052800372
0.052444786
0.05177541
0.05240272
0.052610595
0.053084053
0.052610733
0.053636204
0.05399976
0.053596906
0.054402396
0.053782314
0.053730216
0.053742226
0.053179983
0.053517368
0.05395232
0.053277764
0.053936716
0.05380463
0.053871006
0.053981956
0.05346009
0.05360588
0.053078476
0.05340382
0.05311136
0.05315791
0.05269969
0.0534052
0.052930992
0.053215865
0.053416945
0.053191017
0.053059574
0.05284988
0.052930254
0.052836485
0.05266527
0.052558385
0.052452452
0.052307602
0.052742183
0.052447136
0.052781973
0.052651253
0.05249931
0.052424207
0.052703634
0.052309554
0.05217294
0.052244306
0.052333288
0.05168498
0.051808648
0.051269583
0.05246348
0.052049764
0.05206412
0.05169565
0.05124466
0.051430013
0.051492695
0.05132964
0.051575504
0.051468667
0.051125716
0.05096594
0.05108691
0.05134121
0.05161923
0.051542655
0.052021377
0.051646736
0.05160572
0.051199622
0.0515582
0.05113229
0.051612407
0.051399853
0.051691517
0.051778648
0.051960673
0.0513154
0.05164182
0.051686965
0.052137665
0.052644383
0.051988278
0.05212608
0.051885206
0.052266844
0.05207296
0.052123018
0.052322205
0.05193851
0.051824078
0.051785987
0.052226573
0.052456994
0.052719567
0.05205265
0.052237727
0.051922448
0.052036677
0.051711895
0.051924173
0.051854953
0.051719174
0.051426668
0.051925108
0.051531445
0.051170025
0.051304255
0.05152899
0.051293854
0.05161808
0.0520969
0.051374074
0.05128532
0.05151713
0.05118738
0.051220894
0.05205068
0.05127269
0.05191161
0.051642485
0.052303206
0.052165955
0.052040886
0.05236395
0.052130163
0.052013773
0.05233943
0.051318925
0.05162895
0.05121324
0.051155254
0.051020052
0.05091603
0.051183145
0.050878923
0.0510478
0.050515335
0.050899696
0.05118862
0.05069418
0.05104015
0.05087336
0.050646067
0.050521523
0.050615504
0.05018851
0.05023037
0.05044711
0.050384834
0.050330523
0.051017255
0.04984729
0.049953368
0.05026611
0.049882304
0.050083637
0.0499047
0.049839206
0.050138555
0.049977433
0.04958466
0.050330542
0.049424864
0.050463542
0.049768887
0.05010233
0.050394945
0.05015077
0.050189894
0.049810898
0.049942493
0.04979142
0.050150063
0.049539614
0.049188007
0.049400292
0.049503613
0.04962586
0.04995048
0.049548026
0.04948513
0.05001696
0.050028794
0.050831154
0.050687548
0.050927114
0.0506797
0.050651964
0.05036903
0.050875753
0.050358098
0.050295666
0.05028856
0.04960465
0.049593512
0.04976712
0.049857043
0.049708843
0.049704954
0.049286548
0.049850922
0.049323626
0.04929148
0.04998572
0.049646173
0.049793128
0.05016853
0.050232027
0.049339972
0.04975588
0.049817678
0.049961157
0.05050727
0.050095994
0.050271172
0.050267976
0.050176527
0.050261263
0.049896806
0.049629327
0.04989199
0.050253443
0.050500974
0.050658315
0.05117993
0.05098721
0.051443927
0.05120504
0.05080146
0.050762482
0.05100226
0.051194414
0.050535575
0.051244177
0.05098682
0.050958518
0.05047774
0.050517682
0.050425246
0.050544582
0.050827816
0.05081091
0.05103219
0.050139505
0.0503268
0.050789535
0.05042896
0.05051442
0.05065482
0.05005949
0.050022215
0.050320573
0.050431114
0.0509561
0.050898373
0.05164996
0.052598994
0.052237086
0.052120045
0.052708063
0.052670505
0.05235378
0.052395187
0.05265168
0.05183571
0.05146086
0.050929047
0.05151981
0.051271014
0.051503167
0.0518263
0.051730134
0.051494773
0.051382747
0.05139629
0.0517254
0.051044237
0.051017277
0.051717676
0.050911836
0.051717952
0.051147897
0.050872575
0.05106003
0.051485293
0.051689547
0.051786065
0.052631658
0.052680783
0.053211644
0.0537064
0.05380404
0.05592216
0.058078643
0.05984649
0.059844784
0.059872635
0.06009133
0.05984859
0.05960035
0.059971597
0.05960554
0.05934338
0.058950078
0.058886975
0.05824954
0.05857729
0.05825564
0.057259023
0.056553256
0.056036554
0.05562088
0.05619875
0.055670362
0.055457428
0.05565158
0.056407847
0.05619633
0.056466512
0.05638144
0.05492653
0.055092834
0.05448588
0.053851154
0.05353157
0.0533031
0.05356893
0.05376479
0.054734368
0.054881718
0.0552031
0.05471302
0.055041622
0.05526867
0.055327896
0.055735417
0.05555419
0.05547173
0.056164563
0.056146458
0.05593691
0.054869868
0.055853486
0.05557053
0.05659858
0.056215007
0.056445982
0.055754013
0.056171007
0.055799637
0.055857867
0.055781875
0.055762008
0.055562727
0.055549316
0.055821
0.055835575
0.055851158
0.055521153
0.055586062
0.055298038
0.05551502
0.055371232
0.055133898
0.054965205
0.05453907
0.055238377
0.05470517
0.05494818
0.05503469
0.05540609
0.05471722
0.05500121
0.05498047
0.055748083
0.05452667
0.054944616
0.054371793
0.05446521
0.053987164
0.054047357
0.05439127
0.05422798
0.054544397
0.053895682
0.0537193
0.054010045
0.05437088
0.05420259
0.053622216
0.054253526
0.054079093
0.054341063
0.05453528
0.053908248
0.054101605
0.054183543
0.05446464
0.055025898
0.054893676
0.054835837
0.053766377
0.053828493
0.053853817
0.053999145
0.053646952
0.053854905
0.0535985
0.054218702
0.05402181
0.05415926
0.054287698
0.053923506
0.054522775
0.054272585
0.053822465
0.0537055
0.05391709
0.053594034
0.054356713
0.054197133
0.05366048
0.05367064
0.053645067
0.05324608
0.05325676
0.053362466
0.05395226
0.053929728
0.053716484
0.052665483
0.053654913
0.053266324
0.05340733
0.053847466
0.05297048
0.05326299
0.05352628
0.05360427
0.053024106
0.053168148
0.05325132
0.053595766
0.052749377
0.052933514
0.052491665
0.05251826
0.052556884
0.052843876
0.052746568
0.052567035
0.052537523
0.052003436
0.05162137
0.052134756
0.05192918
0.05173079
0.052681353
0.052687846
0.052838366
0.05310843
0.052943766
0.053136263
0.05308379
0.052943297
0.05293089
0.053023815
0.052803203
0.052846055
0.052833498
0.05240611
0.05264061
0.05229583
0.052700136
0.052618857
0.05249245
0.052710902
0.052875847
0.052339427
0.052786447
0.05229344
0.05279319
0.05272668
0.05291806
0.053337414
0.052865922
0.05262615
0.052498367
0.05245116
0.0528612
0.05234578
0.05227215
0.052104097
0.05199412
0.051937003
0.051511362
0.05228313
0.052061938
0.052629888
0.052564096
0.052146904
0.052178156
0.052227017
0.052497797
0.051946968
0.052536666
0.051791415
0.0522244
0.051692337
0.05164881
0.052000795
0.05170596
0.05169618
0.051753946
0.051613923
0.052098
0.05176133
0.05156092
0.051438045
0.0520771
0.051453706
0.051617894
0.051184066
0.05165593
0.051888667
0.051744558
0.051429447
0.051191486
0.05157387
0.05131939
0.05141292
0.051188536
0.051369645
0.0511715
0.050871912
0.051278964
0.051369574
0.051513966
0.051594835
0.051390775
0.051267676
0.051415514
0.051591612
0.051920645
0.051396262
0.051344573
0.05146398
0.051542845
0.05184364
0.05114419
0.05151963
0.051651973
0.051959045
0.051208552
0.051280923
0.051444884
0.05133053
0.051408175
0.051405974
0.050829846
0.051515266
0.050897676
0.051081207
0.050888676
0.050955337
0.051063564
0.05060279
0.050635733
0.051327
0.051489316
0.051661756
0.051075753
0.051270742
0.051133845
0.050959732
0.051610354
0.05247514
0.053353153
0.052824527
0.052723065
0.052612778
0.052680966
0.052997895
0.05212534
0.052402444
0.051477656
0.051729027
0.05173866
0.051837895
0.051225387
0.050832808
0.051378686
0.05179121
0.05138608
0.051576443
0.05096153
0.051377527
0.05105016
0.051359434
0.051472172
0.05120251
0.051352277
0.052070405
0.051892005
0.05153499
0.051716026
0.05191831
0.051933974
0.05176182
0.051451307
0.051443953
0.051439933
0.051153135
0.05182486
0.051731594
0.051386714
0.051269494
0.05161168
0.051295873
0.05166657
0.05112494
0.05123655
0.051091705
0.051613018
0.05137316
0.051052406
0.050997704
0.051148634
0.05112042
0.051460948
0.051321935
0.050532732
0.050728507
0.051383015
0.05067162
0.05053528
0.051200073
0.050895862
0.0508759
0.051187992
0.05153778
0.05103615
0.05138606
0.050782803
0.05140087
0.051918387
0.051938705
0.0522532
0.05223167
0.05252255
0.05231306
0.052701823
0.05221364
0.05210921
0.052459035
0.052382328
0.05241795
0.05200357
0.052469876
0.05210655
0.051869847
0.05172101
0.052109547
0.05210101
0.051852025
0.051508397
0.051350743
0.051890615
0.051759772
0.05204727
0.051910426
0.052176986
0.051588386
0.052579984
0.0526154
0.05265222
0.0523627
0.0517622
0.051869847
0.051668666
0.05195908
0.052075665
0.051866185
0.05163596
0.051409345
0.05130712
0.05086601
0.051094647
0.050481386
0.051135104
0.05079701
0.0504669
0.050883226
0.050464656
0.04992885
0.050763648
0.050571445
0.050309435
0.05018379
0.050247096
0.050504427
0.05054245
0.050783034
0.05095362
0.05070956
0.05112741
0.050517958
0.050859567
0.050707225
0.050512917
0.050807066
0.051130798
0.05122994
0.05046529
0.050336227
0.049595248
0.049762953
0.050275646
0.049966197
0.049671877
0.049443666
0.049910482
0.04995398
0.050108284
0.04991015
0.049896207
0.050037693
0.0494884
0.05001694
0.050081454
0.050335597
0.049829643
0.050167054
0.0499234
0.05014442
0.049917765
0.049777742
0.04955511
0.04941982
0.050291494
0.049622174
0.049827363
0.049697574
0.049802084
0.049471524
0.049827114
0.04952653
0.049918514
0.049930453
0.04980167
0.049469497
0.050124206
0.050153498
0.049729466
0.0500217
0.050155938
0.050087336
0.050141536
0.050382227
0.05017347
0.05018875
0.050359555
0.050502382
0.050264448
0.050279714
0.050036967
0.05036054
0.050472114
0.050131537
0.050553005
0.050191164
0.05027529
0.050392024
0.050563578
0.0502306
0.050392367
0.0503399
0.04981777
0.049962237
0.050103687
0.04979653
0.04976466
0.049628858
0.04995114
0.050295826
0.05014976
0.05039601
0.050409228
0.050583333
0.050683275
0.0501501
0.050679322
0.050496563
0.050372712
0.04999614
0.050314818
0.05009506
0.04991365
0.05014044
0.050007503
0.04988685
0.05018133
0.049849212
0.050098836
0.0503145
0.049774498
0.049922686
0.04986383
0.04943895
0.049782548
0.04966725
0.049828596
0.05012209
0.049657878
0.049718644
0.049638458
0.04918031
0.049473602
0.049930338
0.049740225
0.050142936
0.05014999
0.049470603
0.04961946
0.04945736
0.04958443
0.04981651
0.049323983
0.049689885
0.049572073
0.049675036
0.049850192
0.04907212
0.049780253
0.049185436
0.04946332
0.049453706
0.049675003
0.049661674
0.04943685
0.049499165
0.04928252
0.049522977
0.05003091
0.049731288
0.049940515
0.049582914
0.050068263
0.049528502
0.049626503
0.049588412
0.050241362
0.05020454
0.04995068
0.049763635
0.050213005
0.049706217
0.050062817
0.05019096
0.050494663
0.050499354
0.0501674
0.050327696
0.05000551
0.05047524
0.050493218
0.050345663
0.05051969
0.05076308
0.051233184
0.05105247
0.05164351
0.051065717
0.0515564
0.05091159
0.0505614
0.05056945
0.051215313
0.05071579
0.05059229
0.050500624
0.049865767
0.050290544
0.050300814
0.051117692
0.051050216
0.051243436
0.050925083
0.051368922
0.05028755
0.05032131
0.049995657
0.050746188
0.050586298
0.05041815
0.050726872
0.050560765
0.05035616
0.050627705
0.050583478
0.050126318
0.050209716
0.049648978
0.049867067
0.05009119
0.0496914
0.049399942
0.049812213
0.05042399
0.049774393
0.050117012
0.049401626
0.049791902
0.049289014
0.0494673
0.04936896
0.05019572
0.049474377
0.049359143
0.04913417
0.04982334
0.049652804
0.049430452
0.05031759
0.050058063
0.049747415
0.05005667
0.050221782
0.049837474
0.049886666
0.049830716
0.049703695
0.04950993
0.049354564
0.048773777
0.049310353
0.04918994
0.049027804
0.04932903
0.0493377
0.04886921
0.04927188
0.049293194
0.048924733
0.04947189
0.049404994
0.048935503
0.048871696
0.048964046
0.049596462
0.04938551
0.049361654
0.05010067
0.04958194
0.049476884
0.04943321
0.04918643
0.04906048
0.049335625
0.04945132
0.04921339
0.04947552
0.049241222
0.049583532
0.04968103
0.049813822
0.049970184
0.049977083
0.049498767
0.049948547
0.049552772
0.049382813
0.049506977
0.04946554
0.049963985
0.049385846
0.04998666
0.049760576
0.049787253
0.049869873
0.04924348
0.04974508
0.049606778
0.049691983
0.04914928
0.04918361
0.04923684
0.049815737
0.04924946
0.049489215
0.04988849
0.049736105
0.04982345
0.049586672
0.04974012
0.04994853
0.049801443
0.04943025
0.04923793
0.049414095
0.049453326
0.049461495
0.0491646
0.049936563
0.04955516
0.04894392
0.049363263
0.049725696
0.04950042
0.049852494
0.04982819
0.049262255
0.04940949
0.049789842
0.050316513
0.050715975
0.051022142
0.050806474
0.05124211
0.051385056
0.051586743
0.051536996
0.05135092
0.051770467
0.051451027
0.050846748
0.051231924
0.051430397
0.05092967
0.050944325
0.051164407
0.051298182
0.051293425
0.050625764
0.051038448
0.051022436
0.05152688
0.051808905
0.051864333
0.05172
0.051757853
0.052001663
0.050904244
0.05108003
0.051261332
0.051493853
0.05086583
0.051213734
0.05063793
0.050964955
0.05097633
0.051604733
0.050995693
0.05072323
0.050969176
0.05126885
0.051345527
0.05087648
0.05111642
0.050396148
0.050513193
0.05102636
0.0509277
0.05073412
0.05034175
0.05030418
0.050601207
0.0505539
0.050633855
0.05077875
0.050621502
0.050687928
0.050404876
0.049948774
0.050098285
0.050703846
0.050402626
0.049840048
0.050163493
0.050139103
0.05033688
0.049578927
0.0503272
0.050059173
0.049771212
0.049931914
0.04996806
0.049610518
0.049726933
0.050206967
0.04981786
0.049772914
0.049732193
0.049540646
0.049248084
0.049671922
0.049783703
0.049947836
0.049480774
0.049612947
0.049377013
0.049365405
0.049508233
0.049706478
0.049771417
0.049829468
0.049560655
0.049292754
0.049078528
0.049301367
0.0496919
0.049247965
0.049398966
0.04926892
0.048956223
0.049093526
0.049162313
0.049523834
0.049334403
0.04914684
0.049504876
0.049138345
0.049156524
0.04910006
0.049329966
0.049117107
0.049421716
0.049419716
0.049494985
0.049210098
0.049252037
0.049098413
0.049523182
0.049989942
0.050728902
0.05085208
0.05098372
0.050848883
0.050628416
0.05097243
0.050944183
0.050597016
0.050676905
0.050309166
0.05010429
0.050609566
0.0501426
0.050945003
0.050671056
0.04986346
0.049827944
0.04995893
0.050177958
0.05032162
0.04987098
0.050418403
0.049695447
0.050114222
0.04993477
0.050010875
0.04994545
0.050362196
0.049998414
0.04993106
0.049713533
0.049694017
0.050189707
0.050237738
0.04982123
0.049942095
0.049405623
0.04905252
0.049215093
0.04951418
0.04924745
0.049421296
0.04932009
0.04939009
0.049609218
0.049890324
0.050038107
0.049554948
0.049734373
0.049861416
0.04953849
0.049868524
0.049683303
0.049652543
0.049314965
0.049659707
0.049900472
0.04970692
0.049620453
0.049504012
0.049564086
0.049559314
0.04948405
0.04905212
0.049907494
0.04933697
0.049403407
0.049451757
0.049342357
0.049834315
0.049587447
0.04956586
0.050116047
0.049593244
0.04932988
0.04942245
0.049517807
0.049878806
0.049930222
0.049760796
0.050060764
0.04945285
0.049566336
0.04905708
0.04936514
0.04952376
0.049893197
0.049266633
0.049209837
0.049208827
0.048781022
0.04893423
0.04931774
0.04901287
0.04952791
0.04973499
0.04970373
0.049561445
0.049631577
0.04931214
0.049825724
0.04965182
0.050011043
0.050122496
0.049827095
0.049919244
0.049437642
0.049648967
0.049997915
0.049436446
0.049395964
0.04907337
0.04902681
0.04897945
0.04877976
0.048860885
0.049288236
0.048753895
0.049171045
0.049451906
0.049186353
0.04888585
0.049224284
0.049009223
0.04893783
0.04831547
0.04879638
0.04882236
0.04923673
0.0490526
0.049371604
0.04921312
0.048849076
0.04900609
0.04884024
0.049429394
0.048936527
0.04912034
0.048756365
0.04931904
0.04903228
0.049256686
0.049720198
0.049528576
0.04924528
0.04919626
0.04943946
0.04880029
0.049151402
0.04886618
0.048663683
0.049236
0.04862164
0.04871094
0.048823994
0.04892263
0.04891835
0.048807412
0.048550066
0.048649054
0.049021978
0.04887651
0.048907045
0.049079403
0.0484514
0.04871027
0.048729394
0.048744988
0.04954731
0.048802227
0.04940019
0.04898062
0.049469877
0.04968045
0.049151435
0.049321417
0.049686316
0.049301334
0.04917984
0.04884137
0.049652673
0.04962911
0.04936774
0.049219087
0.049845196
0.049613297
0.049414184
0.0494794
0.049719
0.050013263
0.04994987
0.050066285
0.049349412
0.05001097
0.049876604
0.0498062
0.050021928
0.049403407
0.04948299
0.049638577
0.049135577
0.049927954
0.049428802
0.048996374
0.049320716
0.048838943
0.049362086
0.049864557
0.04978781
0.050536882
0.050963785
0.051201764
0.050955825
0.05086758
0.050994705
0.05158238
0.051218264
0.05171996
0.052114543
0.052047193
0.051407214
0.05168946
0.051657107
0.05211518
0.052032813
0.051542815
0.05212033
0.051570088
0.051646005
0.051503327
0.051292498
0.051347695
0.051340394
0.050817493
0.050954368
0.051412083
0.05103983
0.05108855
0.051389474
0.050976135
0.050811987
0.05069947
0.05113969
0.051232066
0.051638097
0.051622827
0.05100344
0.050209224
0.050874542
0.050604083
0.05072982
0.05038939
0.050557546
0.05072122
0.05098079
0.050431322
0.05053494
0.050206415
0.050630238
0.05052555
0.050196707
0.04989552
0.05022809
0.05058246
0.049764477
0.05004546
0.05007446
0.050109692
0.050459478
0.050664634
0.051157955
0.050692793
0.050512016
0.05014521
0.05126437
0.050382614
0.051308054
0.050764102
0.050560407
0.050327264
0.050438575
0.050563022
0.050328314
0.050492227
0.05017987
0.050408404
0.05039418
0.050023176
0.050072737
0.049875263
0.050239164
0.05020269
0.04989029
0.050080605
0.050284874
0.0497508
0.049984314
0.049999554
0.049961325
0.049426954
0.04994534
0.050314344
0.049969275
0.049985204
0.049846813
0.049640246
0.049560726
0.049992416
0.049245927
0.04991607
0.049868945
0.050203938
0.050539397
0.050544042
0.05008092
0.049988724
0.050099496
0.049376093
0.049587887
0.04997723
0.05027477
0.050108247
0.051075943
0.05054305
0.05108066
0.05106033
0.050680768
0.050810993
0.050500784
0.05047913
0.050814155
0.050270822
0.0502363
0.05011953
0.05003382
0.049849752
0.049949694
0.049374655
0.049284413
0.04882226
0.04922222
0.049530342
0.049540345
0.04909341
0.04939049
0.04897768
0.048977416
0.049715456
0.04929168
0.049513645
0.048833393
0.049412817
0.048613496
0.049148835
0.04872927
0.04867991
0.049184382
0.048833314
0.048580967
0.04875307
0.04883934
0.048787653
0.049227238
0.049494117
0.049436525
0.049067467
0.048846632
0.048663165
0.048899714
0.0487025
0.049074195
0.04859276
0.048410323
0.04918489
0.049050707
0.04888898
0.048852295
0.048968572
0.049215015
0.04922142
0.048821688
0.049014423
0.04908631
0.048496258
0.049051072
0.048713475
0.048940573
0.04852895
0.049104664
0.048708316
0.048619926
0.04869755
0.049051914
0.048995037
0.04904113
0.049254302
0.049170982
0.049625974
0.04925203
0.048936203
0.04989124
0.049170155
0.049212676
0.048889697
0.04917647
0.04891153
0.049391914
0.04992963
0.049423043
0.04967259
0.049719077
0.049740024
0.04969598
0.049463417
0.049754217
0.0495962
0.0498876
0.049200118
0.049329888
0.048839115
0.048527695
0.048810642
0.049289856
0.048807234
0.04971567
0.048488732
0.049251437
0.04942187
0.0496475
0.049249824
0.04917047
0.049462274
0.049094845
0.048902795
0.048936483
0.049146213
0.049172927
0.048744723
0.049076267
0.0490484
0.04909931
0.048573703
0.04880589
0.048696805
0.048617624
0.04917827
0.048889473
0.04882766
0.048616786
0.048454296
0.048661005
0.04865246
0.048690178
0.04875688
0.048515487
0.04877355
0.04842957
0.048474442
0.04865479
0.048232257
0.048648775
0.04819707
0.048508856
0.048562456
0.04826133
0.048213597
0.048393466
0.0487165
0.04849822
0.048227757
0.04848794
0.048464503
0.0481434
0.048410065
0.048424
0.048508894
0.048292276
0.048349943
0.047821414
0.047738895
0.047756094
0.047982212
0.048003376
0.048059925
0.04792418
0.04832578
0.047896124
0.048173137
0.048047163
0.048492994
0.04850167
0.048978493
0.048687268
0.048874985
0.049350146
0.048559655
0.048701465
0.048836794
0.048774365
0.04915023
0.04870105
0.049196184
0.04867914
0.04943367
0.048900522
0.048654962
0.048622284
0.048826847
0.04916568
0.04879947
0.04916894
0.049056217
0.04932658
0.049092796
0.049347248
0.049443565
0.049352195
0.04999849
0.049787764
0.04997868
0.04923
0.049887598
0.0494483
0.04957938
0.049792062
0.04947056
0.04950343
0.04933608
0.04983409
0.0494633
0.049866743
0.049263656
0.049469374
0.048672304
0.04853958
0.04881996
0.048992097
0.0484524
0.049359933
0.04819254
0.048783157
0.048629243
0.048723638
0.048611958
0.048932135
0.048340965
0.04875555
0.048511576
0.048608877
0.04869756
0.048513874
0.048812207
0.04893076
0.048813082
0.049193
0.048553746
0.048950773
0.048619505
0.048639834
0.04876848
0.048230648
0.04831548
0.048561577
0.048690613
0.048220325
0.04834487
0.048560828
0.04809728
0.04833312
0.048361078
0.048348095
0.04835041
0.048899602
0.04806905
0.04823796
0.04785144
0.048322067
0.04811992
0.048020028
0.047863103
0.048132256
0.048061393
0.047960006
0.04810822
0.04804362
0.048318636
0.048376143
0.048093114
0.04846335
0.04834374
0.04860381
0.047786806
0.04796065
0.048172817
0.047883958
0.048238255
0.047599923
0.04875653
0.048816334
0.049228173
0.049407292
0.04975153
0.05025555
0.05028504
0.050037775
0.050646666
0.05029881
0.05101999
0.05085266
0.051101185
0.050943892
0.051438585
0.051129013
0.05089214
0.050810426
0.0508393
0.050432574
0.050699085
0.050836645
0.050231665
0.050576825
0.050729524
0.05030944
0.050424367
0.05010153
0.050260864
0.050596252
0.0506475
0.0511485
0.051556483
0.051861662
0.05172423
0.051523894
0.05129328
0.051813588
0.05153909
0.05160528
0.05201119
0.052081008
0.052022066
0.052037735
0.0520276
0.052311335
0.05258257
0.05191788
0.05194246
0.05209595
0.05211584
0.0517013
0.0511778
0.051548697
0.052005086
0.05197048
0.051682968
0.052083503
0.051229317
0.051740877
0.05090887
0.051255528
0.050939873
0.05123879
0.05129391
0.051608033
0.05194778
0.051750362
0.0515793
0.052400917
0.051479537
0.05172196
0.051679812
0.05190406
0.052207943
0.051599357
0.051804017
0.051682744
0.052088868
0.051877674
0.051888544
0.051524475
0.051306993
0.051807616
0.051945314
0.051352553
0.05147081
0.051853914
0.051437996
0.051628098
0.05162076
0.051358312
0.051306676
0.05126397
0.051256496
0.05140085
0.05126391
0.050829235
0.05093176
0.05114731
0.051375158
0.051327914
0.051011793
0.051305298
0.050613917
0.050881874
0.050496597
0.050726924
0.05092023
0.05122141
0.050600983
0.0508839
0.05099332
0.0507184
0.050858743
0.050617397
0.05044224
0.050253432
0.050709434
0.050267063
0.050282482
0.05068107
0.050952252
0.05037787
0.050654795
0.050414644
0.05044757
0.05030386
0.05001384
0.049924422
0.04989871
0.049816016
0.04956594
0.049236715
0.049392622
0.04946658
0.049324706
0.049292125
0.049472388
0.048896078
0.048707306
0.04907129
0.049173873
0.0492021
0.05002966
0.050272048
0.049583454
0.05031748
0.050187256
0.050409988
0.050222818
0.050060138
0.05019948
0.050001144
0.050283268
0.050193526
0.049809754
0.05018119
0.04982659
0.05002101
0.049977332
0.049821697
0.049741626
0.049904738
0.050533768
0.04942431
0.049489636
0.04967103
0.04979674
0.04994536
0.04997721
0.050650798
0.04980076
0.050311644
0.05020393
0.05007803
0.04990969
0.049798515
0.050402377
0.05005982
0.05010447
0.049830597
0.050109826
0.050218254
0.05005484
0.050159186
0.049728867
0.050035685
0.049360987
0.04992889
0.049685154
0.04980489
0.04990046
0.049554482
0.04933174
0.04950741
0.049044747
0.04906741
0.04956156
0.049310956
0.048750125
0.04918733
0.04939049
0.04919061
0.049000036
0.049090013
0.049283944
0.049631823
0.04927931
0.049660783
0.04920818
0.049816597
0.049527265
0.04976567
0.050086208
0.04996249
0.04990636
0.050069913
0.049645267
0.0500069
0.049804784
0.05013132
0.05021361
0.050399672
0.05049022
0.050498616
0.05059636
0.05028001
0.050493233
0.050032992
0.04979408
0.049596094
0.04965958
0.049787134
0.049954176
0.04939784
0.049630612
0.050390907
0.050240543
0.050038073
0.050500553
0.050439224
0.050936144
0.050687555
0.050776117
0.05024302
0.050469417
0.050257422
0.049605016
0.04932196
0.04940117
0.049283262
0.048973143
0.0492475
0.049095508
0.04922607
0.0495503
0.048805073
0.048753336
0.048623387
0.048751827
0.048765752
0.048759352
0.048741423
0.04974549
0.049012702
0.048767492
0.048844635
0.04890082
0.049118366
0.048494834
0.0492552
0.04882092
0.048916616
0.04906009
0.048972998
0.049310654
0.048855253
0.04810008
0.0487509
0.04857784
0.04870864
0.048695073
0.048581358
0.048362013
0.048501983
0.048532948
0.048332073
0.04868785
0.048477877
0.048798244
0.048560575
0.04857161
0.048518796
0.04826132
0.04836081
0.048558317
0.048852883
0.048698284
0.0485159
0.048377763
0.048311267
0.048029717
0.04797048
0.04784663
0.04882135
0.048421405
0.048020896
0.0481351
0.048361227
0.04833546
0.048223253
0.04839988
0.048469193
0.048294563
0.04833818
0.04831339
0.048287015
0.048304666
0.047678288
0.04901827
0.04846609
0.048520587
0.048553158
0.048482668
0.048792053
0.048543915
0.04855502
0.04852112
0.04864806
0.048926592
0.048546016
0.048886973
0.048620265
0.047835123
0.048467696
0.048403807
0.04848227
0.048038285
0.048758246
0.048480522
0.04889836
0.0487807
0.04836303
0.048447788
0.048865445
0.048869047
0.04902351
0.048777778
0.049318593
0.04947673
0.04967648
0.049444657
0.04991843
0.04996838
0.050237425
0.04996643
0.049917486
0.050136134
0.049648494
0.04969711
0.04976047
0.049997285
0.049222685
0.049609113
0.049871758
0.0495767
0.049808394
0.049790885
0.050043553
0.04973291
0.04965249
0.049679853
0.049324837
0.049482048
0.04934664
0.04930112
0.049622897
0.049879197
0.049740754
0.05001273
0.049418498
0.050140947
0.049814697
0.049989372
0.049814105
0.050256524
0.049975373
0.050712653
0.05100602
0.050626405
0.05100796
0.050505012
0.05054026
0.050211146
0.050680995
0.050299354
0.049934287
0.05082735
0.049882416
0.05027916
0.050040483
0.050127782
0.050293185
0.049747303
0.049580086
0.050117385
0.04981832
0.049472168
0.049736448
0.050059177
0.05033598
0.05087502
0.050237387
0.050545394
0.05122805
0.051400214
0.052131392
0.051558133
0.051688544
0.051404294
0.051652584
0.05181775
0.0516083
0.05157216
0.0516623
0.05118073
0.05171606
0.051220544
0.05116192
0.05106829
0.050490357
0.050799828
0.05114256
0.051183704
0.050717093
0.05126445
0.051210374
0.050966207
0.050807282
0.050727405
0.050774284
0.050771654
0.051017765
0.05053622
0.050427184
0.05035954
0.05032398
0.050090306
0.05040007
0.050334845
0.05026026
0.0504912
0.049966313
0.0503011
0.050009593
0.049632378
0.05070561
0.049868602
0.050240584
0.050227724
0.049855877
0.050101276
0.049745914
0.049974397
0.049572837
0.04937649
0.049340118
0.0492188
0.049483694
0.049531735
0.049772225
0.049999963
0.050209623
0.050337583
0.049739476
0.050334506
0.049725395
0.04987481
0.050451893
0.049389943
0.04978932
0.05019462
0.049901232
0.04969785
0.050133534
0.05041847
0.050402336
0.050559517
0.04995374
0.050095093
0.05004786
0.04972868
0.049966555
0.05024313
0.05013062
0.04971757
0.05011435
0.050350703
0.0507504
0.049845126
0.050330777
0.050293643
0.05050177
0.05042693
0.050482422
0.050174512
0.05016541
0.05027742
0.050351474
0.05017535
0.050457202
0.049975675
0.050496638
0.050387185
0.050495498
0.05051652
0.050524276
0.049841065
0.049928654
0.049948655
0.049731195
0.050352402
0.049860433
0.050381307
0.049661215
0.05017271
0.050369512
0.04992154
0.05015181
0.05032328
0.05008615
0.049891908
0.05000202
0.050009698
0.04946272
0.050183263
0.049963254
0.04997537
0.050094195
0.049511775
0.050139677
0.050123848
0.050406482
0.049991976
0.04978271
0.05032974
0.05048123
0.050016887
0.05046476
0.049830392
0.049947143
0.05035681
0.050115433
0.05041066
0.05055217
0.05046028
0.050989877
0.050921872
0.051118087
0.051219355
0.051120356
0.051173948
0.05130396
0.050528444
0.050146718
0.05057711
0.050747726
0.05057291
0.050680704
0.05075184
0.05048564
0.050478294
0.05038937
0.05037174
0.049852964
0.05011117
0.05007988
0.049908284
0.050903637
0.050897148
0.05097046
0.051189497
0.05159109
0.051812094
0.051278118
0.051240258
0.051450558
0.051555455
0.051291805
0.051789764
0.051773027
0.051572096
0.05138071
0.051328957
0.05177019
0.051286526
0.05141124
0.051547002
0.05106172
0.050822053
0.050643902
0.05100988
0.050928503
0.05065947
0.050649494
0.050334103
0.049933106
0.050315637
0.050288424
0.050273534
0.050073005
0.050313387
0.050664954
0.05160327
0.051166467
0.05117903
0.051076286
0.051283307
0.0508125
0.05135055
0.050305884
0.050865963
0.051000826
0.050500132
0.051211853
0.050343048
0.049972534
0.05062622
0.050624304
0.050429948
0.0507343
0.05031622
0.050290126
0.049994208
0.05052132
0.05025214
0.05017572
0.05022742
0.050466366
0.049996037
0.050330535
0.05001054
0.049932692
0.049839254
0.05049409
0.05004722
0.049811278
0.050322786
0.049874585
0.050097223
0.05004742
0.04968502
0.049891155
0.049747247
0.050164536
0.049582366
0.049897674
0.049181662
0.050160937
0.049641617
0.049318165
0.049759414
0.049823273
0.04951756
0.049384736
0.04945416
0.048840858
0.049945936
0.04979336
0.049690392
0.049835034
0.0501263
0.049907785
0.049865257
0.04968896
0.049400304
0.049610917
0.049321283
0.04977322
0.04950885
0.050214864
0.049391773
0.049288698
0.0494504
0.049189374
0.049401537
0.050286964
0.049638044
0.04979646
0.049892366
0.04965043
0.049717546
0.04906328
0.049821656
0.049131475
0.04906303
0.049204495
0.049185786
0.048484415
0.048971556
0.048826106
0.048769366
0.048733838
0.049212735
0.049217798
0.049175207
0.04885598
0.04906669
0.04909782
0.048922334
0.049020406
0.04924069
0.048969742
0.04943268
0.04944277
0.049550567
0.049798574
0.049895592
0.049381968
0.04939612
0.049015705
0.04897308
0.049339868
0.04902928
0.049723633
0.0490073
0.049022693
0.0497391
0.049138524
0.049333133
0.04897933
0.049145933
0.049461875
0.049093705
0.049090266
0.049497876
0.04916418
0.049411543
0.04885997
0.048554987
0.049571946
0.04902549
0.04883101
0.048641752
0.048849925
0.04910654
0.04896538
0.04901186
0.048638523
0.04887272
0.049144562
0.048612963
0.048852142
0.0484895
0.04869566
0.048697196
0.04893438
0.048857924
0.0482269
0.049136747
0.048658438
0.048570868
0.04844753
0.048272323
0.048181426
0.04830191
0.048463784
0.048529103
0.048364263
0.04893975
0.0487553
0.048759602
0.048256524
0.04888264
0.048325468
0.04868955
0.048420034
0.04865656
0.04858335
0.048616786
0.048902936
0.049015786
0.049345806
0.0487511
0.049359262
0.04870904
0.04912774
0.0490541
0.048831847
0.049104
0.04956667
0.049211845
0.04899129
0.04878808
0.04953244
0.048979204
0.04867073
0.048175998
0.048654076
0.048425186
0.04826781
0.047692016
0.048443895
0.04924114
0.05016169
0.050066117
0.05086073
0.05073264
0.050816
0.05070027
0.05074122
0.050672352
0.05018476
0.04963999
0.04985011
0.049753834
0.05022944
0.049846124
0.049900163
0.050356526
0.049996022
0.05008496
0.049901355
0.049927626
0.049987603
0.049904224
0.049724326
0.04935554
0.049608853
0.04949835
0.04934744
0.049323563
0.049289227
0.050019745
0.04963841
0.04930649
0.049370985
0.04928108
0.048996348
0.048176356
0.04865579
0.048829973
0.049183298
0.048785374
0.049414795
0.04902371
0.04883275
0.049321353
0.049487088
0.04926234
0.049327284
0.050283268
0.05032983
0.050400864
0.050057653
0.050694127
0.050117686
0.049593356
0.04916235
0.049656596
0.049647428
0.049852874
0.048790276
0.049132843
0.049524393
0.04959792
0.049318157
0.049846955
0.04930703
0.04917942
0.049172875
0.04931311
0.04897801
0.04890612
0.04959884
0.04881779
0.048592504
0.04889352
0.04887646
0.04892865
0.049204905
0.049328655
0.04951703
0.049658094
0.049724787
0.049522374
0.04933014
0.049758118
0.04921803
