===================== Time: [Thu Aug 11 14:38:08 2022] ========================0.01984754
0.01987301
0.017577881
0.017172078
0.017163374
0.016533671
0.015885629
0.015396901
0.015115441
0.014865927
0.014485865
0.014125555
0.013830253
0.013467614
0.012921014
0.0129451975
0.0127623845
0.013058107
0.012772129
0.012560594
0.012347323
0.012265921
0.012373041
0.012844752
0.01254504
0.012455646
0.012274483
0.0124779865
0.012499202
0.012205817
0.012031829
0.011876374
0.011348993
0.01122685
0.0113701215
0.011240008
0.0113218315
0.011327695
0.011339206
0.01122852
0.010959116
0.011083591
0.011354308
0.011256302
0.01074795
0.010434018
0.010629473
0.0106392875
0.010530029
0.0104227755
0.010432892
0.010539936
0.010255208
0.010339764
0.010337874
0.010204166
0.010111142
0.010429699
0.0104704145
0.010468297
0.010361262
0.010035456
0.009982898
0.01008482
0.01039982
0.010325558
0.01013971
0.009896071
0.0099389
0.010151482
0.0099700885
0.0097227665
0.009790236
0.009747987
0.00981416
0.009741438
0.00971756
0.009725156
0.009682648
0.009767542
0.009629075
0.009603847
0.009866558
0.009828253
0.009996909
0.009832927
0.009677629
0.009510927
0.009532128
0.009572604
0.009546886
0.009555219
0.009527777
0.009731748
0.0094868895
0.00940763
0.009515227
0.009492068
0.009520849
0.00949422
0.009384804
0.009440692
0.009650078
0.009474928
0.00952881
0.0095125185
0.009537248
0.00954044
0.009448897
0.009489844
0.009352307
0.009367145
0.009390788
0.009850799
0.00980304
0.009492172
0.009538675
0.009472913
0.00951574
0.009499411
0.009459804
0.0096383495
0.0095406305
0.009543838
0.009365279
0.009822313
0.009453231
0.009578033
0.009686277
0.009812882
0.0097535495
0.009918158
0.009965131
0.009494207
0.009589143
0.009504074
0.009448832
0.009644588
0.009495682
0.00933382
0.009355345
0.009405436
0.009389817
0.009309027
0.009227829
0.009279367
0.009259139
0.009172483
0.009285934
0.009136275
0.0092463475
0.009230749
0.009353824
0.009114699
0.009230952
0.009320097
0.009174074
0.009266431
0.00917836
0.009112253
0.0092133265
0.009219389
0.009265842
0.009305607
0.009094075
0.009107212
0.009110955
0.0091997115
0.009063525
0.009139439
0.009059177
0.009136088
0.0090642795
0.009145095
0.009103274
0.00918336
0.009127734
0.009113387
0.009041106
0.00900468
0.009100576
0.009007414
0.008852889
0.00898295
0.009008743
0.008983462
0.008925809
0.008988319
0.008995247
0.009034742
0.008939359
0.00888329
0.008943363
0.008924192
0.009166617
0.009014415
0.009066543
0.008966907
0.008883898
0.008965154
0.009131824
0.008965255
0.008887601
0.008972086
0.008921819
0.008951218
0.009189884
0.0088393
0.008877121
0.008791632
0.008893828
0.008848321
0.008879082
0.008913967
0.008822243
0.008768963
0.008746635
0.0087918425
0.008818133
0.008689493
0.008718773
0.00874417
0.008903055
0.008801766
0.008819348
0.008875815
0.008792806
0.008862726
0.008834763
0.008757291
0.008873949
0.008873509
0.008915742
0.008813674
0.0087373685
0.008860896
0.008868628
0.008819709
0.00881811
0.008754197
0.008807584
0.00875344
0.0087898495
0.008798966
0.008777305
0.008749325
0.008781638
0.008739659
0.008724968
0.008753664
0.008907866
0.008914898
0.0089177815
0.009005452
0.008950903
0.00915065
0.00905902
0.009081177
0.008931226
0.008859362
0.008945512
0.008847807
0.009033033
0.008901374
0.008843814
0.008738387
0.0086995205
0.008686477
0.008909106
0.008990366
0.008986545
0.008859607
0.008749936
0.008726856
0.008831869
0.008836639
0.00883456
0.008741597
0.008694095
0.008937164
0.008903562
0.008979785
0.008896806
0.008758741
0.008762298
0.00872416
0.0086796405
0.008746419
0.008670767
0.008741113
0.00874637
0.008807495
0.008711738
0.008677402
0.008641675
0.008662391
0.008626657
0.008739987
0.008671354
0.008618791
0.008764679
0.008668621
0.008723074
0.008631226
0.008690691
0.008590816
0.008688176
0.008559148
0.008683188
0.008630804
0.008633964
0.0087370835
0.008552317
0.008578906
0.008612736
0.008623998
0.008750298
0.008769978
0.008741548
0.008681102
0.008768412
0.008704595
0.008631778
0.008580905
0.008718648
0.00865435
0.008632449
0.008592526
0.008552219
0.008533634
0.008648041
0.008715354
0.008607069
0.0087119425
0.008720974
0.008708375
0.008671665
0.0086569125
0.008738456
0.008695859
0.008633405
0.008523806
0.008692228
0.008666199
0.008711579
0.008686272
0.008668591
0.008639837
0.008728345
0.008909683
0.008803717
0.008909717
0.008725898
0.0087916
0.008670125
0.008744928
0.00875882
0.008764347
0.008687638
0.008800674
0.008741666
0.008738875
0.008762791
0.008677474
0.008681922
0.008680593
0.008631122
0.008532877
0.00861736
0.008624948
0.008611175
0.008716257
0.008621115
0.008656426
0.008552144
0.00867025
0.008539101
0.008475355
0.008537892
0.008646112
0.008497924
0.008615941
0.0085136695
0.008558115
0.008560145
0.0085929865
0.008649685
0.008595246
0.008608954
0.008390642
0.008507152
0.0084648095
0.008581444
0.008651118
0.008632633
0.00869513
0.008694813
0.008750247
0.00856437
0.008595306
0.008661208
0.008677768
0.008509992
0.008521236
0.008543478
0.008512608
0.008482683
0.00847568
0.008567791
0.008513862
0.008540445
0.008585053
0.008612681
0.008502853
0.008471638
0.008554335
0.008585239
0.008567564
0.008494891
0.008431978
0.008521597
0.008529492
0.008513322
0.008630542
0.008595299
0.0087511465
0.008813801
0.008758534
0.008659887
0.008769329
0.00894806
0.00894611
0.008676687
0.008746615
0.00879602
0.008910182
0.008796897
0.008806523
0.008714702
0.008715406
0.00860649
0.008584311
0.00853874
0.008658817
0.008641448
0.008660405
0.008483227
0.008610627
0.00867969
0.008667408
0.00848698
0.00854373
0.008628559
0.008566811
0.008601217
0.008480687
0.008518688
0.008508663
0.008632797
0.008546667
0.008490612
0.008480049
0.008423063
0.008509118
0.008460143
0.0084805135
0.008586887
0.008604911
0.008569284
0.008376658
0.008412471
0.008476142
0.008414261
0.008433236
0.008432122
0.008540663
0.008395945
0.008441618
0.00859236
0.0085465675
0.008354863
0.008443001
0.00855091
0.008496815
0.008595126
0.008631289
0.008443998
0.008384757
0.008391931
0.0084571075
0.008461728
0.008462754
0.008397253
0.008384504
0.008420572
0.008366995
0.008336153
0.008250846
0.008275992
0.008390493
0.008347418
0.008403274
0.008422224
0.00836778
0.008391716
0.008343542
0.0083541125
0.008297588
0.008395948
0.008340222
0.008494622
0.008404387
0.008336614
0.008364165
0.00846902
0.00841039
0.008494927
0.008301677
0.008364668
0.008473439
0.008515712
0.0083985375
0.008282108
0.008302612
0.008350781
0.008235405
0.008313722
0.008433456
0.008413363
0.008385335
0.008395767
0.008389907
0.008317745
0.008367112
0.008401543
0.008378497
0.008431921
0.008391589
0.0084390575
0.008344182
0.008347424
0.008288215
0.008303825
0.008397093
0.0083435355
0.008339049
0.00828753
0.008334347
0.008312622
0.008273107
0.0083752945
0.00837877
0.008421982
0.008430976
0.008350279
0.008346918
0.008302339
0.008358156
0.0083660735
0.008390401
0.008301456
0.008364921
0.008349431
0.00839574
0.008331699
0.00852081
0.008486173
0.008356435
0.0084326025
0.008325041
0.008445585
0.008479416
0.008373704
0.00848441
0.008356091
0.0084019005
0.008419803
0.00847565
0.008343744
0.008334411
0.008458005
0.008393435
0.008310839
0.0083574625
0.008340675
0.008364404
0.00831015
0.00826675
0.008247468
0.008303821
0.008350584
0.00836156
0.008274627
0.008282223
0.008289197
0.008359531
0.008306689
0.008254401
0.008342307
0.008340595
0.008346511
0.008273452
0.008244529
0.008326538
0.00825662
0.008250974
0.008350809
0.008391313
0.008204852
0.008172915
0.008296427
0.008177277
0.008195087
0.008311592
0.0083878385
0.008225797
0.008327904
0.008266764
0.008368037
0.008344675
0.008242472
0.008269506
0.008325118
0.008457528
0.008244563
0.008264624
0.008416441
0.008417619
0.008278944
0.008462042
0.008460894
0.008465032
0.008433136
0.008364235
0.008362614
0.008399349
0.008392569
0.008343149
0.008276749
0.008245158
0.008288092
0.008257772
0.008259719
0.008284844
0.008270467
0.00823101
0.008328127
0.00827596
0.008274058
0.008129614
0.008195355
0.008240932
0.008210991
0.008184936
0.008157378
0.0081938
0.008158818
0.008161112
0.008138448
0.008219837
0.008207555
0.008144359
0.008140319
0.008120022
0.008102357
0.008229358
0.00826212
0.008174737
0.008184292
0.008209381
0.0082090935
0.008190018
0.008166322
0.008153519
0.008139207
0.008110692
0.008039442
0.008257168
0.008123063
0.008205059
0.008129311
0.0082144495
0.008227671
0.008166649
0.008105034
0.008142328
0.00819547
0.0080949655
0.008042164
0.0080678705
0.008126037
0.008145533
0.008203446
0.008095555
0.008044378
0.008068019
0.008059485
0.008056539
0.008129854
0.008066493
0.008122908
0.008127524
0.00811818
0.008170642
0.0081127975
0.008185217
0.008210632
0.008344959
0.008172472
0.0081362305
0.008224106
0.008175588
0.008158097
0.008111232
0.008141625
0.008176914
0.008316061
0.008252226
0.008141519
0.008150123
0.00817998
0.008199199
0.00815241
0.008225745
0.008122033
0.008143679
0.008097844
0.008073382
0.008124262
0.00815434
0.008065905
0.008035174
0.008173388
0.008092961
0.008184608
0.00804859
0.00803148
0.0080570085
0.008070821
0.008016691
0.008192673
0.008116249
0.0081454255
0.00813427
0.008136737
0.008089147
0.008232948
0.008189732
0.008129869
0.008184673
0.008118846
0.008130224
0.008182385
0.008180349
0.0081408825
0.008154719
0.008243617
0.008190722
0.008250543
0.008219256
0.008225387
0.008225803
0.008221002
0.008184703
0.008177429
0.00818032
0.008165809
0.008154997
0.008212305
0.008227877
0.008147129
0.008110431
0.008255506
0.008225272
0.008216587
0.008121361
0.0081588505
0.008183616
0.0081298305
0.008189957
0.008116533
0.0081261825
0.008209918
0.0081325555
0.008149721
0.008244242
0.008123991
0.008231327
0.00820192
0.008127682
0.008133181
0.0081876945
0.008088465
0.008068059
0.008131529
0.008171882
0.008083149
0.008080674
0.008145416
0.008103443
0.008154205
0.008100438
0.008046033
0.008064757
0.008067311
0.008135435
0.008182971
0.00808743
0.0081384415
0.008076434
0.008084309
0.008106236
0.008138531
0.007995256
0.008094208
0.008075306
0.008098232
0.0080152005
0.00806021
0.0080063185
0.007999314
0.008086939
0.008068265
0.0080330195
0.007976986
0.0079611745
0.008025317
0.008100129
0.007992763
0.008100745
0.007980339
0.008035207
0.007953508
0.0079848515
0.008097464
0.00801203
0.008010333
0.00808071
0.008019222
0.008051263
0.008142221
0.008124404
0.008071731
0.007993918
0.008007488
0.008129253
0.008134931
0.008056359
0.008128583
0.008143913
0.008061215
0.008119444
0.008018091
0.0080718035
0.008107088
0.008058313
0.008032333
0.008114195
0.008071197
0.007965894
0.008082133
0.008076245
0.0080831945
0.008084331
0.007996758
0.008139736
0.0080927815
0.008181172
0.008100574
0.008091847
0.00808077
0.008117115
0.008113403
0.008074637
0.00807023
0.008128067
0.008066172
0.008037622
0.008092101
0.008045141
0.008025486
0.008068629
0.00802995
0.008030511
0.007978951
0.00807239
0.008099123
0.008018335
0.008074745
0.008066558
0.008114258
0.0080365855
0.008026291
0.007974388
0.008015959
0.0080317855
0.008098941
0.00804774
0.008180034
0.008093949
0.008048998
0.008092247
0.008094775
0.008064294
0.008125786
0.008089027
0.008059908
0.008088885
0.0080539435
0.008020933
0.008090693
0.007947605
0.008029912
0.008004551
0.0080470815
0.008018933
0.008116734
0.008074175
0.007974809
0.0079834815
0.0079641165
0.008027922
0.008002071
0.008047012
0.008007915
0.008092625
0.007961678
0.007939888
0.008018205
0.007946139
0.008003539
0.008026964
0.0080109
0.00795566
0.007907864
0.007957749
0.007986935
0.007989605
0.0079571195
0.007947376
0.008025064
0.008041706
0.008042683
0.007931668
0.007969551
0.008039167
0.008059878
0.007899214
0.007967724
0.008043382
0.0080279475
0.007928992
0.0080059515
0.0079432875
0.008028639
0.0080917
0.008028755
0.008001138
0.008050975
0.007995699
0.00803664
0.008009798
0.008012839
0.008073561
0.008119954
0.008150098
0.00801013
0.008095136
0.008033155
0.008060551
0.00806837
0.008080417
0.008046768
0.00794021
0.007989917
0.008144887
0.008068252
0.007969268
0.008044636
0.008127186
0.008069248
0.008065241
0.008031263
0.008071562
0.008087053
0.008021031
0.008076262
0.008109604
0.0080680875
0.00801254
0.008037396
0.008051223
0.007998287
0.008098386
0.00796566
0.008028861
0.007958205
0.008011172
0.008013986
0.007965743
0.0078878375
0.007968002
0.00793131
0.007898797
0.007890087
0.007974778
0.007945507
0.007877195
0.007930937
0.007988501
0.007981803
0.007912178
0.007961969
0.007936364
0.007873988
0.007942404
0.008033117
0.008005425
0.007980972
0.007998192
0.007888602
0.008035687
0.008054455
0.007942276
0.007985382
0.007975711
0.007936074
0.007914674
0.008075157
0.007991174
0.008016213
0.007992307
0.0079178065
0.007924995
0.007954149
0.00791554
0.008011552
0.00796027
0.008060065
0.007980286
0.007960079
0.007930822
0.007925058
0.007887462
0.007928363
0.007905482
0.007888361
0.007902372
0.007932402
0.007996637
0.0079245735
0.007921848
0.007969094
0.007925919
0.007975706
0.007964204
0.007900465
0.007987004
0.007888018
0.007947645
0.007908444
0.007945751
0.007897073
0.007949262
0.007820124
0.007824886
0.007959962
0.007912579
0.007923526
0.007951158
0.007925218
0.00788838
0.007970588
0.007986867
0.007922439
0.008026891
0.007938859
0.007986884
0.007881397
0.007975771
0.008010653
0.007987656
0.007930108
0.007920607
0.0079448195
0.008020955
0.0079539
0.008056538
0.00802677
0.008029327
0.007997459
0.007970688
0.0079435455
0.008031216
0.007908101
0.007984889
0.007988986
0.007943341
0.007863625
0.007926144
0.007850269
0.007958913
0.007933968
0.007877043
0.007914146
0.007939756
0.007961687
0.007926643
0.007887492
0.0078749005
0.007962113
0.00786967
0.00814796
0.00793452
0.007963913
0.007977321
0.0079660835
0.0079201255
0.007934271
0.007917855
0.007853581
0.008029444
0.008047833
0.008008912
0.007909758
0.008041433
0.007977147
0.007991159
0.008024121
0.008028569
0.007976842
0.0079826135
0.007891569
0.007853808
0.007914435
0.007903423
0.007865686
0.007918594
0.007897813
0.008075304
0.007912655
0.007937434
0.007980034
0.0079568615
0.00802105
0.007890175
0.007980639
0.007961856
0.00795425
0.007972929
0.008008874
0.00789384
0.00793234
0.008000943
0.007963645
0.007934347
0.007976666
0.0079970565
0.0080216145
0.007956318
0.008088719
0.008002037
0.007992497
0.008049795
0.007991946
0.00803377
0.0079833595
0.008023111
0.008104807
0.0080529805
0.008090934
0.008065903
0.008059408
0.008019603
0.008090226
0.00802407
0.008074633
0.007962586
0.008008555
0.007941175
0.008017237
0.008040756
0.007966011
0.008009894
0.008021731
0.007998679
0.0079996465
0.007922922
0.007979663
0.007935754
0.007881416
0.008009007
0.007940405
0.0078882845
0.007893038
0.007948866
0.007873539
0.007904573
0.007960672
0.007957143
0.007908542
0.007893717
0.007940307
0.007965603
0.007979123
0.007905918
0.007856409
0.007925878
0.007851924
0.007932146
0.007885017
0.0078014256
0.007887775
0.0078702
0.007919824
0.007944029
0.007895297
0.007893922
0.0077713802
0.007873565
0.007919043
0.008032081
0.008056104
0.007908826
0.0078917295
0.008093565
0.008013019
0.0080000395
0.007982105
0.007948078
0.007853409
0.007962634
0.008005733
0.007964459
0.007962722
0.007959422
0.007953445
0.007942117
0.007863312
0.007852092
0.007896543
0.007926904
0.0078928275
0.0078978175
0.0078692855
0.00791564
0.00793209
0.007877124
0.007979699
0.007918094
0.007916926
0.007923548
0.007919594
0.007922813
0.007882539
0.007931322
0.007903303
0.007824947
0.007770993
0.007943179
0.00796824
0.007881394
0.007885003
0.007873124
0.008026537
0.007946182
0.007878748
0.007877203
0.007936601
0.007857344
0.007955673
0.007934492
0.007886244
0.008016829
0.008049086
0.008013155
0.007873459
0.00796924
0.007819917
0.0079729855
0.007972872
0.007931339
0.007912536
0.007855105
0.0079562515
0.008014787
0.007894079
0.00789362
0.007904297
0.007953059
0.00783108
0.007918912
0.007822007
0.007830045
0.007916376
0.007885341
0.007968681
0.007853809
0.007918548
0.007844208
0.007873952
0.007852459
0.007832784
0.00785018
0.007849847
0.0079189595
0.0078400355
0.007836364
0.00781629
0.007779979
0.007840445
0.0078263
0.007832056
0.007884844
0.007938449
0.007881122
0.007903867
0.007914594
0.007913128
0.00793129
0.007935641
0.007933067
0.008010361
0.0078668175
0.0079003535
0.007898481
0.007804239
0.007917712
0.007885495
0.007930536
0.007930411
0.007903427
0.007905641
0.007943507
0.007907298
0.007873502
0.007858689
0.007884575
0.007943307
0.007865986
0.007888862
0.00794669
0.007826637
0.007875797
0.007863989
0.007873543
0.007826471
0.007888994
0.007928481
0.007906595
0.00792663
0.007982848
0.007905277
0.007847948
0.007999647
0.007867363
0.007812657
0.007817787
0.007881498
0.007944506
0.007965041
0.0079175765
0.007923695
0.007834534
0.007830851
0.007864421
0.007913214
0.007978956
0.007870671
0.007857748
0.007883761
0.007878563
0.007856025
0.007850537
0.007874263
0.007900792
0.0078577725
0.0077925213
0.0078393165
0.007899558
0.007884346
0.00781995
0.0077759963
0.007867148
0.0077044936
0.0077967974
0.007831424
0.0077977125
0.00777305
0.007789998
0.007774355
0.007775138
0.007841554
0.007836178
0.007924002
0.007877665
0.007806412
0.0078338925
0.007786328
0.007851246
0.007847056
0.0078080287
0.0077503915
0.007915067
0.008015471
0.007989334
0.007856554
0.007842099
0.007850721
0.007918069
0.007922528
0.007889523
0.007891337
0.007887021
0.0077973907
0.0078132665
0.00781962
0.007903534
0.007854655
0.0077822325
0.007837523
0.0077859317
0.007826495
0.0077456725
0.007897222
0.007899055
0.007841977
0.00785256
0.00780939
0.007876479
0.0077936794
0.007819896
0.007750638
0.0077811126
0.00788281
0.007809743
0.0077782148
0.0078481715
0.007877239
0.007830661
0.007817752
0.007855375
0.007832953
0.007818591
0.0077283564
0.007832615
0.007810321
0.007885015
0.0078846365
0.007844344
0.0077684997
0.007888652
0.007847328
0.007781475
0.007908774
0.007882364
0.00782572
0.007848112
0.007725744
0.007862944
0.007820023
0.007779368
0.007853541
0.007816835
0.007859191
0.007887281
0.007973072
0.0077923387
0.0077722343
0.007894653
0.007833417
0.0077970442
0.007817107
0.007806691
0.007869547
0.007844361
0.007978782
0.007918763
0.007944405
0.007912065
0.007963848
0.007923811
0.007859158
0.007944627
0.00786044
0.007936447
0.007895601
0.00788993
0.007829857
0.007885922
0.007901433
0.007814962
0.007885109
0.00787001
0.007902316
0.007847352
0.007865816
0.007862707
0.0078385575
0.007860288
0.007958828
0.007846958
0.007887571
0.007853504
0.007960192
0.007959286
0.007882622
0.007957578
0.007898855
0.007869952
0.00784419
0.007899402
0.007938196
0.0078075165
0.007809184
0.007848169
0.007832984
0.00780344
0.007923979
0.007878829
0.007907917
0.007889685
0.007892533
0.007868779
0.007848417
0.007915188
0.007892695
0.007891871
0.007841411
0.007829551
0.0078774905
0.007878649
0.007849568
0.0078453915
0.007884993
0.00781438
0.007824351
0.007891096
0.007929806
0.008019689
0.007957274
0.007927414
0.00787313
0.007957298
0.007856166
0.007940732
0.007982636
0.007881209
0.0079305805
0.007981583
0.007997683
0.007884064
0.00794097
0.0079515325
0.007926757
0.007897597
0.007952237
0.007860535
0.007915047
0.007856843
0.007887952
0.007893827
0.0079041
0.007942101
0.007935701
0.007843063
0.007905111
0.00780144
0.007853089
0.007934104
0.007851343
0.007844291
0.007842365
0.007922637
0.007822079
0.00783525
0.00781285
0.0077994023
0.0078104823
0.007859733
0.007869843
0.0077875075
0.007756375
0.007825388
0.007827445
0.007868997
0.007822876
0.007833657
0.007757895
0.007726098
0.007773648
0.0077972854
0.0077244663
0.007701144
0.0077012223
0.007845702
0.0077248053
0.00779228
0.007781744
0.0077238968
0.0077473377
0.007805896
0.007807149
0.0077883527
0.00772005
0.007741321
0.0078278165
0.0077154404
0.007733055
0.0077311727
0.007841432
0.0077035483
0.0077990186
0.007893867
0.0077794874
0.007843099
0.0076721595
0.007775232
0.007841844
0.007726185
0.007750335
0.0078694485
0.0077921636
0.007819755
0.007819517
0.0077957194
0.007743532
0.007828284
0.007790011
0.0077171954
0.0077538667
0.0077293706
0.0077987257
0.007892635
0.007841902
0.007778377
0.0078129675
0.007758975
0.007894674
0.007783461
0.0077372408
0.0077853645
0.007718222
0.007756646
0.007666318
0.0076805046
0.0077203815
0.007825051
0.007807278
0.007769579
0.0077248807
0.007889252
0.0077944044
0.0077522798
0.007820154
0.0077337287
0.007849298
0.007788974
0.007895476
0.007784948
0.0077786935
0.007859695
0.007835212
0.007821088
0.007839001
0.007864181
0.0077225505
0.0077707763
0.007865353
0.0077710184
0.0078043775
0.007791282
0.0078706145
0.007854683
0.007733126
0.0077590537
0.0078056534
0.0078087696
0.007868106
0.0077981614
0.0077996496
0.0077510034
0.0077387514
0.0077824267
0.0077819927
0.007818928
0.0077469023
0.0078051556
0.0077925697
0.0077853426
0.007855592
0.007754158
0.00782248
0.0076948917
0.007819797
0.007771251
0.0076955343
0.0077749547
0.0077688196
0.0077263
0.0077656293
0.007670413
0.00774401
0.007799225
0.00774852
0.0077807573
0.0077361544
0.00774561
0.0078052552
0.0077791894
0.0077801817
0.0077858404
0.007737211
0.0077275266
0.0077387136
0.0077207
0.00787147
0.0078020366
0.0077993427
0.007777851
0.007762672
0.007722756
0.007679598
0.0077618286
0.0077246125
0.0077198017
0.007718657
0.007797616
0.0077883913
0.0077407365
0.0077741826
0.007734315
0.0076930407
0.0077201272
0.007653691
0.00771273
0.007841828
0.0077410573
0.00773362
0.0078102746
0.007759488
0.007847286
0.007704801
0.007780414
0.007804355
0.0077170813
0.007732951
0.0076914574
0.007813802
0.0077712163
0.007760722
0.0077991276
0.0077608256
0.007703243
0.0077312016
0.0077290614
0.0076874564
0.007732063
0.007826472
0.007751611
0.00772995
0.0077495747
0.007740578
0.0077027744
0.007737674
0.007769686
0.0076223565
0.007643713
0.0077472017
0.0077584153
0.0076945554
0.0077500613
0.007752145
0.007647059
0.007714357
0.007749593
0.0076878443
0.007769138
0.0077123786
0.007809037
0.007830835
0.007865193
0.0077109337
0.007849002
0.0078096385
0.0077526662
0.007724941
0.007713097
0.0077318144
0.0077396645
0.007726959
0.007736334
0.0078162365
0.0077819442
0.00769859
0.0076701385
0.007718823
0.0077270083
0.0076851877
0.0076753534
0.00775289
0.007831163
0.0077711963
0.007734838
0.0077611725
0.007740497
0.007722397
0.0077643786
0.007816391
0.007869111
0.007808095
0.0077267513
0.0076623224
0.007719415
0.0076971175
0.00778998
0.0077304738
0.0077179256
0.0076802806
0.0077991514
0.007773384
0.007730558
0.0077765174
0.0077048065
0.0078002154
0.007754036
0.0077436054
0.0077563026
0.007779252
0.007729523
0.0077077444
0.007669092
0.0077939145
0.0077668787
0.0077355322
0.0077702496
0.0077755703
0.0077480865
0.0077744685
0.0078063663
0.0076809893
0.0076594893
0.007779505
0.0076933955
0.007786364
0.007624683
0.0076919897
0.0077467365
0.0077807163
0.0077487635
0.0077394457
0.007831781
0.0077260756
0.007762275
0.0076590525
0.0077924356
0.007870349
0.007897496
0.0078238165
0.0077188537
0.0077761905
0.007839339
0.0076888846
0.0077585126
0.0077334587
0.0077249357
0.0077385795
0.0076917554
0.007746122
0.0078109247
0.0077595646
0.00768201
0.0077867066
0.0078002736
0.0076981816
0.0077754403
0.0078718085
0.007819061
0.007764544
0.007704259
0.007781094
0.0077057723
0.007736258
0.0077396813
0.0077818222
0.007744011
0.0077176713
0.007784333
0.007703242
0.007680043
0.0077213394
0.0077292826
0.007744915
0.007760554
0.007669307
0.0077788727
0.007750177
0.007746212
0.007780902
0.007724219
0.007756785
0.007772015
0.0078064804
0.0077760783
0.0077567333
0.0078195715
0.007818245
0.0078942645
0.007966406
0.007920024
0.007866291
0.007847929
0.0078583425
0.007836743
0.007945452
0.00791055
0.0078630205
0.0078063775
0.007814208
0.007884649
0.007877784
0.0077577643
0.007819235
0.0077954573
0.0078001823
0.0077945776
0.007764969
0.0077679963
0.0076901657
0.007763375
0.0077328417
0.007840266
0.0077452976
0.007725424
0.0077791368
0.0077715474
0.007769015
0.0077794218
0.007722879
0.00773181
0.0076930635
0.007789536
0.0077953213
0.007720478
0.007696666
0.007674991
0.007763383
0.0077758296
0.007731437
0.007783776
0.007810065
0.007677623
0.0076931533
0.007717514
0.007684239
0.00775874
0.00776312
0.0077984026
0.0077021774
0.007673832
0.0076862643
0.0077465614
0.007674961
0.007696202
0.0076727653
0.0077505354
0.0077673895
0.0076572555
0.007725921
0.007673105
0.007732622
0.0076957904
0.007692317
0.0077930135
0.00768173
0.0077683255
0.0076922122
0.007693906
0.007719186
0.0077170925
0.007653362
0.007748522
0.0076615163
0.0076467907
0.007716042
0.0077064936
0.0077011804
0.0077312216
0.0077033592
0.007765482
0.0076694717
0.007678498
0.0076719373
0.0076351576
0.0077414694
0.007654466
0.0076455083
0.007743303
0.007824344
0.0077168383
0.0076211602
0.0075836154
0.0076728608
0.0077287676
0.007678093
0.0076430896
0.007735621
0.007678906
0.007637712
0.0076760296
0.007696801
0.007684611
0.0077380184
0.007722068
0.0077249184
0.0076555945
0.0077447426
0.007684994
0.0076591577
0.0076320246
0.0076934104
0.0077771465
0.0078087393
0.007813617
0.007729341
0.0077476217
0.007827918
0.007817007
0.007837525
0.007830288
0.007746772
0.007724658
0.007780862
0.0077570635
0.007741871
0.00778074
0.0077414038
0.0077618314
0.0077540325
0.0077004237
0.007737042
0.007806339
0.0076832147
0.0077517196
0.0076977415
0.00767345
0.0077410596
0.0077707362
0.0077249077
0.00773839
0.0078061144
0.0076782955
0.0077694487
0.0077380226
0.007790262
0.0077380855
0.007812515
0.0076826294
0.0077463994
0.0077588563
0.0077513214
0.0077775028
0.007855261
0.007762874
0.007777707
0.0077901436
0.007826581
0.007731198
0.007707116
0.007830773
0.0077564274
0.0077958363
0.007783151
0.0077261934
0.007759749
0.0078046666
0.007803064
0.0077423276
0.00784047
0.0078069502
0.0077802874
0.007800437
0.0077786376
0.0077406997
0.007841333
0.0076894625
0.007674764
0.0077609206
0.0076915785
0.007677732
0.007746988
0.0077810534
0.0077520125
0.0077638733
0.00778179
0.007773
0.0077579273
0.007739759
0.007661975
0.007820937
0.0077249324
0.007734469
0.0076906965
0.0077509526
0.0076899123
0.0076999706
0.0077899466
0.0077578276
0.007746373
0.0077048545
0.0077383127
0.0077727525
0.007682614
0.007595448
0.007736763
0.007690133
0.0077436506
0.0077271196
0.007684907
0.007716205
0.007736836
0.0077441577
0.007637468
0.007704663
0.0076812427
0.0076997047
0.0076821963
0.007768335
0.007697342
0.0076862057
0.007761003
0.0076316213
0.0077373055
0.0076626064
0.007709338
0.0077128084
0.0077462983
0.0077577336
0.0077449265
0.0077849855
0.007685007
0.0077390466
0.0077778175
0.007674616
0.007722401
0.00770739
0.0077760243
0.007686531
0.007681183
0.0076906513
0.0077213915
0.0077358102
0.007669206
0.0076745106
0.007675016
0.007787675
0.0077856435
0.007782872
0.0077373637
0.0077738944
0.0077414582
0.007705659
0.007721806
0.0076223863
0.0076778317
0.007686789
0.0077660144
0.0076753073
0.007651607
0.007660414
0.007752804
0.007632435
0.0077724117
0.007679471
0.0076365615
0.007672359
0.007731293
0.0077949725
0.007782835
0.007757189
0.0076479977
0.007841955
0.007783496
0.0076922122
0.007802999
0.0076929326
0.007662133
0.0076849973
0.0077437796
0.0076812063
0.007670552
0.007678974
0.007719496
0.007743993
0.0076712207
0.0076691033
0.007689306
0.0077574737
0.0076620136
0.007668706
0.0076371664
0.0076563214
0.0076838103
0.0076862886
0.0077738324
0.007785112
0.007753035
0.007670262
0.007810379
0.0076986416
0.0076912604
0.0076993043
0.007589301
0.0076817367
0.0076747015
0.007678586
0.007656111
0.0076698423
0.007729036
0.0076451423
0.0076603834
0.0076473937
0.0077346014
0.0077117328
0.007630452
0.0076612295
0.0076732654
0.0076901233
0.0077509983
0.0077294484
0.0077125602
0.0077497535
0.007747312
0.0076813456
0.007735083
0.0077288174
0.0076359087
0.0076248893
0.0077057653
0.0077335117
0.007758575
0.007704793
0.0076825134
0.0076433574
0.0075859744
0.0076798396
0.007665148
0.0076669417
0.0077350345
0.007650198
0.007696416
0.0076586055
0.007702815
0.0076238997
0.007688891
0.007747306
0.0076687816
0.0077061546
0.0076238844
0.0075858887
0.0076527083
0.00776219
0.007681109
0.0076173013
0.0076765474
0.0076948437
0.007685344
0.0076063443
0.0076779895
0.007683899
0.007701996
0.0077350317
0.007692133
0.007655905
0.007620946
0.0076396093
0.0076626115
0.0076678526
0.0077601136
0.0077618216
0.0077446536
0.0077027148
0.0077668233
0.0076407795
0.007654066
0.0076878294
0.007681422
0.0077257017
0.0077253995
0.0077546393
0.0077273846
0.007824073
0.007818123
0.0077582374
0.0078046606
0.007728381
0.007763591
0.0077942684
0.0077497736
0.007856008
0.0077840486
0.00775302
0.0076682493
0.007676229
0.007650107
0.0076712538
0.007743317
0.007758184
0.0077245655
0.0076760785
0.0077383937
0.007739322
0.007688959
0.007741763
0.007647002
0.0078049074
0.0077252183
0.007711148
0.0076843593
0.0076563386
0.007706392
0.007687868
0.0077035897
0.0077239512
0.0076814517
0.007728116
0.007795376
0.007701877
0.0077041155
0.007820916
0.0077178115
0.0077301706
0.007669518
0.007704021
0.0077643385
0.0077099795
0.0077327737
0.0076968824
0.0076766983
0.0077152075
0.0076507106
0.0076688663
0.007687114
0.0077041755
0.0076914732
0.0077388547
0.007741105
0.0076669767
0.007707643
0.007680242
0.0076671215
0.007601344
0.007711099
0.007712556
0.0077233477
0.0077495943
0.007610537
0.0076595694
0.0076640947
0.007711433
0.0078085866
0.0077629373
0.00774169
0.007688472
0.0077703022
0.007743528
0.007702364
0.0078075947
0.0076727136
0.007709689
0.007705729
0.0077205147
0.007737623
0.0077630384
0.0077238535
0.0077895992
0.007844687
0.007839088
0.007704141
0.0077564055
0.007735408
0.007737963
0.0077485386
0.0077214334
0.0076012523
0.007640726
0.0077314023
0.0075866543
0.0077275806
0.0076567126
0.007647897
0.007720733
0.0077126273
0.007679753
0.0076859687
0.007631118
0.0077346647
0.00766133
0.0076386374
0.007715936
0.0077004097
0.0076980502
0.007653716
0.0076821134
0.0077340747
0.007626451
0.007614602
0.0076872706
0.0077190106
0.007666676
0.007644455
0.007683093
0.0076108337
0.0076217395
0.007699879
0.0076821363
0.0076661627
0.0076362663
0.0076787346
0.0077079977
0.0076762103
0.007674146
0.0077070524
0.0076399925
0.007661627
0.007711302
0.007753436
0.0077463984
0.007632587
0.007799563
0.0077050626
0.0076501057
0.0076819453
0.0076710135
0.007733349
0.007745645
0.007628222
0.007685419
0.0075979973
0.007670828
0.0076169237
0.0077184574
0.007656308
0.007612726
0.00768531
0.007627468
0.007620672
0.007690381
0.0077314787
0.007664782
0.007569474
0.0076191956
0.0076006204
0.0077350214
0.007677816
0.0077341357
0.0077190655
0.0077085854
0.007715303
0.007679171
0.0076601044
0.007662318
0.0076523665
0.007649937
0.007732384
0.0077431314
0.0076718065
0.0076250993
0.007678792
0.0076875957
0.007717593
0.0077017643
0.0077402177
0.0076461425
0.0076855826
0.0077100187
0.007631049
0.007652763
0.007656965
0.007689787
0.007640396
0.0076716277
0.0076232506
0.007694729
0.0076372884
0.00764691
0.0075878524
0.007616879
0.0076252366
0.007583414
0.0076265642
0.007638177
0.0076133097
0.0076390738
0.0076928465
0.0076130573
0.0076463027
0.0076301405
0.0076392153
0.0076359794
0.0076845083
0.00763169
0.0076664304
0.0075638783
0.007573712
0.0076097534
0.007643488
0.0076503446
0.007710211
0.007697175
0.007617779
0.0076346216
0.0076452894
0.0076579973
0.007603326
0.0077245915
0.00764586
0.007601477
0.007605974
0.0074545587
0.00762651
0.0075742854
0.007616318
0.0077012843
0.0075597856
0.0076624136
0.0076759057
0.0076098572
0.007722364
0.0076171784
0.007669977
0.007665078
0.0077670333
0.007671575
0.007651793
0.007659727
0.007633535
0.007650951
0.0076821875
0.007706848
0.0077383006
0.007701866
0.007709891
0.0077680224
0.0076307994
0.007574364
0.007687874
0.0077006514
0.007545554
0.0076635596
0.0076606297
0.007674581
0.0076072686
0.007633576
0.00764527
0.0075660152
0.0075977365
0.007636015
0.007692583
0.007606458
0.007584747
0.0077143675
0.007697943
0.0076183234
0.007641762
0.007662745
0.0077448743
0.0077255443
0.007608877
0.007682495
0.0076976703
0.0075885123
0.007607238
0.007616742
0.0076021766
0.007648507
0.0076892143
0.007628762
0.007694377
0.0076617664
0.0076377257
0.0076560806
0.00769553
0.0077579655
0.007730118
0.0076997024
0.007679485
0.0076939194
0.0076620057
0.007685019
0.00768504
0.0076711085
0.0076209996
0.00759743
0.0077310344
0.007685277
0.007709867
0.0076712077
0.0076772287
0.0077695176
0.0076559368
0.007589146
0.00765299
0.0076582404
0.0076924656
0.0076633585
0.0076938155
0.00765517
0.0076281615
0.0077417674
0.0076382402
0.0076707527
0.0076452685
0.007645503
0.007715578
0.0076719844
0.007621357
0.007656979
0.0076256795
0.007589528
0.0076205344
0.0076873046
0.0076016365
0.0076146964
0.0075705056
0.0076236906
0.0076695047
0.007659084
0.007695608
0.0076332428
0.007692047
0.007668835
0.0075528175
0.0076184496
0.00763183
0.007713052
0.0076933173
0.007705963
0.007707144
0.0076900767
0.007645813
0.0077882414
0.007586472
0.0076609724
0.007643846
0.0076312805
0.007606047
0.007689346
0.0075898077
0.007685779
0.007691295
0.0076151504
0.0076982966
0.007629928
0.007639651
0.007715891
0.007634997
0.0076700826
0.0076948362
0.007665959
0.007605314
0.0075951125
0.0076564634
0.0076020574
0.0076782643
0.0076343813
0.0076023554
0.0075620436
0.007569495
0.0076261717
0.0075952695
0.007626855
0.007682304
0.0075906306
0.007668395
0.007566854
0.007662656
0.0076474035
0.007586128
0.0076021985
0.007627901
0.00762683
0.007563701
0.0075861374
0.007665702
0.007662524
0.0077092852
0.007575873
0.0075669074
0.0075194743
0.0076474682
0.0076769185
0.007689455
0.0077167344
0.007656521
0.0075604543
0.007696431
0.00769009
0.007665532
0.0075582233
0.007609821
0.0077779405
0.007663637
0.007619743
0.0076020034
0.0076251193
0.007580512
0.0076637673
0.0076227942
0.0076432754
0.0075688306
0.0076619764
0.007642946
0.0076345513
0.0076886304
0.007619897
0.0076175826
0.007618222
0.0076196496
0.007610707
0.007670602
0.0077374163
0.007708385
0.0076746093
0.0076789553
0.00761461
0.007680938
0.0076701776
0.007663532
0.007610832
0.00768834
0.007632265
0.007560309
0.0076568807
0.0076153832
0.007616898
0.007645342
0.007597227
0.007654264
0.0076385136
0.0076068523
0.0076332767
0.0077039977
0.0075649098
0.007584153
0.0075978553
0.0076001054
0.00765557
0.007650833
0.0076553416
0.007589011
0.007583917
0.0076575135
0.007646461
0.0076217838
0.0075955433
0.0075856163
0.0075723915
0.0075558946
0.0076281503
0.007551751
0.007564268
0.0075824405
0.0075792237
0.0075911763
0.0076051955
0.007528968
0.0075757857
0.007642492
0.0076803183
0.0075958143
0.007707928
0.007622162
0.007566644
0.00770177
0.0075815567
0.0076345378
0.007628882
0.007672418
0.0076325745
0.007557478
0.0076129003
0.0076133115
0.0075872205
0.007609248
0.0076345326
0.0077503617
0.007619202
0.0076296553
0.0077202134
0.0076014157
0.0077084196
0.0075651323
0.007623019
0.0076626213
0.007631829
0.0076459143
0.0075765117
0.007613941
0.007561855
0.007572116
0.0076259933
0.007663063
0.0076165143
0.0077002095
0.0076375105
0.0076798443
0.0076199626
0.0076083536
0.0075772395
0.0076040244
0.00764929
0.0076364265
0.007703312
0.0076701744
0.007625492
0.007606339
0.0076627745
0.007610852
0.007629297
0.0076289363
0.0076463968
0.007607747
0.007668134
0.007613032
0.0075295474
0.007590038
0.0075989002
0.0075654415
0.007662953
0.0076684766
0.007682154
0.007600721
0.007631345
0.0076855207
0.0076329256
0.0076103993
0.007675559
0.007621268
0.0076393024
0.007611
0.007597077
0.00758861
0.007645256
0.007674694
0.0076037864
0.007677325
0.0077410797
0.0075179935
0.007666656
0.007659317
0.007662431
0.0076764366
0.0076049124
0.007602326
0.0076510846
0.0075729853
0.007690658
0.007607554
0.0075911945
0.007588643
0.007705671
0.0075959954
0.0076439944
0.007615053
0.0076395003
0.007651545
0.007643254
0.0076918923
0.0076365625
0.007618362
0.007564875
0.007631167
0.0075340704
0.007568721
0.0076144403
0.0076439236
0.0076367375
0.007619065
0.0076625813
0.00767339
0.0076092826
0.0076125874
0.007571965
0.007557384
0.0076501053
0.007632372
0.0076049464
0.0075634415
0.007590357
0.007639057
0.007567392
0.007641608
0.007558465
0.0075809583
0.0075348155
0.0075973514
0.0076508303
0.0075830044
0.00761035
0.007557718
0.0075457925
0.007647163
0.0075984136
0.0075714425
0.0075594457
0.0076048593
0.0075700106
0.0076643936
0.0075295586
0.007582525
0.0076092943
0.0075608315
0.007605993
0.007677205
0.00758536
0.007528708
0.0075682034
0.0076447288
0.007583251
0.007584699
0.007643728
0.007614181
0.007668489
0.0076645473
0.007674984
0.0075725797
0.0077421903
0.007526895
0.00766978
0.007636243
0.0077056973
0.0076168515
0.0076284762
0.0076495633
0.007589245
0.0076314006
0.0075506507
0.0075958464
0.007625008
0.0076054092
0.0077329203
0.0076649296
0.0076192026
0.0075992728
0.007602383
0.007750312
0.0076905596
0.00765352
0.007552035
0.0076056328
0.0075782957
0.0076195938
0.0076266117
0.0075560883
0.0075463965
0.0076210415
0.0075715203
0.007621083
0.0076122475
0.0076884357
0.0076164478
0.0077143544
0.0076423083
0.007606544
0.0077206697
0.0076523945
0.0075899805
0.0077344044
0.0077058347
0.007664377
0.007499287
0.007649034
0.007661446
0.007658654
0.007684881
0.007596074
0.007628944
0.0076634376
0.0075829965
0.0076265936
0.007587393
0.007563953
0.007613476
0.0076901424
0.007682014
0.00761974
0.007580121
0.0076673646
0.007656324
0.0075736786
0.0076968675
0.007627842
0.007672894
0.0076382672
0.007623616
0.0075965356
0.007528041
0.0075861854
0.0075872107
