===================== Time: [Thu Aug 11 04:23:03 2022] ========================
0.028077044
0.028517287
0.027890503
0.02783812
0.027650999
0.027254786
0.027225103
0.027196651
0.026983548
0.026975712
0.027220996
0.026880523
0.026781164
0.02635285
0.02662424
0.026386937
0.026315944
0.026248563
0.026329368
0.026408367
0.026254548
0.026215844
0.025991004
0.02579542
0.025599658
0.025572062
0.025479428
0.025351124
0.025397029
0.025453348
0.025436303
0.025318682
0.025161773
0.025408477
0.02539229
0.025361434
0.025508039
0.025611125
0.025766326
0.025672736
0.025652466
0.025478309
0.025408702
0.025627228
0.02549528
0.025231754
0.025362331
0.025232282
0.025398288
0.025368838
0.025436355
0.02530279
0.025380144
0.02550709
0.025417916
0.025281144
0.025158416
0.025081348
0.025132135
0.025088282
0.024995213
0.024892438
0.024785308
0.024871033
0.02476366
0.024675589
0.024940714
0.024817199
0.024748787
0.02479531
0.024929017
0.024852797
0.024621723
0.024883041
0.024838226
0.024756648
0.024913047
0.024743652
0.024626916
0.024818005
0.024563074
0.02468263
0.024635518
0.024551125
0.024555342
0.024663402
0.024721822
0.024734559
0.02487613
0.02468797
0.024766654
0.024686346
0.02458438
0.024469921
0.024434483
0.02438153
0.024619637
0.024584644
0.024674354
0.024788568
0.02484822
0.024849588
0.024831692
0.024766205
0.024418078
0.024391364
0.024436228
0.024504881
0.024582291
0.024678664
0.024661604
0.024689073
0.024719415
0.024750173
0.024622219
0.024727296
0.024450868
0.024383323
0.024410794
0.024433916
0.024411412
0.02436803
0.024309486
0.024288975
0.024289371
0.024144085
0.02428705
0.024254108
0.02410755
0.02478639
0.025034014
0.024481809
0.02417315
0.024337627
0.024432829
0.02450154
0.024368746
0.024546653
0.024566747
0.024379332
0.024324948
0.024403125
0.024405027
0.024705634
0.024497805
0.024375154
0.024290876
0.02432612
0.024185747
0.024334094
0.02423538
0.024258872
0.024088372
0.024132533
0.024053058
0.024095103
0.023929507
0.024057606
0.024290808
0.024222497
0.023963982
0.024060532
0.024199635
0.024137417
0.024002157
0.024104722
0.024108836
0.024224568
0.02432178
0.024114748
0.024087133
0.024009328
0.024042457
0.02413984
0.024111116
0.023928195
0.023952847
0.023949392
0.023831619
0.023788223
0.023784002
0.023752142
0.023832835
0.023698665
0.02353224
0.023709537
0.023797704
0.023658697
0.023913622
0.02380418
0.023606751
0.023629325
0.023633644
0.023703022
0.023696842
0.023619307
0.023741603
0.023792466
0.023749376
0.023800375
0.023549538
0.023921588
0.023870148
0.023923134
0.024043089
0.024005251
0.024029411
0.02393972
0.024028612
0.024140462
0.02409651
0.024225665
0.02401455
0.023983052
0.023953594
0.023982387
0.023953939
0.024115257
0.023945415
0.023869334
0.023977894
0.023838857
0.02376253
0.023682807
0.0237458
0.023724236
0.023823112
0.023972247
0.023860404
0.023941843
0.023739038
0.023835907
0.023774823
0.023790004
0.023862882
0.023801895
0.024019534
0.024074059
0.024228632
0.024189156
0.024204208
0.024408981
0.024394352
0.024479399
0.024360102
0.02415927
0.02397322
0.024154367
0.0240531
0.024096252
0.02402308
0.023997776
0.02404113
0.023867914
0.023900991
0.023746325
0.024012769
0.023893636
0.023925055
0.023934843
0.023986876
0.024023835
0.02405613
0.024064919
0.024060462
0.024053724
0.024076492
0.023945192
0.024116749
0.023937553
0.023762954
0.02389471
0.023933534
0.024054365
0.024263896
0.024190778
0.024295943
0.024208663
0.024350084
0.024274817
0.024082454
0.024105856
0.023921449
0.023893839
0.023772066
0.023727227
0.023749357
0.023646599
0.023565495
0.02365147
0.023430508
0.023581779
0.023620727
0.023576535
0.023574075
0.023681045
0.023800211
0.023693778
0.023662234
0.023695216
0.02360368
0.023658646
0.023499774
0.02346734
0.023545707
0.023488434
0.023576206
0.023657298
0.02369907
0.023677517
0.02377044
0.023830151
0.023826543
0.02380175
0.02382469
0.023831043
0.023875128
0.023836141
0.023920836
0.023612795
0.023716085
0.023819504
0.023831774
0.023701284
0.023703463
0.02389621
0.023884345
0.023871062
0.023638237
0.023732377
0.02366024
0.023624184
0.023304611
0.023549179
0.023400234
0.023240952
0.023399044
0.023267776
0.023223666
0.023300087
0.023456594
0.02346854
0.02342924
0.023405038
0.023515427
0.023328247
0.023532849
0.023571132
0.023390604
0.02335358
0.023393571
0.023445262
0.023434779
0.023278544
0.023362726
0.023321664
0.023281718
0.023316491
0.02334907
0.023250848
0.02309804
0.023328783
0.023365207
0.023222137
0.023030354
0.023279862
0.023233034
0.023016095
0.023189383
0.02322839
0.023513267
0.023843912
0.023652071
0.023159975
0.02331875
0.02337422
0.023566358
0.023582451
0.023463314
0.023431977
0.023446366
0.023787323
0.023717761
0.023718609
0.023779195
0.023594491
0.023570945
0.02358079
0.023478985
0.02358074
0.023314402
0.023340067
0.0233406
0.023363212
0.023292013
0.023232782
0.023106009
0.023255683
0.023172146
0.023185767
0.023239436
0.023104975
0.02309153
0.023034977
0.023083616
0.023053441
0.022945791
0.022908455
0.022984037
0.022979094
0.02302168
0.023117634
0.022985885
0.023074491
0.023077492
0.022958102
0.023057073
0.023088487
0.023087844
0.023078816
0.023187652
0.023096891
0.023045732
0.023025827
0.023045147
0.022964448
0.022922909
0.023033846
0.02296899
0.022974864
0.022885539
0.022983007
0.022920568
0.022986474
0.023026073
0.023042727
0.023002207
0.02320153
0.023002358
0.022943007
0.02308411
0.023006313
0.023022389
0.023115523
0.02298851
0.022884393
0.023069153
0.023065098
0.023011273
0.022987248
0.022873187
0.023015201
0.022912025
0.022930404
0.02287591
0.022949731
0.023040256
0.02294889
0.02300809
0.02304996
0.022937108
0.022924077
0.02298777
0.022953246
0.022747701
0.022866236
0.022789812
0.02283606
0.022870708
0.02310394
0.023026574
0.023004148
0.022935951
0.022956533
0.022817977
0.023004401
0.023054576
0.02319437
0.022983095
0.022872297
0.02292665
0.022924244
0.023040392
0.02299628
0.022965478
0.022962052
0.022711696
0.022702457
0.022746865
0.022753036
0.022734933
0.022750998
0.022634888
0.02261795
0.02247303
0.022631051
0.022719612
0.022852369
0.022759892
0.022952367
0.022895437
0.022718806
0.022745421
0.022601614
0.022781366
0.022810863
0.022781812
0.022781188
0.022698078
0.022803951
0.022728007
0.022635246
0.022821568
0.022848912
0.022754086
0.022800826
0.022753965
0.022717858
0.022702461
0.022783972
0.022866765
0.022901012
0.022797057
0.022857737
0.022907276
0.022855831
0.022574104
0.022638327
0.022755878
0.02282971
0.022906398
0.022833746
0.022866536
0.022801384
0.022743834
0.022847535
0.022799132
0.022922618
0.022718774
0.022973163
0.022740297
0.02268759
0.02281929
0.022832641
0.022770355
0.022830391
0.022850435
0.022920845
0.022931494
0.022865424
0.022739073
0.02270088
0.022626853
0.022794137
0.022848433
0.022838168
0.02287413
0.022745395
0.022741338
0.022841519
0.022655262
0.022699313
0.022813326
0.023004374
0.022716405
0.022692073
0.022668267
0.022760218
0.022929203
0.02290267
0.022986112
0.022962155
0.023128828
0.022882648
0.022779794
0.022790326
0.02274236
0.022788525
0.02257307
0.022607304
0.022552047
0.022550795
0.02272761
0.02252199
0.022576196
0.022509659
0.022582779
0.022347165
0.022487411
0.022396447
0.022535194
0.022490498
0.022455942
0.022408359
0.022551384
0.022565313
0.022543797
0.022469915
0.022614023
0.02245961
0.022581369
0.022453822
0.022435864
0.022597702
0.022559453
0.022667293
0.022527685
0.022633404
0.022645725
0.022644287
0.022718303
0.022626745
0.022631649
0.022645367
0.022568315
0.022732867
0.022723144
0.022545027
0.022818903
0.02281867
0.022765376
0.022726879
0.022717113
0.022712871
0.022573221
0.022612227
0.022568477
0.022508396
0.02249945
0.022361113
0.022551542
0.022360945
0.022466846
0.022422232
0.022559708
0.022561384
0.022424545
0.022427429
0.022421302
0.02243939
0.022369849
0.022419354
0.022502158
0.02237515
0.022399442
0.022402292
0.022629326
0.02259852
0.0224612
0.02236108
0.022503957
0.022470694
0.022300225
0.022348206
0.022361856
0.022515338
0.022336945
0.022416227
0.022264581
0.02234085
0.02241645
0.022482611
0.022491142
0.022534829
0.02247173
0.022395045
0.022394415
0.022488894
0.022512147
0.022639694
0.02271311
0.022564013
0.02244885
0.022388967
0.022465205
0.022593336
0.022518627
0.022584956
0.022539265
0.022584608
0.02248767
0.022560528
0.02247962
0.022482686
0.022569377
0.022464259
0.022505824
0.02246001
0.022437911
0.022425635
0.022392029
0.02253157
0.022363838
0.022439254
0.022372596
0.02226752
0.02233245
0.02237622
0.022367593
0.02249669
0.022441747
0.022524796
0.022368595
0.022384325
0.022243448
0.022363756
0.022311615
0.022234267
0.022227157
0.02228328
0.022328323
0.0222979
0.022477947
0.022386199
0.02228526
0.022253156
0.022326069
0.022357726
0.022312867
0.022401016
0.022309726
0.02224136
0.022194814
0.022316461
0.02246756
0.0223739
0.022185132
0.022321243
0.022367464
0.022376725
0.022220902
0.022207197
0.02225382
0.022296647
0.02231887
0.022169862
0.022301698
0.022503095
0.022373717
0.022300543
0.022245249
0.022176482
0.022239376
0.022435341
0.02238062
0.022320492
0.022435958
0.022355065
0.022504799
0.02252571
0.02234924
0.02234524
0.02236314
0.022366457
0.022255465
0.022255301
0.0223064
0.022157367
0.022361502
0.022287164
0.022354977
0.022417244
0.022317573
0.02226842
0.022420548
0.02231818
0.02233891
0.022231583
0.022239469
0.022238174
0.022350958
0.02228349
0.02241436
0.022315757
0.02239509
0.022194497
0.022359973
0.022335665
0.02247584
0.02230512
0.022291398
0.022288049
0.022373952
0.022338416
0.02244769
0.022279814
0.022417296
0.022339556
0.02241545
0.022436135
0.022268316
0.022280635
0.022342822
0.022222446
0.022204813
0.022303991
0.02230803
0.022413947
0.022368358
0.022237824
0.022457372
0.02232498
0.022367736
0.022218714
0.02231397
0.022223208
0.022312658
0.0224309
0.022297945
0.022369184
0.022488428
0.022468667
0.022360845
0.02247478
0.022470325
0.022418143
0.022414746
0.02216054
0.022334108
0.022268765
0.022256413
0.022288736
0.02226105
0.022121096
0.022179553
0.02236771
0.02215413
0.022326615
0.022273906
0.022313649
0.022370804
0.022321902
0.022239085
0.02239297
0.022397714
0.022267258
0.022137655
0.022208238
0.022186156
0.022249509
0.022152
0.022275083
0.022191633
0.022295922
0.022308843
0.022152837
0.022077685
0.022225946
0.02233751
0.02221418
0.022308346
0.022150084
0.022296894
0.022249397
0.022381568
0.02219269
0.02220078
0.022263393
0.022380492
0.022352856
0.022456922
0.022538707
0.022384148
0.022391602
0.022115577
0.022333782
0.022183873
0.022133479
0.02233379
0.02226815
0.022212517
0.022374574
0.022152906
0.022171188
0.022241475
0.022231039
0.022501733
0.022159321
0.022328904
0.022202596
0.02227524
0.022302167
0.022461219
0.022166194
0.022154871
0.02217793
0.02233091
0.022299128
0.022475803
0.02222077
0.022054425
0.02234217
0.02223865
0.022274802
0.022020984
0.022171808
0.022081714
0.022056554
0.022185724
0.022163639
0.022308012
0.022211988
0.022039061
0.022104284
0.022141939
0.022264615
0.02214943
0.022196257
0.022145204
0.022142105
0.022083145
0.02205931
0.022186892
0.022004038
0.022008548
0.022038745
0.022163853
0.022131491
0.022183567
0.022062872
0.022136427
0.022134455
0.022087127
0.022388762
0.022317933
0.022132192
0.022243192
0.022180479
0.022133742
0.021876562
0.022053868
0.022162145
0.022094727
0.022113677
0.02183764
0.022087462
0.022160303
0.022109982
0.022050234
0.022016147
0.02218591
0.022078605
0.022237107
0.02215243
0.02223522
0.02205257
0.02220086
0.022257244
0.022095276
0.022176208
0.022077212
0.022116106
0.022122882
0.022184862
0.022108497
0.022112463
0.022217292
0.022274865
0.022245472
0.022353048
0.022315715
0.02215827
0.022184653
0.022001896
0.02215422
0.022122562
0.022131594
0.022143608
0.022042343
0.022063285
0.022196418
0.022227777
0.022114879
0.022250231
0.0223177
0.022277957
0.022406531
0.022306595
0.022125993
0.022148946
0.022230694
0.022223296
0.02220571
0.022090107
0.02227405
0.022240791
0.022170097
0.022022666
0.022305029
0.022068543
0.022025876
0.022269001
0.022118874
0.02208028
0.022264143
0.022221364
0.022185603
0.022077644
0.02210847
0.022312721
0.022181675
0.022180554
0.022134712
0.022166872
0.022125524
0.022188626
0.022099921
0.022096833
0.022285791
0.02221706
0.022128828
0.022173809
0.022041818
0.022095298
0.022065999
0.021988455
0.022220189
0.022106797
0.022033677
0.02200239
0.022160014
0.022112561
0.022166599
0.022233257
0.022032464
0.022017695
0.022040825
0.022149218
0.022043519
0.022111619
0.022066372
0.022116303
0.021999797
0.022003036
0.022028025
0.02211707
0.021996725
0.02206919
0.02211162
0.022212135
0.022090126
0.022155304
0.02217895
0.022094663
0.022147367
0.022263717
0.022224575
0.02217057
0.022275671
0.02206661
0.02213695
0.022171758
0.022160154
0.02226153
0.022270426
0.02233594
0.022361381
0.02216255
0.022198
0.022299204
0.022220204
0.022213766
0.02223697
0.02203341
0.022167875
0.02211124
0.022049282
0.022051455
0.022109235
0.021982448
0.02192084
0.021954913
0.022113577
0.021925855
0.022040948
0.021966666
0.022021597
0.02214388
0.021901326
0.022044718
0.022047238
0.022034544
0.022028703
0.021977533
0.022132883
0.021963704
0.022006514
0.022007164
0.02196092
0.02208151
0.022146944
0.022188712
0.022100646
0.022046488
0.022139832
0.022047635
0.021934928
0.02210815
0.022142896
0.022185203
0.02216656
0.022322739
0.022235174
0.022168344
0.02210572
0.021893652
0.022037376
0.022140805
0.02227064
0.02225327
0.022172075
0.022145197
0.022120962
0.022195898
0.022089621
0.022118699
0.022114778
0.022050716
0.02212077
0.022189332
0.022204528
0.02215189
0.022240687
0.022228349
0.022177313
0.022301652
0.0221906
0.022453682
0.02223201
0.022339785
0.022343546
0.022145042
0.022118287
0.02198697
0.022123797
0.02220259
0.022221839
0.022183824
0.022210337
0.022174116
0.022225052
0.022206105
0.022167947
0.022138553
0.02220661
0.021968577
0.022089083
0.022180932
0.022246577
0.022275306
0.02224157
0.02218414
0.02223546
0.022247255
0.022072967
0.02231325
0.022171412
0.02206452
0.02211713
0.022158941
0.022111699
0.021968825
0.021904232
0.022031913
0.022122815
0.02198995
0.021912875
0.022096511
0.022089297
0.021917503
0.021866284
0.021899853
0.02171448
0.02183888
0.021879876
0.02187516
0.02199133
0.021978788
0.022001514
0.021946188
0.021872189
0.021865765
0.021752188
0.021785269
0.0219497
0.022004962
0.021996202
0.02188499
0.02204782
0.022262527
0.02208205
0.022116082
0.021978736
0.022116853
0.022130884
0.022016125
0.021987027
0.021944528
0.02207842
0.021934344
0.022080487
0.022035958
0.022157626
0.021946061
0.021968152
0.022137083
0.022033645
0.022089368
0.02221233
0.022120902
0.022099191
0.022216544
0.022390025
0.02229654
0.022268774
0.022344327
0.022241969
0.02229992
0.02210524
0.022193182
0.022298772
0.022250952
0.022128837
0.022189057
0.022129115
0.02232055
0.022165693
0.02216075
0.022225212
0.022206606
0.022027643
0.022302778
0.022044322
0.022127127
0.022010209
0.022139803
0.022032442
0.021893015
0.021980228
0.022070149
0.022043979
0.021830222
0.022069765
0.021917857
0.021950623
0.02214685
0.022104736
0.022037094
0.021872524
0.021800345
0.021867793
0.021966215
0.022064239
0.022043426
0.022014512
0.022030128
0.021892663
0.02188306
0.022090936
0.022026215
0.022038484
0.021952381
0.022087974
0.022060232
0.02194393
0.021970848
0.021999054
0.022177773
0.022001013
0.022038426
0.022038512
0.02196244
0.021873042
0.02181678
0.022070438
0.022051662
0.021944469
0.021736465
0.021962922
0.021892095
0.021783369
0.021882666
0.021785576
0.022011908
0.021786172
0.021737644
0.021868419
0.021984797
0.021904742
0.021793105
0.021760872
0.021663062
0.021572202
0.021846507
0.02175108
0.021901378
0.021700855
0.021933215
0.02193236
0.022018673
0.021880103
0.021871055
0.021759683
0.021773152
0.021914352
0.021774568
0.021984503
0.021705398
0.021852251
0.02172167
0.02203649
0.021906735
0.02186408
0.021943197
0.021987459
0.022036009
0.02194713
0.021903917
0.02191671
0.021842422
0.021817606
0.02193267
0.021822633
0.021761157
0.021940146
0.021944169
0.02200013
0.021948406
0.02205798
0.02210977
0.022060955
0.022139926
0.022131588
0.022047604
0.022050938
0.022010343
0.02197065
0.021966241
0.02204706
0.021897875
0.021925582
0.02201526
0.021935027
0.021961793
0.021960288
0.022099985
0.022018403
0.021878732
0.021908062
0.02203511
0.02206589
0.02193873
0.021833116
0.021930719
0.022016069
0.021964487
0.022016142
0.021950208
0.021954337
0.022063334
0.02229026
0.022256132
0.022180315
0.022111112
0.022022055
0.022156183
0.02216102
0.022204066
0.022101646
0.022070952
0.021974523
0.022152338
0.021895008
0.02214026
0.021940589
0.021863775
0.02193706
0.021831427
0.021735124
0.021902751
0.02186542
0.021913033
0.021942755
0.021970348
0.021793935
0.02180665
0.021660067
0.021903154
0.021761097
0.021770384
0.021831144
0.02194475
0.021821013
0.02182463
0.021893527
0.021831831
0.021730417
0.02181532
0.021995077
0.021941854
0.021852573
0.021777438
0.021912819
0.02169209
0.021773065
0.02171772
0.021816049
0.021814182
0.0217293
0.021757955
0.021881495
0.021799147
0.021865197
0.021910992
0.02206235
0.021843161
0.021899473
0.021855231
0.021851795
0.021874558
0.021925073
0.021786934
0.021756701
0.02165968
0.021816613
0.021852955
0.021653228
0.021866087
0.021860767
0.022096233
0.021832598
0.021836277
0.021852834
0.021925291
0.021873686
0.021912461
0.02190663
0.021724675
0.021765385
0.02178546
0.021971302
0.0218114
0.021894835
0.021755926
0.021858085
0.021881025
0.021794321
0.021846335
0.021780223
0.021843499
0.021835292
0.021693029
0.021830155
0.021654379
0.021786679
0.021839043
0.021680603
0.021836441
0.02169678
0.021843446
0.021820208
0.022034403
0.021735186
0.021795135
0.021764046
0.02177554
0.021824807
0.021736698
0.021699939
0.021825323
0.021664012
0.021808902
0.021714907
0.021695111
0.02178029
0.021715647
0.021822589
0.02168348
0.021636669
0.021797884
0.02175222
0.021859631
0.021840632
0.021936668
0.021819359
0.021809943
0.02180245
0.021727666
0.021817656
0.02179404
0.021753611
0.021832198
0.021798259
0.021882772
0.021827776
0.021872925
0.021778958
0.021736182
0.021683725
0.021844137
0.02193649
0.021833489
0.02193511
0.021738071
0.021748023
0.021671755
0.021677865
0.02178892
0.021791272
0.021698048
0.021669747
0.021695685
0.021772645
0.021845095
0.021746973
0.021774719
0.02169019
0.021666111
0.021736147
0.021707254
0.021715151
0.021715855
0.021748977
0.021640917
0.02171197
0.021828538
0.021717912
0.021744227
0.021832155
0.021774175
0.021603778
0.021801667
0.021998307
0.021896305
0.021665799
0.021660078
0.02173937
0.021690391
0.021846678
0.021819403
0.021773297
0.021794122
0.021712214
0.02170402
0.021752287
0.021777937
0.021885373
0.021672057
0.021689277
0.021663347
0.02175865
0.021765182
0.021803115
0.021683354
0.021705437
0.021584183
0.021645933
0.021606326
0.021671213
0.021815257
0.021780612
0.021660257
0.021702286
0.021593895
0.021527993
0.021567862
0.021599786
0.02169867
0.021672716
0.02175556
0.021654114
0.021798298
0.021630019
0.0216924
0.021781672
0.021692935
0.021658093
0.021716159
0.02184327
0.0216713
0.021745855
0.021719728
0.02159936
0.02168347
0.021818014
0.021807496
0.02177816
0.0217473
0.021610333
0.02172132
0.021690978
0.021921646
0.021803603
0.021778835
0.021621482
0.021733344
0.021673864
0.021657484
0.02177602
0.02182981
0.021701783
0.021825232
0.02170895
0.021757131
0.021811249
0.021776238
0.021686181
0.021676673
0.021639332
0.021750655
0.021591311
0.02165152
0.021795329
0.021660125
0.02170299
0.021751305
0.021647625
0.021740772
0.021524772
0.021651765
0.021729792
0.021611406
0.021612573
0.021643078
0.021652652
0.021741796
0.021735806
0.021660302
0.021646632
0.02168336
0.02150697
0.0215855
0.021576941
0.02164496
0.02165617
0.021537472
0.021553453
0.021662364
0.021651508
0.02175403
0.02163297
0.021722915
0.02169364
0.021739803
0.021767499
0.021583004
0.021804923
0.021718567
0.02167381
0.021597251
0.021613672
0.021646233
0.02181631
0.021656316
0.021763157
0.021644622
0.021815034
0.021801015
0.021737585
0.021794304
0.021734962
0.021775644
0.02161805
0.02170282
0.021763312
0.021828264
0.02169631
0.021883449
0.021824613
0.021822084
0.021789674
0.021870377
0.021720173
0.021783186
0.021846337
0.021756412
0.021880107
0.021787645
0.021723816
0.021701997
0.021940665
0.021892898
0.022019766
0.021923618
0.021841727
0.021661362
0.02180363
0.021729644
0.021721283
0.021760048
0.021747055
0.021722768
0.021729335
0.021765813
0.0217032
0.021937769
0.021740299
0.021714883
0.021857938
0.021757565
0.021715196
0.021697264
0.021632712
0.021619353
0.021749258
0.02160326
0.021527076
0.021688322
0.021680165
0.021693133
0.021563603
0.021741014
0.021771543
0.02168447
0.021705434
0.021619918
0.021578405
0.02168041
0.021613605
0.021682382
0.02159228
0.021703288
0.02164271
0.021753496
0.021743434
0.021597045
0.02163299
0.02164995
0.021657476
0.02154113
0.021587169
0.02164506
0.021555472
0.021706415
0.021799387
0.021801723
0.021797404
0.021660116
0.021728434
0.021819536
0.021696886
0.021615926
0.021723308
0.021747064
0.021808304
0.0217807
0.021680912
0.02170163
0.021793498
0.021602094
0.02153797
0.02155834
0.02165123
0.021430751
0.021676177
0.021687245
0.021639599
0.021725308
0.021612031
0.021572448
0.021857454
0.021871315
0.021776503
0.021824535
0.021765912
0.021692686
0.021746652
0.021659382
0.021777874
0.02166991
0.021803757
0.021791577
0.021799512
0.021736464
0.021710843
0.021691673
0.021704758
0.021653693
0.021793658
0.021702442
0.021754306
0.02176353
0.021568935
0.02159942
0.021706237
0.021503212
0.021577343
0.021724142
0.021549065
0.02174803
0.021739865
0.021621436
0.021542486
0.02147777
0.021488836
0.021706797
0.021653725
0.02163504
0.021645945
0.021640431
0.02163741
0.02152251
0.021601392
0.021575786
0.021539845
0.021617863
0.021605158
0.021616846
0.021658516
0.021729778
0.02156998
0.02167838
0.021746589
0.021804795
0.021627296
0.021649808
0.021621259
0.021739203
0.021681372
0.021585442
0.021741714
0.02165665
0.021606117
0.02164192
0.021573862
0.021592531
0.021695593
0.021657353
0.021799007
0.021660063
0.021664731
0.021642897
0.021625498
0.021665603
0.021561995
0.021617962
0.021725422
0.021812078
0.021558207
0.021732489
0.021639122
0.021724962
0.021621201
0.021701494
0.021694252
0.02174957
0.021751853
0.021610936
0.021722976
0.021690879
0.021664534
0.02170663
0.021707837
0.021704275
0.021566441
0.021587385
0.021640977
0.021677658
0.021682216
0.021690374
0.021690812
0.021645635
0.021674968
0.021674462
0.021695772
0.021868125
0.021740159
0.0218135
0.021904828
0.02177253
0.021591635
0.021790823
0.021670349
0.021744162
0.021773832
0.021598736
0.021574708
0.021628125
0.021624248
0.021653248
0.02172766
0.021788415
0.021761313
0.021604162
0.021661159
0.02167007
0.021624492
0.021657573
0.021722727
0.021615986
0.021635542
0.021653801
0.021540657
0.021640591
0.021732917
0.021661742
0.02160134
0.021737995
0.021624228
0.021491703
0.021480871
0.021756146
0.021629598
0.021716818
0.02173598
0.021517493
0.021556657
0.02165386
0.021613117
0.021642813
0.021599581
0.021744741
0.021809164
0.021681402
0.021548718
0.021732014
0.021668177
0.021634245
0.02154934
0.021561027
0.021614179
0.021590084
0.02163368
0.02154001
0.021780264
0.02164732
0.021603001
0.021709427
0.021526368
0.021633185
0.021569794
0.02162141
0.02154144
0.021521598
0.021531738
0.021471955
0.021615377
0.021543605
0.021589048
0.021699164
0.02165843
0.021661894
0.02173553
0.021638924
0.021602243
0.02159779
0.021629974
0.021553295
0.021518612
0.021556241
0.021644725
0.021781519
0.021662578
0.021598114
0.02178542
0.021647425
0.02154401
0.021535952
0.021592297
0.021668952
0.021588486
0.021656666
0.021539662
0.021679971
0.021598265
0.021595428
0.021530483
0.021569269
0.021546386
0.021581855
0.021548228
0.021559725
0.02163177
0.021548722
0.021604365
0.021601237
0.021550847
0.021745497
0.021625184
0.021659797
0.021578493
0.02144892
0.021566682
0.021597784
0.021473246
0.021571316
0.021518163
0.02148421
0.021516863
0.021530617
0.021506056
0.021547029
0.021553405
0.021573389
0.0215501
0.021659087
0.021571152
0.021563392
0.021542601
0.021597195
0.021643352
0.021592392
0.021603066
0.02172672
0.021478802
0.021667942
0.021572372
0.021713035
0.021700611
0.02168947
0.02169095
0.021622838
0.021517735
0.021604849
0.021473272
0.021407884
0.021646129
0.021463135
0.021401884
0.021613695
0.021523621
0.021580646
0.021465424
0.021565098
0.021545667
0.021408252
0.021469865
0.021466495
0.02150241
0.021480622
0.021527313
0.021614928
0.021521546
0.021407295
0.021496573
0.021524899
0.021700706
0.02149371
0.021553976
0.021676417
0.02163947
0.021668438
0.021644069
0.021706106
0.021562507
0.021547884
0.021567773
0.02153501
0.021567615
0.021534223
0.02157168
0.0216876
0.021643354
0.02159807
0.021504097
0.021447254
0.021528892
0.021563739
0.021504514
0.021606836
0.02173888
0.02173092
0.02166977
0.02174519
0.02165173
0.021765722
0.021737898
0.021644555
0.02170361
0.02170324
0.02161106
0.021617908
0.021523349
0.021627575
0.021666396
0.021761462
0.021664329
0.02159006
0.021569254
0.02143162
0.02152251
0.021741172
0.021647079
0.021683697
0.021612637
0.021534424
0.021607574
0.021633439
0.02168042
0.021558417
0.021575842
0.021533387
0.021564664
0.021570867
0.021560894
0.021457834
0.021669563
0.02151025
0.021612504
0.021695606
0.021636713
0.02175513
0.021694325
0.021648757
0.021566577
0.02167982
0.02169328
0.02177824
0.021626573
0.021712402
0.021524863
0.0215925
0.021591494
0.021653462
0.021566804
0.021532241
0.021538798
0.021536853
0.021644486
0.0217026
0.021493686
0.021664614
0.021522718
0.021663241
0.021714473
0.021595484
0.02157647
0.02163087
0.02170872
0.021740232
0.021705525
0.021612113
0.02162612
0.021656998
0.02158156
0.021635517
0.021526389
0.0215681
0.02163265
0.021588907
0.021660741
0.021723267
0.021534985
0.02157866
0.021544965
0.021738093
0.02153823
0.02156365
0.021655211
0.021647276
0.021494882
0.021740131
0.02149508
0.021587564
0.021562824
0.021606924
0.021465575
0.021536585
0.021542065
0.021581035
0.021428432
0.02162724
0.021751648
0.021599973
0.02156576
0.021653742
0.021560362
0.021618415
0.0216991
0.021708485
0.021628829
0.021649769
0.021582449
0.021533193
0.02169434
0.021540815
0.021531954
0.021607196
0.021562772
0.021687413
0.021589372
0.021666361
0.02173011
0.021693597
0.021641733
0.021613602
0.021527696
0.0216024
0.021603703
0.021583186
0.021614
0.021586072
0.021584164
0.02164039
0.021516003
0.021635827
0.021531718
0.021723526
0.021736663
0.02159604
0.021424286
0.021589221
0.021575496
0.021716123
0.021650499
0.021682108
0.021538056
0.021743914
0.021716494
0.02160737
0.021680864
0.021684267
0.021451904
0.021444079
0.0214547
0.021531157
0.021476135
0.02171805
0.021607198
0.021587655
0.02168608
0.02162671
0.021449393
0.021608386
0.021628907
0.021608409
0.021694204
0.021694172
0.021689054
0.021614673
0.021707239
0.021674134
0.021500887
0.02164945
0.021574995
0.021637538
0.021512402
0.021697419
0.021624582
0.021653619
0.021501245
0.021584071
0.021634672
0.02160641
0.021582803
0.021498453
0.02164263
0.021615451
0.02140434
0.02169124
0.021541055
0.021559589
0.021593265
0.021679804
0.021616416
0.021763405
0.021781964
0.021881802
0.021820875
0.021855757
0.021744562
0.021749446
0.021696933
0.021854626
0.021761911
0.021767633
0.021592105
0.021516873
0.021619452
0.02156465
0.021583065
0.02155244
0.021445455
0.021498594
0.021474024
0.021520413
0.021644544
0.02148137
0.021497017
0.021589482
0.02152465
0.021495242
0.021501916
0.02143494
0.021454906
0.021429652
0.021498647
0.021524701
0.02156902
0.021564681
0.02152419
0.021587487
0.021573227
0.021507328
0.021560898
0.021623926
0.021569507
0.021578293
0.021626774
0.021524811
0.021478074
0.021673633
0.021542322
0.02160321
0.021663595
0.021489745
0.021549607
0.021507217
0.021662869
0.021720355
0.02150585
0.021526583
0.021654738
0.021701297
0.021537023
0.021540182
0.021515017
0.021579089
0.02152023
0.021558011
0.021535575
0.02158556
0.021623855
0.0216828
0.021495184
0.021666542
0.021567324
0.021680126
0.02144048
0.021745216
0.021690406
0.021617366
0.021580758
0.021663427
0.021547915
0.021391755
0.021490663
0.021436568
0.02145805
0.021570316
0.021586662
0.021565333
0.021460278
0.021484243
0.021542823
0.0215808
0.021599373
0.021481326
0.021464424
0.02160286
0.021579804
0.021574518
0.02160419
0.021488411
0.021490786
0.021431794
0.021434205
0.021420548
0.021514505
0.0214964
0.021465534
0.021389637
0.021393329
0.021267865
0.021360261
0.02137536
0.021526534
0.02143583
0.021489114
0.021561662
0.02160028
0.021511639
0.02161062
0.021516372
0.021486279
0.021494795
0.02149462
0.02159878
0.021525608
0.021488762
0.02161748
0.021457065
0.021531602
0.021506863
0.021554118
0.021537254
0.021429366
0.02152136
0.021523578
0.021523152
0.021471199
0.021354824
0.021540118
0.021385627
0.021417247
0.02148951
0.021371502
0.021345671
0.02139315
0.021629132
0.02143846
0.021438727
0.02156516
0.021400064
0.021647561
0.021620108
0.021589538
0.021674018
0.021670481
0.021465056
0.0214137
0.021493977
0.021545328
0.021405723
0.021523792
0.021567952
0.021504149
0.02147846
0.021562243
0.021405833
0.021439396
0.021509856
0.021554872
0.021593468
0.021530094
0.021629848
0.02151088
0.02173002
0.021572584
0.021601532
0.021610329
0.021687737
0.021554798
0.021554966
0.021632548
0.021674337
0.02157117
0.02155366
0.021555763
0.021646176
0.021693053
0.021663615
0.021729559
0.021627959
0.0215271
0.02152191
0.021620518
0.02154384
0.021609595
0.02163929
0.021635205
0.021536283
0.021579875
0.021560948
0.021436974
0.021411067
0.021513736
0.021496685
0.021467652
0.021592373
0.02146173
0.021453783
0.02141039
0.021355452
0.021374356
0.021542802
0.021526106
0.021390567
0.021479841
0.021591108
0.021605775
0.021472186
0.021548165
0.021556169
0.021430254
0.021508276
0.021666521
0.021581372
0.02134034
0.021380866
0.021465477
0.02151736
0.02149309
0.021567121
0.021535685
0.02140997
0.021519506
0.02158979
0.021593293
0.021566298
0.021518627
0.021420302
0.021542562
0.021467196
0.021307696
0.021451574
0.021457212
0.02156427
0.021553494
0.021456165
0.02144541
0.021516487
0.021502137
0.021397838
0.021666598
0.021460637
0.021517294
0.02150522
0.021588556
0.021593988
0.021490859
0.021665014
0.021421446
0.021516921
0.021548456
0.021687299
0.021661397
0.021603426
0.021622522
0.021712221
0.021497466
0.021516595
0.021550633
0.021685148
0.021547306
0.021542642
0.021510338
0.021440614
0.021435004
0.021552484
0.021572858
0.021512808
0.021628845
0.0216319
0.021647116
0.021534376
0.021759804
0.021768559
0.021564655
0.021655124
0.021469325
0.021515403
0.02157267
0.021550115
0.021566976
0.02160001
0.021430982
0.021603521
0.021600964
0.02159164
0.021317502
0.021528257
0.021525217
0.021754099
0.021504365
0.021540564
0.021652179
0.021611428
0.02167158
0.021604173
0.021586053
0.021721965
0.021472672
0.02150383
0.02154022
0.021448608
0.021590646
0.021690616
0.021449845
0.02157146
0.021727711
0.021586897
0.02169127
0.021560472
0.02150677
0.021645118
0.021579625
0.021549243
0.021483973
0.021443456
0.02156086
0.021862822
0.02169085
0.02162226
0.021658525
0.021448944
0.021578118
0.021481138
0.021694096
0.021711009
0.02166385
0.021675566
0.021565586
0.021596612
0.021626307
0.021544766
0.021526046
0.021636212
0.021670664
0.021590417
0.021697978
0.021633795
0.021587806
0.021666775
0.021667605
0.021545157
0.021569222
0.021664437
0.021700215
0.02170727
0.021737374
0.02172841
0.02181761
0.021924686
0.021962142
0.02174129
0.021644106
0.021680554
0.021714399
0.021762423
0.02178524
0.021637537
0.02157474
0.02162201
0.02156524
0.021661084
0.021638744
0.021637611
0.021499297
0.021570634
0.021446055
0.02167305
0.02140099
0.02155444
0.02145135
0.0215449
0.021507427
0.021536797
0.021503445
0.021524353
0.02144329
0.02146257
0.021645917
0.02165345
0.021544866
0.021483963
0.02151303
0.021418884
0.021560717
0.021419737
0.02162921
0.02155384
0.021455782
0.021463556
0.021668948
0.021493148
0.02150223
0.0214795
0.02156551
0.021471662
0.021431569
0.021492338
0.02139309
0.021380559
0.021358492
0.021457696
0.021430211
0.021454843
0.021384312
0.02153051
0.021547
0.02161435
0.021388441
0.02149662
0.021497719
0.021514552
0.021460569
0.021581272
0.021432998
0.021452602
0.021404415
0.021491352
0.02148107
0.02157069
0.021512879
0.021602422
0.021501841
0.021517247
0.021589871
0.021535274
0.021525225
0.021575127
0.021606885
0.021571983
0.021539971
0.021572202
0.021627996
0.021514574
0.021516785
0.021507852
0.021436255
0.021440947
0.021565095
0.021403834
0.021466222
0.021422306
0.021374036
0.021554042
0.021561822
0.02139721
0.02142528
0.02150073
0.02150984
0.021572154
0.021410186
0.021589939
0.021616893
0.02148518
0.021468705
0.021510085
0.021542152
0.021471938
0.021522174
0.021563567
0.021528225
0.02133807
0.02156713
0.021506712
0.02152221
0.021417694
0.021501504
0.021567475
0.02151633
0.021392843
0.02147561
0.021441234
0.021396948
0.021461159
0.021314252
0.021437056
0.021568224
0.021394642
0.021428773
0.021402929
0.02134526
0.02148462
0.021357657
0.021333417
0.021448646
0.02147966
0.02146108
0.021338353
0.021507518
0.021343196
0.021489011
0.021376189
0.021362603
0.02139615
0.0214242
0.021310622
0.021266313
0.021179598
0.021324607
0.02128542
0.021473845
0.021296626
0.021485033
0.021476531
0.021413213
0.021354713
0.021377485
0.021548307
0.021420658
0.021350231
0.021382712
0.021447454
0.021390662
0.021462696
0.021417463
0.021532508
0.021314234
0.021364067
0.021363374
0.021386098
0.02132057
0.02140817
0.021473767
0.021426382
0.021283023
0.02133438
0.02137071
0.021391414
0.021423865
0.021414062
0.021480676
0.021499865
0.021552237
0.02143019
0.021508476
0.021463972
0.021449609
0.021296443
0.021349462
0.021351004
0.021439688
0.021497767
0.021446656
0.021513991
0.021527808
0.021444684
0.021500966
0.021557277
0.02149502
0.02146279
0.02133472
0.021413112
0.02148363
0.021356178
0.021270456
0.021348102
0.021436267
0.021366153
0.021329679
0.021504587
0.021401983
0.021349566
0.021463346
0.021282095
0.02148279
0.021420252
0.021368
0.021385655
0.021320494
0.021357056
0.021321656
0.02133529
0.021375772
0.021398613
0.02127676
0.02140762
0.021294242
0.021337947
0.021480037
0.021358192
0.02139303
0.021421775
0.021510463
0.021447858
0.021312667
0.021387264
0.021337071
0.02137072
0.02144683
0.021444496
0.021425249
0.021309221
0.021312883
0.021484774
0.021399658
0.021272263
0.021425102
0.021409329
0.021299485
0.02152226
0.02131616
0.021575755
0.02147354
0.021486036
0.021422971
0.021446949
0.021414379
0.021485027
0.02141377
0.021430718
0.021338796
0.021463975
0.021607231
0.02144063
0.021366518
0.02141861
0.021303847
0.021372266
0.021423623
0.021455914
0.021503098
0.021358067
0.021401629
0.021530395
0.021595772
0.02142408
0.021482807
0.02142987
0.021504804
0.02151114
0.02146669
0.021228697
0.02131266
0.021332476
0.021431046
0.021471204
0.021407617
0.021372369
0.021286847
0.021410549
0.021492492
0.021365661
0.021339467
0.021260576
0.021296415
0.021345766
0.021373654
0.021222116
0.021296274
0.021310464
0.021465013
0.021445043
0.021547008
0.021473907
0.021548014
0.021407431
0.021429773
0.021377089
0.021327585
0.0213275
0.021277582
0.021419022
0.021525862
0.021416979
0.02158324
0.0212704
0.021474287
0.021277051
0.02142329
0.021484183
0.021314265
0.021285873
0.021423552
0.021382887
0.021515477
0.021423139
0.021493904
0.021485398
0.021627717
0.021397334
0.021670748
0.021358281
0.021455307
0.021253748
0.021260144
0.021438664
0.021305421
0.021405026
0.021453861
0.02140253
0.021441923
0.021381315
0.021481033
0.02140396
0.021436136
0.021502545
0.021483326
0.021489114
0.021483857
0.02147526
0.021437408
0.021358345
0.021429263
0.021474462
0.021602513
0.021491162
0.021427294
0.021380669
0.021353412
0.021314422
0.021405887
0.021368813
0.021388456
0.021379175
0.021406194
0.02136738
0.021403864
0.021561246
0.021337898
0.021442575
0.021454932
0.021509768
0.02159346
0.021426572
0.021395631
0.02125616
0.02135739
0.021417283
0.02149022
0.021317732
0.02142317
0.021385573
0.02135972
0.021399507
0.021387862
0.02144478
