===================== Time: [Thu Aug 11 05:21:50 2022] ========================
0.04085924
0.041745014
0.043731146
0.044038896
0.044099547
0.043690532
0.04461228
0.04431822
0.044003155
0.045027696
0.044310547
0.0424127
0.04194528
0.041151773
0.040874757
0.04129132
0.04115824
0.040481362
0.040462505
0.04040404
0.03987198
0.039928004
0.039373245
0.039199077
0.039280776
0.039238527
0.03897095
0.03938631
0.038723774
0.038290966
0.03892991
0.038186185
0.038924012
0.039588798
0.0395351
0.039379135
0.039223727
0.038177278
0.03848926
0.038295478
0.038442917
0.038663004
0.038119372
0.03875714
0.03860913
0.040065497
0.041330047
0.04087635
0.040572356
0.04128343
0.04249573
0.042053215
0.040904325
0.040604252
0.04093664
0.040879738
0.04134837
0.041182104
0.04121284
0.04109801
0.040739283
0.040023368
0.039893135
0.039574586
0.039610635
0.039239567
0.04014377
0.039943155
0.03922557
0.03962656
0.03948154
0.03925795
0.038822558
0.038761903
0.039305784
0.039496366
0.039305236
0.038975872
0.03898964
0.03918273
0.0391898
0.039280854
0.038390487
0.038363166
0.038203202
0.038313318
0.03835307
0.03901917
0.039077256
0.039561335
0.03883609
0.039427165
0.039082505
0.039803576
0.039256234
0.039147902
0.039343633
0.0395086
0.039552025
0.039438542
0.03935273
0.038514305
0.038065113
0.03754751
0.038346175
0.039453737
0.039341103
0.039318793
0.039232813
0.039124873
0.039618623
0.04118692
0.04147593
0.040800877
0.040846016
0.04169781
0.04139935
0.041390546
0.041178565
0.041047998
0.04024606
0.04032574
0.04054545
0.04097341
0.040374946
0.040839866
0.03989845
0.039729282
0.03982866
0.040298834
0.040267356
0.041004926
0.04029066
0.03949758
0.03975464
0.03908694
0.039551936
0.039433844
0.03902124
0.038827796
0.03861622
0.038958274
0.03880761
0.03843916
0.037897963
0.037609395
0.038030524
0.038845647
0.0391267
0.03864139
0.038298316
0.03848515
0.038783006
0.039299637
0.039329182
0.039080705
0.0391519
0.038789526
0.03838652
0.038690414
0.03870527
0.03899662
0.039684013
0.040330295
0.038868602
0.039218612
0.03906665
0.039472837
0.039312646
0.03862446
0.038744323
0.038355287
0.03880612
0.038453184
0.039535794
0.0408167
0.040641636
0.040567417
0.041106343
0.040556993
0.04111557
0.04096592
0.041520208
0.04183188
0.04170388
0.04229199
0.04229874
0.042032022
0.04221649
0.043044515
0.042925283
0.04271989
0.04188382
0.042255092
0.042157173
0.041444488
0.041869327
0.04113919
0.04158992
0.041059513
0.041099943
0.04133284
0.041011102
0.041036814
0.041001722
0.040744603
0.040709123
0.040307168
0.040570363
0.0409117
0.040810023
0.04036938
0.041104663
0.040841967
0.040759705
0.040562395
0.040728077
0.04029473
0.041194335
0.041317027
0.040866096
0.04087385
0.041559376
0.04080429
0.040441938
0.04052861
0.040015176
0.039893955
0.039792348
0.039987613
0.040104914
0.04009457
0.039432924
0.04014402
0.03959331
0.039818693
0.039179694
0.039486732
0.03969962
0.038920835
0.039438643
0.03920919
0.03859611
0.03903576
0.038635455
0.03936983
0.038623612
0.038869757
0.03860722
0.03811104
0.03853705
0.038485814
0.038892034
0.0383887
0.038060587
0.03796236
0.038468976
0.038413603
0.03864276
0.038596593
0.038537208
0.038643576
0.03877977
0.03894866
0.037878927
0.038441416
0.038438264
0.038226787
0.038899355
0.038955327
0.03947082
0.03956949
0.038693924
0.039215274
0.03902466
0.038720474
0.038315352
0.038586818
0.038911663
0.03876476
0.038697768
0.039016616
0.039439395
0.03913705
0.040101934
0.039086893
0.039533895
0.039799724
0.039782647
0.03984434
0.039809294
0.03972774
0.03950953
0.039229233
0.038913235
0.038836006
0.038396854
0.03878929
0.038705915
0.03859332
0.03852979
0.038610186
0.038901195
0.03839083
0.038757537
0.039264183
0.03882526
0.03911812
0.038613625
0.03883774
0.038501315
0.037993852
0.038357347
0.03844968
0.039347507
0.038694486
0.03855527
0.03909063
0.038780723
0.039626315
0.03995613
0.04063066
0.041366007
0.04129354
0.040260937
0.040140115
0.04006561
0.0397737
0.039297193
0.0393715
0.039307054
0.03898311
0.039034728
0.038861074
0.03897346
0.038587853
0.038459312
0.038079567
0.038195346
0.03844752
0.038174473
0.038406182
0.038712297
0.038061224
0.038212158
0.03782091
0.038062416
0.03784239
0.03755591
0.03752416
0.037794665
0.037976824
0.038021475
0.0380622
0.038068637
0.037909858
0.03809527
0.038160197
0.03798173
0.038073678
0.037927646
0.03767296
0.037981156
0.038123958
0.038323026
0.038346473
0.038436405
0.038449425
0.038825806
0.038850944
0.039081443
0.038664244
0.038815144
0.03892607
0.039178163
0.03918404
0.03876151
0.038359605
0.039084345
0.03892681
0.038254127
0.03830185
0.03870106
0.039192583
0.039352294
0.039567117
0.039735924
0.039519075
0.039611258
0.039285254
0.039803784
0.04000172
0.039863046
0.039288756
0.039439302
0.039493643
0.039375402
0.038936812
0.03854473
0.038969908
0.038803563
0.038503554
0.038634382
0.039470702
0.040217187
0.04154433
0.041471936
0.041915357
0.04207748
0.041639537
0.041378923
0.041132763
0.040662467
0.04059184
0.040958457
0.04242662
0.040781744
0.04033831
0.0395218
0.03952416
0.040567473
0.03913993
0.039993275
0.040051706
0.039693657
0.040173177
0.041300308
0.041338112
0.04166891
0.040378828
0.03979513
0.039956518
0.03910169
0.03962904
0.039450392
0.039032098
0.03820714
0.039091796
0.03949083
0.039658144
0.040006716
0.040224757
0.040810984
0.040127374
0.040723257
0.04044117
0.04043429
0.040337853
0.04050045
0.040527076
0.040280845
0.04008604
0.039888773
0.03987493
0.040252026
0.0398393
0.039766055
0.0402267
0.039793227
0.03999732
0.039750673
0.039699383
0.039759334
0.039455812
0.03943653
0.039691236
0.039763547
0.039854925
0.039527413
0.039532233
0.039767772
0.039433505
0.03927608
0.03913732
0.03939727
0.03919644
0.039653327
0.039833482
0.039278716
0.03980972
0.03903108
0.039182164
0.039645787
0.03933315
0.03949078
0.039320134
0.039377455
0.039615486
0.039066978
0.038954236
0.03942148
0.039425246
0.039103836
0.03894638
0.03906359
0.03900257
0.039169203
0.039249845
0.03883558
0.039064474
0.039112497
0.03870439
0.038924452
0.038873095
0.038639143
0.03875681
0.03888906
0.03843685
0.038551427
0.038453676
0.038359635
0.038904224
0.03831559
0.03812017
0.038486376
0.038267735
0.038279172
0.038606416
0.038430735
0.038444933
0.03836746
0.03804807
0.038376816
0.0389761
0.039109845
0.03927314
0.038856518
0.03846113
0.038374797
0.038468458
0.03819219
0.038193934
0.03807655
0.038461123
0.0384087
0.03853583
0.039100952
0.03857868
0.038455408
0.038620736
0.03857717
0.038387246
0.038687065
0.03845124
0.03818732
0.038246762
0.038545284
0.038251385
0.038247462
0.038393542
0.03810012
0.038236555
0.038272478
0.038328808
0.038109254
0.038305834
0.038150463
0.03824245
0.037989967
0.038425643
0.038199686
0.038168274
0.038064253
0.03779029
0.03808616
0.038363513
0.038207736
0.037839364
0.038140133
0.038007397
0.0387186
0.037958916
0.037998967
0.03829989
0.038339052
0.03818164
0.038071446
0.037979316
0.038012672
0.03821706
0.038426377
0.038361885
0.038595065
0.03831076
0.038344733
0.03827063
0.03812362
0.037669577
0.03785603
0.037850477
0.03808283
0.038211476
0.037812423
0.03836599
0.03846095
0.037920956
0.038240306
0.038007937
0.038458206
0.03777602
0.038181175
0.03823032
0.038116425
0.03815831
0.03801842
0.037797946
0.037889596
0.038201444
0.03780499
0.03797123
0.03818262
0.03777903
0.03794082
0.037973937
0.038161043
0.037669994
0.038065188
0.03803697
0.03837468
0.03789921
0.037982553
0.03789505
0.037777103
0.03780694
0.038125973
0.038023286
0.03807751
0.037714787
0.0378938
0.037931744
0.0381703
0.038127378
0.03794565
0.03803349
0.038440038
0.038023602
0.03788431
0.038078163
0.037875596
0.037846856
0.037914123
0.038084317
0.037748877
0.037831377
0.03817162
0.03805826
0.03833321
0.038052592
0.038044352
0.03800686
0.03801013
0.03815559
0.037877046
0.037854068
0.037883326
0.038226333
0.038172215
0.038472783
0.038153578
0.03805527
0.038104855
0.0389707
0.038642548
0.03911873
0.039247252
0.039471675
0.039964996
0.039546594
0.03930948
0.03941904
0.038531665
0.038342096
0.03840981
0.0382053
0.03811022
0.038230173
0.03800059
0.03835288
0.038673397
0.03861511
0.038682766
0.038335852
0.038781874
0.039162207
0.03898405
0.03837244
0.03824461
0.03868868
0.038488105
0.038236924
0.038166977
0.038322035
0.038472034
0.03856363
0.03876661
0.039012387
0.03844657
0.038913205
0.038746558
0.038523287
0.03842164
0.03851606
0.038363777
0.0378945
0.037986178
0.038498268
0.03820891
0.03820655
0.038248796
0.03813498
0.03816638
0.03807024
0.038493358
0.038830586
0.038219903
0.03812502
0.03807681
0.03778458
0.038101003
0.037973646
0.038242124
0.037733562
0.037923425
0.03797632
0.03791489
0.038091876
0.038482036
0.03816493
0.03823067
0.037970465
0.03824809
0.03826016
0.038209606
0.038159914
0.037625168
0.037677206
0.038177833
0.037923068
0.038271926
0.03846892
0.038032636
0.037913572
0.038360924
0.03798886
0.038415555
0.038750414
0.03797963
0.03811304
0.038053993
0.0380046
0.038053364
0.038435422
0.037829265
0.038363643
0.037560847
0.03765747
0.037998993
0.03784384
0.03806664
0.03793182
0.037925903
0.037656922
0.037567742
0.038283087
0.038011692
0.03834505
0.037970394
0.037843212
0.03791206
0.038302526
0.038024355
0.03819967
0.038279224
0.03828134
0.038585696
0.038411085
0.03869058
0.03871924
0.038954113
0.03868384
0.038941894
0.03848081
0.03835018
0.038820364
0.038235478
0.038151115
0.03807827
0.03838156
0.038080703
0.038268916
0.038338266
0.037679534
0.038395803
0.038086362
0.038471483
0.03823451
0.03857399
0.03826184
0.03786632
0.03780766
0.037873857
0.03789262
0.037950285
0.03775621
0.037739594
0.037997812
0.03775666
0.038097795
0.038117614
0.038029388
0.038182788
0.038041316
0.03801345
0.03798897
0.038010567
0.0380271
0.03769761
0.037887704
0.037929703
0.038145747
0.037940703
0.03841297
0.038376447
0.038550645
0.039036233
0.038222335
0.038556147
0.038592536
0.03790401
0.038398944
0.03811421
0.038727544
0.038863756
0.03909601
0.039227527
0.03924977
0.039071355
0.03922145
0.038574167
0.03914899
0.03929272
0.039034203
0.03923904
0.038912326
0.03939906
0.03928431
0.038851198
0.03929554
0.03879218
0.038821094
0.0387747
0.039132334
0.038822304
0.03867612
0.038970314
0.039432243
0.039662696
0.038963504
0.040099207
0.03959329
0.040136952
0.039305102
0.03869676
0.03914918
0.039461233
0.039482754
0.03987977
0.040085636
0.040721674
0.040765204
0.040799882
0.040802777
0.04092571
0.040287174
0.040271122
0.03982282
0.039798513
0.03911603
0.03915682
0.038867198
0.038706828
0.039177362
0.0385801
0.03937496
0.039008427
0.039662484
0.038872436
0.03954062
0.03944629
0.039347064
0.0396314
0.03907988
0.039380997
0.038834814
0.039062675
0.03943283
0.03893458
0.038893305
0.03925005
0.039302263
0.039249916
0.038994502
0.038594857
0.039052416
0.038993448
0.039084308
0.03929197
0.039160166
0.038987663
0.039353963
0.039351
0.03975653
0.03948495
0.039275963
0.038940433
0.03943535
0.038933188
0.038949944
0.038749713
0.038914397
0.038731363
0.038741667
0.03867114
0.038644087
0.03810906
0.03864929
0.039135046
0.038531993
0.038332086
0.03822692
0.038063463
0.03844923
0.038373638
0.038368035
0.038418908
0.038371917
0.03830197
0.038127787
0.03879142
0.03862939
0.03844263
0.038278747
0.038537458
0.0382638
0.038746387
0.03895684
0.03856207
0.038233366
0.038492166
0.038206533
0.038762406
0.03827625
0.038242515
0.03839998
0.03848558
0.038098074
0.038529854
0.037623383
0.03834483
0.03845893
0.038632076
0.038239934
0.03815981
0.03835242
0.03805448
0.03835084
0.038305704
0.03783413
0.038683996
0.038231667
0.03822764
0.038097784
0.03839178
0.03797013
0.03803241
0.038658336
0.038276754
0.03779681
0.038257483
0.038492378
0.038406793
0.037841514
0.038294405
0.038685378
0.038231898
0.038359333
0.038235415
0.037718013
0.038239308
0.03804509
0.03830828
0.038140204
0.038070533
0.03826736
0.03826166
0.038122337
0.038344514
0.037819277
0.037922826
0.038209997
0.03792736
0.03824412
0.038568553
0.038585957
0.038406413
0.03898069
0.03872437
0.03856036
0.038171217
0.038078696
0.038269736
0.038333885
0.037862223
0.0381564
0.03781374
0.03801338
0.037861597
0.03785523
0.037959103
0.038180638
0.038180742
0.038239654
0.03813758
0.038215265
0.038316775
0.037914168
0.038075585
0.038400035
0.037809126
0.03822797
0.03775837
0.038073428
0.03799338
0.03836709
0.038227387
0.037660446
0.038149413
0.038238335
0.038472924
0.037997168
0.03820605
0.03786866
0.037953716
0.038301025
0.038437497
0.03833945
0.03869133
0.037942864
0.03845359
0.03849482
0.03881894
0.038398284
0.038844135
0.038834024
0.03857883
0.039101716
0.038665924
0.03879634
0.038540106
0.03843944
0.038239405
0.038051505
0.038307328
0.038084302
0.03843451
0.03810262
0.038303442
0.038160566
0.038341127
0.038547102
0.038927145
0.03831778
0.03768218
0.03811018
0.038126584
0.03809733
0.03794238
0.037815217
0.038266566
0.038060635
0.038137287
0.03789104
0.038336948
0.03819349
0.03835355
0.038110267
0.038126417
0.03836184
0.038841195
0.038082793
0.03807369
0.038104787
0.038253862
0.038259674
0.038496297
0.038468283
0.038601283
0.03860228
0.03820963
0.037941642
0.038031057
0.037938636
0.038053736
0.03843706
0.038020063
0.037770063
0.0380804
0.038018625
0.03839863
0.0379948
0.038457192
0.03847315
0.037950255
0.03839214
0.037734818
0.03834924
0.038254973
0.038075514
0.037786804
0.038236525
0.037817203
0.038038947
0.038267422
0.03781935
0.03816554
0.038080025
0.038451087
0.03927564
0.039473385
0.039191104
0.03887005
0.039084185
0.038819388
0.03975354
0.039952792
0.039856665
0.040035084
0.039818306
0.03915517
0.038577598
0.039096326
0.038514562
0.038312975
0.039009295
0.038937863
0.0390109
0.039072182
0.03898647
0.03853969
0.03840903
0.038114365
0.038570315
0.03832124
0.038272057
0.03886227
0.038443074
0.038259473
0.038063902
0.038196974
0.038079638
0.038104564
0.03810951
0.03837605
0.038466193
0.03790776
0.03787617
0.038427863
0.038250063
0.038195536
0.038140308
0.038456887
0.03810251
0.037889816
0.037871968
0.03827024
0.037449665
0.038180187
0.038055424
0.037909523
0.037777893
0.03790821
0.037487477
0.03832244
0.03824449
0.0380164
0.038127553
0.038005587
0.03815475
0.03791005
0.037988078
0.03797926
0.038233712
0.03795332
0.037993845
0.037816335
0.037857044
0.037866723
0.03786407
0.03825234
0.03834472
0.03833858
0.038365334
0.037689563
0.038000014
0.037967436
0.038366456
0.038509037
0.038255587
0.03819095
0.03855513
0.037926573
0.03782741
0.03835818
0.037737492
0.037916634
0.038267214
0.038200658
0.03795122
0.03792694
0.03764339
0.037800003
0.037677873
0.0386634
0.03892528
0.0387796
0.038249772
0.038175832
0.038388323
0.038234107
0.038329493
0.038257346
0.038444653
0.03785672
0.03748636
0.037824098
0.037684914
0.03782641
0.037547078
0.037758663
0.037932597
0.03781608
0.03798517
0.03761137
0.037677992
0.037678983
0.037627414
0.037081324
0.037883747
0.037416287
0.03782214
0.037981417
0.038596645
0.038819164
0.03858794
0.038682703
0.038343083
0.038388748
0.038231034
0.03801202
0.038041934
0.03831208
0.038246103
0.037861686
0.03792787
0.037503377
0.03795739
0.037382536
0.037777293
0.0376496
0.037673086
0.03727607
0.037774134
0.0378549
0.037850734
0.037768535
0.037574295
0.038445782
0.03861772
0.038254272
0.038524054
0.03899041
0.038888354
0.039056495
0.03942854
0.039354887
0.039525885
0.040072814
0.040192995
0.040121127
0.040556185
0.04000718
0.04063734
0.04001127
0.04046705
0.039799478
0.039587047
0.039686292
0.03967243
0.039396163
0.038994003
0.038583472
0.038634818
0.038808137
0.03915836
0.039363585
0.039391544
0.039499942
0.039635677
0.039094154
0.039410792
0.039485272
0.039855286
0.03946448
0.03982992
0.040044826
0.0397455
0.03934175
0.039997946
0.03967399
0.038908374
0.039400782
0.03962883
0.03918033
0.038840245
0.039304037
0.03949906
0.038359445
0.03919347
0.039561395
0.039569024
0.039757103
0.03968413
0.039529413
0.03991673
0.03951356
0.04005843
0.0410744
0.041510317
0.04065022
0.04100521
0.041086707
0.040466797
0.040952764
0.040854797
0.041132502
0.040715914
0.04062698
0.040564336
0.040719155
0.0399036
0.04011338
0.039735302
0.039316226
0.039744433
0.039449923
0.03901637
0.038879406
0.03962684
0.03894477
0.038963113
0.03929753
0.03912384
0.038618747
0.03890905
0.038702093
0.038310118
0.03861473
0.038022853
0.038030893
0.03832988
0.038582858
0.03830653
0.038049094
0.03748792
0.03804464
0.03762824
0.037304584
0.037200373
0.037986472
0.037606794
0.03779406
0.037126724
0.038029358
0.037711613
0.037495635
0.037856843
0.03799949
0.03722496
0.03737056
0.037306678
0.037167575
0.037399724
0.03748285
0.037468173
0.03706105
0.037215367
0.03730508
0.037455615
0.037636943
0.037229624
0.037304606
0.037573647
0.036718044
0.03645142
0.037202504
0.037396487
0.03704882
0.03723863
0.03717672
0.037134226
0.036749568
0.037085384
0.03710387
0.036817856
0.037197765
0.037065905
0.037146315
0.037328452
0.037408616
0.037143268
0.037324797
0.037266128
0.037618734
0.037438422
0.03803714
0.03769367
0.037408303
0.037517898
0.037108097
0.037537385
0.037189275
0.036823817
0.03735382
0.03702078
0.036846854
0.036964547
0.03686635
0.036492668
0.036958892
0.036953177
0.037289716
0.037287716
0.037505947
0.037314504
0.037736084
0.03762297
0.037522014
0.037604548
0.037124548
0.03694367
0.037438795
0.037101127
0.037973713
0.037467454
0.037140768
0.037448876
0.037276722
0.037257727
0.037060324
0.036774658
0.036813833
0.037091423
0.036670845
0.0373023
0.03744705
0.03763733
0.03724971
0.037328724
0.037439127
0.03724422
0.037435077
0.03707364
0.037404705
0.03742573
0.037228785
0.037600566
0.037033815
0.036822535
0.037561733
0.0371444
0.03722101
0.03707464
0.037016362
0.03680467
0.036674477
0.03643896
0.036700867
0.036993455
0.036754355
0.037200615
0.037228364
0.037242956
0.037362028
0.037227537
0.037396368
0.037337836
0.037654456
0.03730252
0.037407234
0.037171096
0.03746586
0.037505165
0.037123855
0.037341136
0.037320625
0.037082177
0.037335485
0.036920216
0.037159953
0.0370258
0.03678511
0.03679894
0.036978982
0.037119765
0.036955923
0.037119824
0.03730663
0.03672749
0.037129946
0.037260827
0.036883626
0.036928043
0.03689583
0.036749605
0.03685399
0.03662482
0.036678486
0.03677983
0.0368774
0.036565997
0.03665915
0.036269933
0.037004486
0.036805294
0.036681287
0.036709398
0.036618896
0.03670184
0.036825508
0.036111288
0.036829036
0.036938023
0.03700831
0.036819536
0.037035853
0.036383368
0.037045915
0.037555188
0.03779307
0.038060915
0.038206153
0.038060036
0.037917458
0.037897993
0.037839334
0.0376072
0.0378665
0.03755986
0.037860014
0.037322737
0.038128488
0.03755638
0.038068727
0.038073733
0.03740453
0.037759148
0.037133116
0.03793339
0.037469707
0.03760772
0.038058713
0.03828437
0.03781865
0.03744961
0.037715632
0.03762277
0.03748408
0.037710313
0.037411243
0.037610848
0.03762489
0.03763951
0.038287543
0.037276547
0.037531752
0.037962798
0.03717447
0.037033193
0.03704529
0.037615128
0.037020843
0.03673582
0.037358638
0.03705679
0.03705799
0.036749154
0.036967248
0.03709499
0.03676666
0.036561396
0.03699458
0.037228223
0.036692675
0.03679181
0.03723767
0.037115708
0.0369967
0.037379
0.0373787
0.03664532
0.037488304
0.03766157
0.037185207
0.037426025
0.037167765
0.03741472
0.037876442
0.038384594
0.038170118
0.03775998
0.037414357
0.037134584
0.036922473
0.03702303
0.037104744
0.03747029
0.037032582
0.037459645
0.03739182
0.037693802
0.03772234
0.03720688
0.037470527
0.03749751
0.037612863
0.03825829
0.037673775
0.037467793
0.037568554
0.037693113
0.037573047
0.0375293
0.037490122
0.037303403
0.037776474
0.037217293
0.03691841
0.03702236
0.03723767
0.037063792
0.036954843
0.037162606
0.036702268
0.03724213
0.03719845
0.03691914
0.036904305
0.036605407
0.037096743
0.036907326
0.0370949
0.036822088
0.03693002
0.037186436
0.037088122
0.036960836
0.03667681
0.036973517
0.036732327
0.037009068
0.036962107
0.03699345
0.037094038
0.036775075
0.036803953
0.03693169
0.036546513
0.03712439
0.036991425
0.03686643
0.037013937
0.03677395
0.0371532
0.037232973
0.037337545
0.037533507
0.03766219
0.037310272
0.03696407
0.037088063
0.036828134
0.036874756
0.03703479
0.036747202
0.03655305
0.036883656
0.03683338
0.0372518
0.03711476
0.03657918
0.037044242
0.037029643
0.036612753
0.036780685
0.036824863
0.037219383
0.037156742
0.037033964
0.036347903
0.037223134
0.036623202
0.036295887
0.036268827
0.03666149
0.036679856
0.036885273
0.037038453
0.036969952
0.037180938
0.037062034
0.036957845
0.03702358
0.037134454
0.03679297
0.036833916
0.036606126
0.036867768
0.036812175
0.03687864
0.036551885
0.036817607
0.037042554
0.036600392
0.03623315
0.036715012
0.036806744
0.036233224
0.036976818
0.036696475
0.036523957
0.036538146
0.036824442
0.03661837
0.036784753
0.03668236
0.036646575
0.036786627
0.03705149
0.036740925
0.03734406
0.036896113
0.036823735
0.036291078
0.037102137
0.036719907
0.036865722
0.036915805
0.036533102
0.03718506
0.037205778
0.03698897
0.037629224
0.03775326
0.038754858
0.038703028
0.038619954
0.038828462
0.03933694
0.0390282
0.03915237
0.039783023
0.03972681
0.0402319
0.039860543
0.03919212
0.039197512
0.038446862
0.038475778
0.037670497
0.037627365
0.037905004
0.03776158
0.03743188
0.03753671
0.037944485
0.037839465
0.03788493
0.037953638
0.037990507
0.037733134
0.03744138
0.037070625
0.037555687
0.037206125
0.037778478
0.0375791
0.037835404
0.037695777
0.037799187
0.037811622
0.038433198
0.038527682
0.038173813
0.038589105
0.038444724
0.038185082
0.037680496
0.037914246
0.03798078
0.038013395
0.038328774
0.037983928
0.03840595
0.037971348
0.038273197
0.038402885
0.038478885
0.03866921
0.03843419
0.03815853
0.038297042
0.03793981
0.03824492
0.03755332
0.037303142
0.037311126
0.03790954
0.037422404
0.03768016
0.038177323
0.038084917
0.037717804
0.037697945
0.038022336
0.039351996
0.038516074
0.03872187
0.038391475
0.03822513
0.038504105
0.03818978
0.038159925
0.037807938
0.038082365
0.0378724
0.037842277
0.03798803
0.03775407
0.038214345
0.03771014
0.037286572
0.037192237
0.03722536
0.037067764
0.037655
0.03742286
0.037601665
0.03704118
0.037172254
0.03703659
0.03659104
0.036681756
0.036613062
0.036759928
0.03618083
0.036294423
0.036664203
0.036605146
0.0372323
0.037793778
0.037334193
0.037570454
0.03806906
0.03771848
0.037883546
0.03775225
0.038054835
0.03838321
0.03861041
0.038812257
0.03846926
0.038048793
0.0378577
0.037505988
0.037460234
0.03832858
0.038158394
0.03864244
0.038372543
0.03928744
0.039974242
0.04000234
0.03943273
0.03997784
0.039416928
0.03972176
0.040439073
0.040417675
0.040546477
0.040114794
0.039345987
0.038928412
0.038873438
0.038315754
0.03819168
0.03747554
0.03758385
0.038324382
0.03795323
0.037643123
0.03792938
0.037979506
0.038498715
0.037841823
0.037354548
0.0370734
0.03790218
0.03760175
0.037341636
0.036897533
0.037405565
0.037144918
0.037268966
0.037300326
0.037219357
0.03715702
0.037815306
0.03769226
0.03747389
0.03739675
0.037559193
0.037495647
0.036836233
0.03723088
0.036910504
0.03652149
0.03678563
0.037103828
0.036773738
0.036566384
0.03659262
0.03664667
0.036636624
0.036718987
0.036708437
0.036770854
0.037111778
0.03702969
0.037248723
0.037185103
0.037339572
0.037353657
0.037035916
0.037197128
0.037259262
0.03740836
0.036940712
0.036905337
0.037051335
0.037182827
0.037152622
0.03736125
0.036646407
0.036981948
0.036820743
0.037111755
0.036804847
0.036627587
0.036831196
0.037218295
0.036577497
0.03678767
0.03704207
0.037395064
0.03637975
0.03711219
0.03696262
0.03684146
0.036810495
0.03672197
0.036989845
0.037334938
0.037539978
0.037487667
0.037433464
0.037181746
0.036952186
0.036634844
0.03657252
0.036293976
0.03639883
0.036972288
0.03689812
0.037002724
0.036635615
0.03692856
0.037029468
0.036613725
0.03618355
0.03624792
0.035930436
0.035877753
0.035532795
0.036481556
0.03649425
0.036498167
0.036532532
0.036956687
0.03704336
0.037114717
0.037838016
0.03804818
0.037824847
0.037815064
0.037866578
0.03763811
0.03749862
0.037952933
0.03766784
0.03689709
0.037630614
0.037223373
0.036863957
0.037236128
0.03659019
0.036492128
0.0366007
0.036795046
0.03644983
0.03641369
0.036562823
0.036365733
0.036159683
0.03617529
0.03649312
0.037027728
0.037284914
0.037111513
0.03680677
0.036262814
0.036473878
0.036402494
0.03678781
0.036479365
0.036498137
0.037227158
0.03695429
0.036944903
0.03682457
0.03646281
0.036758415
0.036098987
0.03643655
0.036458585
0.03637414
0.0358799
0.035839807
0.03638939
0.03605025
0.036634598
0.036546897
0.036540154
0.036281835
0.036347885
0.036366597
0.036473706
0.036413137
0.0366359
0.03680173
0.037588038
0.037561353
0.03762464
0.037249662
0.036460225
0.036662333
0.036820523
0.036504455
0.036190536
0.036651496
0.036146622
0.03621871
0.03624503
0.036729943
0.03597006
0.036233015
0.036139324
0.036074266
0.036274444
0.03676637
0.036584385
0.036354084
0.036529195
0.03618135
0.03599489
0.03628302
0.036038987
0.03628602
0.036136255
0.035769887
0.03630476
0.03593817
0.036437407
0.0364761
0.03643997
0.036830682
0.03668587
0.036692344
0.037423026
0.037300076
0.03726004
0.037457768
0.03733368
0.037026685
0.03685667
0.03652031
0.036149234
0.03614673
0.036618426
0.036630593
0.036833536
0.03718862
0.037121452
0.03668643
0.036663376
0.03625477
0.03610063
0.035990838
0.03578664
0.03640541
0.036483616
0.03620105
0.036491834
0.036374416
0.03653614
0.037162617
0.03696445
0.03768632
0.037529614
0.03719474
0.03730794
0.037083354
0.03668822
0.037153505
0.036464296
0.03666245
0.036843706
0.036769945
0.036868893
0.037017547
0.036453698
0.036146488
0.03616705
0.035971925
0.036126975
0.036457825
0.036068887
0.035793874
0.035906103
0.03630919
0.035980422
0.035755165
0.036221102
0.036279246
0.03638169
0.036244623
0.036013145
0.035804946
0.03596513
0.03734315
0.03733579
0.03736418
0.038061183
0.037719324
0.03847999
0.03762018
0.037957814
0.037620243
0.037668858
0.037521556
0.038064785
0.037408132
0.036979835
0.036829848
0.03614687
0.03667791
0.03646141
0.035825733
0.03595009
0.036197823
0.03606637
0.035981644
0.03628643
0.03605818
0.036036026
0.035756916
0.035783418
0.036274243
0.036700934
0.036127117
0.036680344
0.036596008
0.03643833
0.03655042
0.0367819
0.036530953
0.036503915
0.035985626
0.036892705
0.03759924
0.037666064
0.037652813
0.037194986
0.037736762
0.03776505
0.03732895
0.036981877
0.03674932
0.036383312
0.03654287
0.035866924
0.03581614
0.035581484
0.035697307
0.035286535
0.035297666
0.03543803
0.03580101
0.035979893
0.03589987
0.035831198
0.035626765
0.03569317
0.036206808
0.035964984
0.036481585
0.03617766
0.03658141
0.03698013
0.037801
0.03819172
0.038576636
0.038570914
0.03821817
0.038655467
0.038650893
0.038585998
0.038454447
0.03854925
0.03733075
0.0374242
0.036779173
0.03737669
0.038128864
0.03745459
0.037307862
0.037142877
0.037401654
0.0370106
0.03656571
0.03637414
0.03627898
0.036101177
0.036562525
0.03606916
0.037089325
0.037088443
0.036958862
0.03688954
0.036890913
0.036839653
0.0361993
0.03598724
0.035518046
0.035218213
0.0354516
0.035548713
0.035392676
0.035806913
0.03543204
0.035401378
0.035706695
0.03560056
0.035693016
0.03562267
0.035675693
0.035225414
0.035227455
0.0355134
0.035666857
0.036406506
0.036720708
0.037147157
0.036500014
0.036470495
0.037029155
0.036996048
0.03641868
0.036522318
0.036535457
0.03702589
0.036982767
0.03725495
0.03765877
0.03831491
0.038510542
0.037727635
0.037374523
0.037267458
0.037109144
0.03678483
0.0367396
0.036261603
0.03596005
0.03581942
0.035675503
0.035253037
0.03560154
0.035812285
0.035494678
0.03501657
0.03517817
0.035551384
0.034949295
0.035158854
0.035439007
0.035534732
0.035632897
0.036001112
0.03593051
0.03617243
0.036673702
0.037259754
0.036783185
0.03725681
0.03712288
0.037007857
0.037101306
0.036477342
0.03613685
0.036251888
0.035128865
0.035149194
0.035497442
0.035830896
0.035727017
0.036233198
0.0365691
0.036584023
0.03717529
0.038173
0.038706034
0.037967715
0.03760688
0.036774598
0.03712364
0.037656657
0.037168536
0.037142433
0.03767546
0.038000435
0.038139265
0.038844846
0.03885059
0.03888717
0.039045107
0.03935833
0.03922791
0.03933312
0.039437097
0.039439414
0.04050121
0.040627547
0.040618323
0.040741965
0.03980547
0.039218985
0.038705967
0.038997874
0.03946167
0.040023837
0.040381208
0.040849283
0.040818058
0.041137055
0.041272376
0.040358156
0.040139906
0.03989692
0.039413676
0.038978536
0.0385552
0.038099576
0.037749134
0.037122015
0.03710391
0.035982046
0.035670627
0.035677236
0.035194665
0.03557384
0.03593418
0.035752006
0.035955835
0.036193248
0.035958752
0.03536446
0.03515108
0.035244282
0.035271347
0.034895454
0.034973767
0.035177678
0.03477239
0.03475841
0.034741323
0.034315556
0.034541562
0.034854222
0.03436949
0.03457593
0.03441439
0.03459239
0.033789545
0.03478494
0.034762308
0.03442995
0.034244593
0.034117013
0.03391665
0.033938084
0.03361582
0.034034584
0.03372063
0.03423235
0.034088135
0.034173563
0.03433311
0.0343164
0.034226142
0.034399528
0.03399989
0.034280706
0.034142036
0.034168396
0.034316152
0.03414651
0.034269534
0.034394674
0.034204327
0.034333244
0.034423083
0.034083568
0.034395203
0.034214474
0.03398139
0.033700824
0.033753417
0.034246422
0.033858024
0.034246787
0.034164354
0.033872414
0.033779964
0.03369648
0.033572517
0.034068458
0.03401477
0.034316327
0.034038223
0.03419415
0.034216743
0.034541745
0.034593023
0.03482319
0.034535624
0.034472547
0.0348044
0.034105614
0.033830114
0.03336569
0.033762988
0.034231313
0.03404205
0.034050558
0.03363174
0.034098603
0.034106992
0.034646284
0.034441464
0.034175113
0.034143183
0.03492214
0.034346994
0.034137204
0.033814695
0.033998538
0.033543907
0.03392179
0.033838347
0.033929177
0.03426569
0.03409311
0.034138735
0.033834785
0.03367318
0.033803556
0.03371133
0.033918295
0.03406889
0.033921342
0.03402747
0.033894215
0.034123134
0.034448266
0.034674473
0.035021808
0.03466868
0.034442857
0.034241416
0.034238435
0.034081202
0.034819916
0.035316307
0.03531692
0.035579033
0.035405636
0.035870414
0.036042318
0.035993878
0.03616075
0.035877515
0.035907708
0.03575055
0.03568683
0.035954114
0.035692014
0.0357805
0.035792634
0.035939474
0.03624167
0.03594285
0.035820745
0.035754792
0.035005976
0.035270058
0.03520152
0.03489361
0.03529512
0.03526183
0.034984015
0.035985786
0.035770964
0.035467554
0.03558933
0.035562105
0.035547048
0.03537797
0.034970514
0.034827374
0.035077795
0.03492566
0.035116255
0.034837272
0.03471025
0.03504446
0.034697864
0.034949135
0.0348734
0.035105042
0.03466618
0.03440352
0.034692965
0.034640446
0.034821615
0.034796447
0.03466375
0.034789667
0.034234155
0.03438378
0.034366425
0.03413098
0.03418018
0.03381953
0.03394311
0.034134522
0.034105312
0.033949226
0.033689458
0.034485955
0.03453905
0.034700125
0.03414611
0.03383202
0.034057077
0.03438901
0.03437184
0.034005377
0.033977624
0.033967927
0.033960234
0.03405211
0.033835616
0.033949945
0.034051154
0.033958763
0.034054227
0.033930477
0.03408429
0.033936836
0.034069777
0.034133554
0.03384836
0.033919454
0.033913877
0.033977024
0.033886503
0.034195043
0.033780534
0.034424856
0.034123678
0.034198117
0.033753533
0.03350845
0.034014672
0.03375119
0.03380175
0.03383627
0.033951923
0.03405836
0.034058966
0.03384889
0.034229074
0.03403006
0.033913717
0.034141157
0.0344887
0.034482576
0.03449836
0.03459988
0.03426218
0.034378063
0.034209132
0.033744097
0.033675216
0.03382174
0.033622082
0.03365962
0.03369247
0.0342093
0.03427915
0.033947993
0.0339529
0.03415491
0.034376957
0.0349458
0.035038482
0.034977954
0.035050258
0.035726015
0.035503935
0.035688974
0.036690585
0.0371322
0.037422556
0.036988325
0.03739387
0.037332777
0.037152268
0.037140597
0.037336923
0.037237696
0.037454717
0.03762694
0.03704359
0.0370485
0.037107933
0.036851097
0.03729794
0.037447207
0.037251946
0.03750303
0.037042804
0.037215814
0.037510537
0.036756717
0.036769535
0.03670785
0.036823366
0.036142357
0.036202647
0.036499303
0.036086567
0.03612629
0.036257334
0.03594018
0.035974544
0.035838448
0.0356253
0.03601997
0.035922367
0.036054797
0.035659067
0.035573278
0.035507116
0.035300545
0.0354204
0.035107717
0.035186857
0.035102587
0.0354181
0.035166703
0.03535638
0.035002034
0.03497111
0.035001036
0.0351767
0.0349904
0.03473885
0.034958817
0.03525606
0.03506067
0.035117026
0.03498454
0.035084583
0.035023317
0.03534809
0.03477906
0.035019543
0.035008643
0.034971334
0.03521732
0.03536565
0.03532293
0.035307553
0.035677265
0.0354596
0.035489466
0.03496241
0.035048123
0.034864508
0.034889914
0.034582045
0.03471549
0.034921706
0.03493322
0.034616448
0.034619153
0.035127446
0.03455712
0.034686837
0.03436498
0.03438891
0.03481324
0.03490356
0.034755222
0.035730895
0.03548632
0.035054557
0.034918025
0.03485865
0.034635093
0.034524772
0.034519043
0.034638297
0.034025345
0.03429588
0.034375515
0.034310397
0.03446416
0.03456693
0.034712262
0.03489647
0.034831077
0.03501111
0.03542357
0.03482055
0.03533276
0.03461251
0.034419887
0.034150667
0.03445363
0.034599137
0.034541845
0.034812257
0.0344842
0.03426235
0.03440804
0.03417911
0.03449168
0.03425228
0.034335192
0.03408007
0.034322113
0.03417303
0.03509962
0.035474762
0.03584122
0.035617307
0.035140872
0.034631155
0.03498168
0.034305096
0.034143314
0.034253705
0.033872154
0.034387577
0.034397498
0.03416726
0.034564745
0.034438133
0.034202505
0.03481437
0.03494662
0.03537093
0.03530402
0.035555944
0.03516667
0.03543363
0.03513659
0.035239484
0.035003
0.03492473
0.03471349
0.034602128
0.03487046
0.034470003
0.03455102
0.034609795
0.034531824
0.034635227
0.03458748
0.034173984
0.034042552
0.034337554
0.034383856
0.034266055
0.034318514
0.033754297
0.03405335
0.03411509
0.034125548
0.034065124
0.034480777
0.03446862
0.03394785
0.034087583
0.033749215
0.03402866
0.034416597
0.03395332
0.033817016
0.03445543
0.03393667
0.03420736
0.03376433
0.03392078
0.03367177
0.0341721
0.033831324
0.033733368
0.033635642
0.0340845
0.03392052
0.033878654
0.034024533
0.03401909
0.034366585
0.03402331
0.034029778
0.033802543
0.033651154
0.033495206
0.03363497
0.03409918
0.034379054
0.033838186
0.034012813
0.03426881
0.034032427
0.033806562
0.033938378
0.033774313
0.033781122
0.033813566
0.034118965
0.033654757
0.033630576
0.03416013
0.033625975
0.033553585
0.033853937
0.034288913
0.03408906
0.03415937
0.034493122
0.034531094
0.034979254
0.033904027
0.03396195
0.03426359
0.03393539
0.034654107
0.034538224
0.035424106
0.035158634
0.03544622
0.03555777
0.03575873
0.035498064
0.035472665
0.03552911
0.035406053
0.034979098
0.0349653
0.03489315
0.034309246
0.034673043
0.03441226
0.034412716
0.034799
0.034583166
0.03469027
0.033947732
0.03405672
0.03412377
0.034272727
0.034144983
0.033823512
0.033804152
0.034049895
0.033892505
0.033626623
0.033720743
0.033674736
0.034281146
0.03426916
0.033944406
0.03386409
0.03394135
0.034028385
0.034055226
0.03404522
0.03401874
0.0337606
0.033886425
0.034125797
0.034015317
0.033652622
0.034057587
0.034225278
0.033802297
0.033812866
0.033772636
0.034106467
0.034075107
0.03428139
0.03379128
0.034010384
0.03417709
0.03370576
0.034126792
0.033997383
0.034298476
0.034460627
0.034172785
0.034008883
0.034305114
0.034033746
0.03409985
0.03408858
0.0340149
0.03411284
0.033710193
0.034023516
0.033736534
0.033948213
0.0337104
0.033686504
0.03387557
0.03359002
0.033852883
0.033552144
0.033560615
0.03372587
0.03380053
0.03392748
0.033546265
0.033660736
0.033458617
0.033714615
0.034017935
0.03394208
0.03431275
0.034085054
0.034312885
0.034249764
0.034195755
0.034237497
0.034162723
0.034183145
