===================== Time: [Thu Aug 11 14:51:09 2022] ========================0.027064158
0.023099197
0.025175205
0.024419984
0.022917781
0.022860559
0.022718431
0.022257783
0.022058254
0.02219849
0.021848045
0.021168537
0.020235686
0.020006113
0.020278694
0.01957373
0.019824231
0.020227004
0.019651974
0.019825207
0.01926537
0.019562015
0.0198527
0.019547094
0.019049117
0.01892279
0.018745665
0.01880411
0.01826838
0.018436864
0.018820306
0.019035015
0.018800711
0.018812515
0.0186327
0.018140486
0.017985525
0.018608192
0.01856098
0.019820265
0.01888062
0.018449891
0.018437907
0.018621879
0.018346839
0.017962946
0.017773574
0.017370243
0.01740903
0.016991122
0.01723682
0.017143987
0.01713023
0.01716205
0.017255882
0.017408714
0.017224094
0.017380103
0.017252473
0.017439501
0.017642641
0.01771985
0.017859567
0.017798271
0.017575081
0.01744546
0.017670294
0.017475069
0.017199034
0.017285636
0.017084641
0.016966244
0.017017568
0.016853353
0.016836658
0.016760785
0.016789526
0.016741522
0.016741076
0.016627923
0.01661135
0.016489906
0.017007241
0.017043822
0.016926248
0.016818667
0.016975138
0.017000502
0.01683791
0.01661213
0.016886255
0.016936954
0.016752465
0.016626231
0.016584055
0.016584786
0.016230486
0.016370246
0.016338402
0.016075952
0.016265351
0.01634606
0.016515562
0.016527211
0.016381508
0.016458146
0.016320808
0.016298639
0.016303962
0.016138941
0.01603134
0.016126461
0.016192969
0.016241243
0.016367106
0.016151685
0.016236912
0.016158571
0.016134858
0.016049437
0.016107734
0.016274396
0.016343808
0.01640456
0.016448054
0.01611844
0.01607479
0.016208077
0.016395936
0.01596185
0.015913207
0.015888896
0.015974384
0.016116029
0.01599783
0.01583798
0.015960392
0.015966842
0.015913146
0.015850704
0.015760548
0.015721643
0.015740726
0.015619384
0.01574261
0.015879542
0.015871761
0.015792513
0.015827741
0.015610226
0.015542713
0.015381198
0.015413144
0.01535897
0.015216175
0.015160149
0.015244189
0.015175572
0.015210975
0.015279236
0.015253682
0.0152789205
0.015181905
0.015338233
0.015366625
0.015282618
0.015266907
0.015336147
0.015289796
0.01547344
0.015476382
0.015506204
0.0154136205
0.015423356
0.015627306
0.01556237
0.015689006
0.015674738
0.015496715
0.015488475
0.015482714
0.015459068
0.015408688
0.015232282
0.015294807
0.015225953
0.015309049
0.015327467
0.015265142
0.015410348
0.015249194
0.015163554
0.015215763
0.01525119
0.0155396685
0.015558912
0.0154666575
0.015287347
0.015002618
0.014997604
0.015409081
0.015391246
0.015291127
0.015302989
0.01547203
0.01538743
0.015315843
0.015317856
0.015454542
0.015245407
0.015271273
0.015160314
0.015211078
0.0152891725
0.015290489
0.015232246
0.015100526
0.015050261
0.015055461
0.014912908
0.014916041
0.014793464
0.014730829
0.014701338
0.014908563
0.014914466
0.014701946
0.014823392
0.014912493
0.015021691
0.014938908
0.014900125
0.0149109475
0.014893554
0.014721066
0.014699196
0.014562122
0.014769909
0.014977749
0.015264619
0.015036554
0.014885629
0.014640777
0.014571889
0.014506303
0.014306159
0.014247666
0.0145451715
0.014506103
0.014595297
0.0144801065
0.0145528
0.014352708
0.014819317
0.014621657
0.014535951
0.014345528
0.014323043
0.01437948
0.014577961
0.014401758
0.014461389
0.0146132475
0.014487913
0.0143106375
0.014522764
0.014580516
0.014685797
0.014567001
0.01460763
0.014532708
0.01449568
0.014685606
0.014653922
0.014613144
0.014614
0.014629621
0.014524568
0.014364825
0.0144530665
0.014448908
0.014336424
0.0142836515
0.014426264
0.014288249
0.014370923
0.014286403
0.014209231
0.014098773
0.014233816
0.014102746
0.014235203
0.014078392
0.014055265
0.014149847
0.014205059
0.01411515
0.014192777
0.014059412
0.014073196
0.014141772
0.0140624335
0.014176588
0.013964913
0.014038731
0.014054226
0.014077203
0.014162012
0.014384775
0.014058885
0.014048265
0.013982306
0.013923002
0.013914351
0.013899418
0.013947812
0.014074976
0.013968418
0.014014347
0.013868687
0.013861445
0.014103912
0.013956852
0.013877912
0.013898133
0.013804085
0.014018347
0.013907665
0.013887545
0.014115543
0.014195214
0.014230168
0.014161478
0.014120047
0.014122936
0.01402937
0.014172199
0.014164135
0.014285668
0.014471837
0.014554714
0.014525232
0.014600203
0.014543673
0.01443124
0.014171931
0.014197615
0.014436049
0.014408424
0.014357185
0.014184953
0.014138181
0.014189807
0.01401183
0.01413281
0.014222348
0.014377459
0.014769144
0.014809222
0.01475551
0.014464308
0.014470107
0.014481846
0.014441059
0.014367015
0.014126009
0.014138011
0.013946252
0.01399315
0.013936324
0.013817335
0.013880712
0.013752267
0.013836771
0.013835451
0.013752298
0.013759692
0.0138338655
0.013910423
0.013927031
0.013822065
0.013707626
0.013622978
0.01373213
0.013664085
0.013768577
0.013660467
0.013790282
0.013559441
0.013586309
0.013626032
0.013734452
0.01376957
0.013725628
0.013612405
0.013705779
0.0135965375
0.013642016
0.013565519
0.013552428
0.013553755
0.013662901
0.0136603
0.01367862
0.013576282
0.013636426
0.013676575
0.0137068555
0.0137603115
0.013570828
0.013653215
0.01359006
0.013644747
0.013670059
0.013589753
0.013538486
0.013534473
0.0137029635
0.01361591
0.013493477
0.013692998
0.0139190825
0.013855419
0.0136620635
0.013775171
0.01400985
0.014164348
0.014095118
0.013911317
0.013931595
0.013875374
0.013797009
0.013713288
0.013736539
0.0135748945
0.013799181
0.013666015
0.013725565
0.013704686
0.01364258
0.013587182
0.013321704
0.013327014
0.013368222
0.013480103
0.013454583
0.013431168
0.013403684
0.013326632
0.013391895
0.013544272
0.013590496
0.013725746
0.013571661
0.013591056
0.013674689
0.013579226
0.013615371
0.013635884
0.013786782
0.013720649
0.0137241855
0.013756299
0.0138079375
0.013931781
0.013878845
0.01373147
0.013553326
0.0135787735
0.013637358
0.013447489
0.013587036
0.013704686
0.013715689
0.013511175
0.013636061
0.013429003
0.013530778
0.013513353
0.013424735
0.013539417
0.013602082
0.013708479
0.013520403
0.013525187
0.013455503
0.013550257
0.01357154
0.013654202
0.013652962
0.013581
0.01349547
0.01358152
0.013502147
0.013592439
0.013450537
0.013428309
0.013381873
0.013316335
0.013408998
0.013493557
0.013601742
0.013491084
0.01360912
0.013697971
0.013502704
0.013421602
0.013366001
0.013295504
0.013505827
0.013514588
0.013514255
0.013474399
0.013502412
0.013433326
0.013512665
0.013424689
0.013372312
0.013381047
0.013432809
0.013220798
0.013328249
0.01339746
0.013461107
0.013546559
0.013542518
0.013425462
0.013673167
0.013784528
0.013825579
0.013699955
0.013767174
0.013781604
0.0137867695
0.013718594
0.013699778
0.013514941
0.013630889
0.013500566
0.013300378
0.013332423
0.013426547
0.01342969
0.013411443
0.013309989
0.013166318
0.013224729
0.013391773
0.013295617
0.013322042
0.0132122785
0.0132170925
0.013146314
0.013225936
0.013082761
0.01316821
0.013111155
0.0131563945
0.0131739825
0.01328065
0.013280371
0.013278062
0.013272951
0.013253958
0.013069614
0.013201702
0.013083921
0.013364267
0.013291067
0.013200744
0.013165017
0.013084717
0.012983059
0.013234712
0.013229937
0.013410606
0.013325298
0.013398055
0.01322771
0.013175446
0.013207931
0.013277852
0.013193556
0.013148697
0.013304987
0.0133420015
0.013441899
0.013449386
0.013280345
0.013207112
0.013252947
0.013420685
0.013358785
0.0133815
0.013257349
0.013374987
0.013291594
0.013403516
0.013353514
0.013421381
0.013383309
0.013230257
0.013313925
0.013279174
0.013224145
0.013254114
0.013481765
0.013553096
0.0134986825
0.013521719
0.013417002
0.013330391
0.013204001
0.013149898
0.013067528
0.013160302
0.0132208755
0.013296478
0.013152392
0.013128775
0.013216899
0.013192122
0.013338615
0.013163237
0.013245277
0.0133875385
0.013399145
0.01319924
0.013269872
0.0132086035
0.013436947
0.013320694
0.01336477
0.013184149
0.013166766
0.01333433
0.013456428
0.013521643
0.013516659
0.013333466
0.0132042775
0.0133524155
0.013276689
0.013439404
0.013505783
0.013299854
0.013260552
0.013325098
0.013265414
0.01331759
0.013289145
0.013294141
0.013272848
0.0132765025
0.013294377
0.013184258
0.013197669
0.013209884
0.013194422
0.013258061
0.013153019
0.013163224
0.013079534
0.013068772
0.013004018
0.0131387105
0.0131803285
0.01314261
0.013126541
0.013035453
0.013032529
0.012958861
0.0129082445
0.0130687365
0.013038417
0.0130554065
0.013013543
0.0129602635
0.0131483665
0.013170847
0.013106456
0.01310822
0.013099204
0.013081723
0.01309125
0.01289908
0.01296734
0.013029135
0.012949885
0.013037807
0.013029137
0.013058067
0.013123112
0.012944261
0.013121427
0.013067116
0.013154957
0.01312555
0.013086795
0.013200141
0.013041787
0.013076181
0.013007861
0.012871408
0.012915427
0.012982264
0.012978398
0.013050566
0.013023756
0.012917532
0.013107165
0.012894617
0.012789741
0.012878716
0.012937806
0.012942881
0.012901294
0.012879317
0.01281283
0.012800833
0.0127818
0.0127629675
0.012992248
0.0127596045
0.0128292525
0.01289391
0.012959881
0.012883234
0.012944254
0.012884299
0.0129607115
0.012753106
0.012838011
0.012765285
0.0127469
0.012894301
0.012863181
0.012923331
0.012856914
0.012680712
0.012768279
0.012818947
0.012801101
0.012770445
0.012901161
0.01288506
0.012886209
0.012956018
0.012953605
0.012898073
0.013030482
0.012989238
0.012907591
0.012953175
0.012876347
0.012993788
0.012970719
0.013090397
0.012918594
0.012992769
0.012983402
0.013086815
0.013134933
0.012928117
0.012923744
0.012901394
0.012936347
0.012763167
0.01284574
0.012753294
0.012951323
0.013045475
0.012978487
0.012927467
0.012944486
0.012915613
0.012909846
0.012967881
0.012862911
0.012835993
0.012859989
0.012852389
0.012915856
0.012962253
0.012973152
0.012712879
0.012825465
0.012754213
0.012685863
0.012717011
0.01281842
0.012788686
0.012805812
0.0127293775
0.012901777
0.012714389
0.012767351
0.0128417425
0.012876587
0.01281704
0.01272067
0.012711168
0.012829796
0.012652539
0.012877319
0.012827593
0.01294402
0.012911816
0.01292095
0.012883822
0.012926541
0.012718087
0.01275626
0.012668182
0.012747247
0.012771684
0.0127403205
0.01278001
0.012691488
0.012752355
0.012862744
0.012855384
0.012917116
0.012934679
0.012847043
0.012710207
0.012630865
0.01275441
0.012662963
0.012803883
0.012708154
0.012639486
0.012698169
0.012670516
0.012762748
0.012796564
0.012650228
0.0125730205
0.012681438
0.012636916
0.012770459
0.012829712
0.012950981
0.012898686
0.012897158
0.012855851
0.012765561
0.012771893
0.012903504
0.012929006
0.012990166
0.012752451
0.012797118
0.012791766
0.012797212
0.012670607
0.012759446
0.01281106
0.012865854
0.01281267
0.012683114
0.012730719
0.012735127
0.012669083
0.01255167
0.012585802
0.012727956
0.012800076
0.012659028
0.012707157
0.012560466
0.012654794
0.012744531
0.012687058
0.012563661
0.012585646
0.01256305
0.01260134
0.012552252
0.012573631
0.012618529
0.012576235
0.012678953
0.012733669
0.012655388
0.012693561
0.012641939
0.012725369
0.012628298
0.01261011
0.0125910295
0.012735139
0.012716184
0.012563577
0.0125648
0.012538203
0.012630781
0.012680176
0.012640123
0.012630911
0.012658017
0.012536673
0.012603582
0.0125745
0.012553537
0.012446251
0.012548062
0.012579071
0.012551158
0.01254383
0.012659761
0.012598247
0.012533626
0.012475171
0.012520891
0.012615801
0.012547498
0.012632485
0.012619991
0.012534619
0.0126197245
0.012652703
0.012649716
0.012552832
0.012578896
0.012587088
0.012661951
0.01271153
0.012660752
0.012603693
0.01278023
0.01274077
0.012632098
0.012655831
0.012647236
0.012634314
0.01264036
0.012544044
0.012568043
0.012604646
0.01250671
0.012652491
0.01256138
0.012742252
0.012785113
0.012549311
0.012491237
0.012589598
0.012564295
0.01264971
0.012593663
0.0124504855
0.01258832
0.012623082
0.01261948
0.012604835
0.012469765
0.012648066
0.012557162
0.01256892
0.012638953
0.012667541
0.012760117
0.012651772
0.012576471
0.012680023
0.012495785
0.012422505
0.012627769
0.012666439
0.012655037
0.012539778
0.012756668
0.012590296
0.012565956
0.012565977
0.012539784
0.012502969
0.012607039
0.0126163615
0.012616246
0.012638029
0.01256085
0.0126096895
0.01267803
0.012737639
0.0127390325
0.012608438
0.012608254
0.01267734
0.012708144
0.012643107
0.01273916
0.012670912
0.012688898
0.012541598
0.01262185
0.012747497
0.012784116
0.012683952
0.0127060795
0.012706701
0.012793749
0.0127741685
0.012653076
0.0125650475
0.012535586
0.012654206
0.012634897
0.012486685
0.01261764
0.0126795955
0.012701039
0.01269393
0.0126640685
0.012651619
0.01274171
0.012716166
0.012570681
0.0128495805
0.012745247
0.012641814
0.012610714
0.012587948
0.01257492
0.012721013
0.012504348
0.012635296
0.012663155
0.012494763
0.012526248
0.012568338
0.012600307
0.012502456
0.012628749
0.012652481
0.012525525
0.012559633
0.012425334
0.012330102
0.012333431
0.012509093
0.012632349
0.012555258
0.012656699
0.012501221
0.012508399
0.01239553
0.012526424
0.0125445435
0.012556263
0.012681384
0.012577331
0.012621739
0.012450896
0.012443007
0.012543028
0.012437278
0.012399388
0.012354155
0.012401888
0.012461158
0.012457489
0.012577013
0.012511538
0.012498391
0.012490332
0.012464796
0.012634403
0.012403743
0.012434605
0.0125423325
0.012458857
0.012577063
0.012529954
0.012391493
0.012421068
0.012449186
0.012287166
0.012682552
0.012494641
0.0124050705
0.012485836
0.012593407
0.012554529
0.01267195
0.012404764
0.012582512
0.012472904
0.012495444
0.0126181
0.012754523
0.012805307
0.012746549
0.012743868
0.012653078
0.0125579415
0.01236989
0.012436748
0.012432303
0.012476848
0.012537042
0.012520678
0.012504594
0.012538002
0.012501612
0.012500733
0.012463326
0.0124328425
0.01260423
0.012532523
0.012505617
0.012384832
0.012454667
0.012548483
0.012515981
0.012463336
0.01253611
0.012571806
0.01257125
0.012638428
0.012673911
0.01249399
0.012505143
0.012397723
0.012394395
0.012491729
0.012363249
0.012443641
0.012354945
0.012298852
0.012425171
0.012528883
0.01270908
0.012597239
0.012575247
0.012531426
0.012562626
0.012488577
0.012518291
0.012454027
0.012516112
0.012470252
0.012436412
0.012396728
0.012425157
0.012456138
0.012390576
0.01241693
0.012573382
0.012626672
0.012467689
0.012413984
0.012350187
0.0123937195
0.012550752
0.012445158
0.012342619
0.012376271
0.012438949
0.012468164
0.012454541
0.012396235
0.012273298
0.012367772
0.012377795
0.0122581115
0.012326111
0.0124830175
0.012280603
0.012327918
0.012433369
0.012442394
0.012505647
0.0123885
0.012419324
0.012282976
0.012356491
0.012331788
0.012296303
0.012185949
0.012385616
0.012403399
0.012304746
0.012350158
0.012394606
0.012432725
0.012251636
0.012352181
0.012316562
0.012362646
0.012354814
0.012279466
0.012278639
0.012239101
0.012379031
0.012358677
0.012333127
0.012296894
0.0122447135
0.012333103
0.012307835
0.01235026
0.012278641
0.012188059
0.012268336
0.012480295
0.012429577
0.012243316
0.012269245
0.0124017745
0.012384771
0.012286138
0.012425298
0.012323836
0.012377276
0.012406545
0.012404709
0.0123711815
0.012382746
0.012257028
0.012266274
0.012251306
0.012430734
0.01242254
0.01234664
0.012364167
0.012366196
0.01249216
0.012356409
0.012365337
0.012421018
0.0123817995
0.012389148
0.012408607
0.012337067
0.0122703845
0.01230701
0.012318453
0.012301579
0.012354347
0.012359366
0.012268755
0.012275436
0.012288219
0.012216945
0.012263925
0.012255668
0.012175271
0.012208215
0.012242317
0.012239657
0.0123334015
0.012276036
0.0121902535
0.012151428
0.012288428
0.012338789
0.0121944705
0.012227151
0.01227803
0.012179672
0.012265463
0.01230107
0.012250314
0.012257215
0.012318279
0.012150531
0.01223231
0.01233918
0.012243104
0.012266341
0.012275099
0.0122567285
0.012342402
0.012242276
0.012202527
0.012300935
0.012158128
0.01221202
0.0121937515
0.012267244
0.012204591
0.012234338
0.012234486
0.012281561
0.0122223
0.012267884
0.012379407
0.012249394
0.012268354
0.012152632
0.012252078
0.0123031465
0.012293274
0.012317601
0.012297052
0.012268305
0.012245759
0.012193402
0.012379464
0.0121969655
0.012244291
0.0120516885
0.012324876
0.012269948
0.012293278
0.012166495
0.012300039
0.012245131
0.012225632
0.012190082
0.012161055
0.0122398855
0.012165763
0.012043098
0.012146523
0.012183437
0.012189707
0.012146237
0.012173105
0.0122291455
0.012246468
0.012107767
0.012246007
0.012255624
0.012261222
0.012157377
0.012139238
0.012213451
0.01218476
0.012134585
0.012236971
0.012267333
0.0121146785
0.012106451
0.0120187625
0.0121043725
0.01208235
0.012053939
0.012053968
0.012149313
0.012111876
0.012126717
0.012189393
0.012156892
0.012092506
0.012139518
0.012093917
0.012089169
0.012068219
0.012178969
0.012135556
0.012095869
0.012106567
0.012234308
0.012277571
0.012267562
0.01227038
0.012300116
0.012230125
0.012303758
0.012253605
0.012256325
0.012262344
0.01222456
0.0121706845
0.01218586
0.012182998
0.012128524
0.012188661
0.012149919
0.012153875
0.012117389
0.012151051
0.012243088
0.012249938
0.012231405
0.012165292
0.012065995
0.0122061735
0.012121229
0.012075708
0.012073229
0.012051289
0.011961498
0.012096821
0.012146347
0.012016904
0.012189234
0.012238821
0.012042129
0.01201314
0.012045229
0.011992493
0.012020671
0.012114154
0.012273888
0.012195866
0.012194807
0.012149563
0.012266499
0.012232801
0.012122809
0.012201344
0.012148027
0.012288629
0.012236713
0.012222836
0.012213803
0.0122418115
0.012167343
0.0122328885
0.012113715
0.012234028
0.012172559
0.012206905
0.012139241
0.012211906
0.012263977
0.012400455
0.012279191
0.012237329
0.012110709
0.0122316005
0.012218033
0.012275674
0.012227314
0.012212691
0.01224025
0.012227689
0.012250194
0.012300284
0.012095492
0.012119894
0.012151518
0.0120756375
0.012078532
0.012213797
0.012159823
0.012139832
0.012135051
0.012220092
0.012160173
0.012020461
0.012181112
0.012208538
0.012201841
0.012275444
0.012253656
0.012229293
0.0123286415
0.012198258
0.012123923
0.012224064
0.012135568
0.012334898
0.012166169
0.012103757
0.012061574
0.012186778
0.012151546
0.012017686
0.012043819
0.012126661
0.012222461
0.0122330105
0.012163443
0.012017912
0.012132415
0.012067487
0.012267743
0.012115105
0.012281974
0.012152315
0.012223566
0.0122294845
0.012305773
0.0120659
0.0120641785
0.012068689
0.012138792
0.012125488
0.012226022
0.012076285
0.012181284
0.012149442
0.012138396
0.012003695
0.012103611
0.012313581
0.012170697
0.01218146
0.012150636
0.012166451
0.012158406
0.012204257
0.012219239
0.012154072
0.012155392
0.012139697
0.012181533
0.0121348575
0.01217463
0.0121324025
0.012093647
0.012313725
0.012207453
0.012183445
0.012057592
0.012148159
0.012177516
0.012208888
0.012144588
0.01222489
0.012129612
0.012054353
0.012164156
0.012221
0.012137988
0.012082685
0.01210477
0.012089443
0.012059716
0.012123647
0.01209186
0.012077588
0.012149528
0.012182265
0.012009304
0.012137117
0.012136041
0.012108277
0.01206463
0.012148809
0.012157234
0.012089794
0.012112249
0.012171931
0.01218477
0.012191596
0.012152032
0.012181339
0.012075416
0.012102144
0.012123795
0.012101832
0.012187363
0.012121847
0.012052834
0.012137246
0.012161185
0.012054344
0.012151587
0.012109423
0.012006798
0.012070152
0.012159354
0.01209006
0.012275103
0.012227719
0.012457407
0.012282287
0.012379951
0.012315723
0.012206019
0.012154586
0.012344494
0.012307759
0.012287967
0.01209781
0.012167955
0.012060356
0.012115517
0.011943768
0.012053629
0.012148976
0.012099984
0.012044635
0.012122662
0.012143517
0.012080537
0.011962789
0.011995376
0.012128413
0.0121368505
0.012050577
0.012198573
0.012153828
0.012148309
0.01199987
0.011986803
0.011959778
0.012115944
0.0120635815
0.012198156
0.01212376
0.012026547
0.011975938
0.012036547
0.012034014
0.012084147
0.012237367
0.01207196
0.012096163
0.012133982
0.012189203
0.012143354
0.012012276
0.0120273335
0.012254242
0.012114993
0.012068181
0.012110773
0.012249536
0.012102944
0.0121627515
0.01212205
0.012197516
0.012206068
0.012203521
0.012282656
0.012148029
0.012155013
0.012129957
0.012203977
0.012134983
0.012121225
0.012192622
0.012024591
0.012089695
0.012008262
0.012148488
0.012132609
0.012176591
0.012037117
0.012126885
0.012147766
0.011952695
0.012144188
0.012209452
0.012191948
0.012051776
0.012021646
0.01196222
0.011992286
0.012083909
0.012138517
0.01199948
0.011990033
0.01201532
0.012031861
0.011887564
0.012038904
0.012050007
0.012078146
0.012006051
0.012059665
0.012112803
0.012179068
0.012141887
0.012101516
0.012050253
0.0120917065
0.012159149
0.012029791
0.01216326
0.012136375
0.012177747
0.011962631
0.012140678
0.012084674
0.011968915
0.012012975
0.012124938
0.0121096615
0.012100012
0.0120562995
0.012058354
0.01205709
0.011881175
0.011910052
0.012076395
0.011977992
0.011976143
0.011970476
0.01197641
0.011974459
0.0120915985
0.012035068
0.012041475
0.012067021
0.012080813
0.012014965
0.012026817
0.012092472
0.012154335
0.012120181
0.012180939
0.012174283
0.012127237
0.012223318
0.012131836
0.012078629
0.012121773
0.012018368
0.012013326
0.012030457
0.01203828
0.012148325
0.012047735
0.012009697
0.011949979
0.011907729
0.011959499
0.012006466
0.01204546
0.012019104
0.011983219
0.011971671
0.011976541
0.011936769
0.011926701
0.011888812
0.012069039
0.012088272
0.011985619
0.011987468
0.012083686
0.012050083
0.011871571
0.011968442
0.011990911
0.011947433
0.011978867
0.012031735
0.0121528
0.012061092
0.011934781
0.012015722
0.011925644
0.011967124
0.011918208
0.01192083
0.012025493
0.012075865
0.012044611
0.012063311
0.012033146
0.011859219
0.0120880185
0.012106882
0.012058547
0.011897734
0.012033209
0.011905265
0.011937571
0.011931375
0.012001841
0.011946731
0.011977784
0.011935155
0.011935293
0.012022995
0.012040888
0.011997455
0.012035071
0.012039715
0.011972706
0.012012854
0.011927888
0.012072383
0.012047643
0.011937018
0.011986556
0.011974658
0.011942198
0.0120472815
0.012047631
0.012012895
0.011944621
0.011951208
0.012028526
0.012006265
0.01190066
0.011951092
0.012080154
0.011965108
0.012034769
0.011966424
0.011874591
0.011865412
0.011937685
0.011995893
0.011899874
0.011980375
0.012081117
0.011911206
0.011959282
0.011921579
0.011962898
0.011980004
0.0120715145
0.012037506
0.01208076
0.012047171
0.012069946
0.012009657
0.012040317
0.012032511
0.012008102
0.011945252
0.011985498
0.011961048
0.011833143
0.011905836
0.011851781
0.012054529
0.012011061
0.012050648
0.01196464
0.011992912
0.011973344
0.012085923
0.012134588
0.012013913
0.012108202
0.012058156
0.01204964
0.012110654
0.012066623
0.01204804
0.011961108
0.011849517
0.011934529
0.011966052
0.012000183
0.011994444
0.012052523
0.011832177
0.011884319
0.012005459
0.011867222
0.011785334
0.011807323
0.011891212
0.01186293
0.011900586
0.011918303
0.011935147
0.011889391
0.012036164
0.011944136
0.011947104
0.011782947
0.011777822
0.011914665
0.011822516
0.011891528
0.011967088
0.01206485
0.011994317
0.0120133385
0.011994421
0.012078601
0.011937851
0.011979644
0.012002389
0.011922724
0.012015103
0.011949067
0.011829341
0.011987428
0.011995985
0.011907663
0.011907495
0.012060228
0.012118364
0.012024581
0.011977043
0.011844661
0.011963894
0.0120707145
0.012046824
0.012088191
0.012046213
0.012139176
0.011992648
0.0119798705
0.011930422
0.012014093
0.0120310495
0.012018826
0.011967937
0.012028984
0.012179145
0.012246326
0.0121374875
0.012168104
0.012001107
0.011994059
0.011907611
0.01200426
0.012092646
0.012041061
0.012084992
0.012087541
0.012018516
0.011978396
0.012109121
0.012110263
0.011923281
0.012035357
0.012014158
0.012055861
0.011900698
0.01192316
0.011958346
0.011939039
0.012095629
0.011994873
0.012005595
0.011932835
0.011935666
0.012034179
0.012068302
0.011954015
0.012005736
0.011975818
0.012042086
0.012101685
0.011920205
0.011828715
0.011884088
0.012039459
0.011943568
0.0119559765
0.012083781
0.012045716
0.011943637
0.011856012
0.011994048
0.011900079
0.011908824
0.011935789
0.011890284
0.011836204
0.011914512
0.011839468
0.011872936
0.01193127
0.01190289
0.011974505
0.012071419
0.012054185
0.011939604
0.0118010165
0.011814206
0.011907123
0.011983678
0.011918695
0.012022343
0.012010593
0.011870015
0.011912237
0.011883194
0.011819875
0.011919834
0.011888048
0.01196681
0.011938767
0.0118282605
0.011887036
0.012053938
0.011863261
0.011868976
0.011859082
0.012029319
0.011976864
0.011970134
0.011951604
0.012001938
0.012023822
0.012076821
0.0118738515
0.01188964
0.011996779
0.012077408
0.012034735
0.012047992
0.01191925
0.011889349
0.01202337
0.012007623
0.011841074
0.01201195
0.012093247
0.012045594
0.012018457
0.012107468
0.012058583
0.012020435
0.011945645
0.011907715
0.011780094
0.011925169
0.012001725
0.011946681
0.011829689
0.01185278
0.011903993
0.011834806
0.011883459
0.012026931
0.011997636
0.012011714
0.011974313
0.0120480005
0.011856497
0.011895601
0.011943679
0.011980631
0.011942703
0.011962174
0.011936612
0.011975363
0.01202074
0.011962031
0.011920822
0.011931253
0.011903315
0.011833185
0.011864349
0.011891338
0.011905882
0.011870649
0.011881636
0.011960449
0.011993556
0.011984784
0.011903261
0.011931367
0.011923131
0.011859219
0.011891924
0.011905405
0.011843795
0.011939438
0.011922331
0.011983858
0.011896976
0.011798858
0.011847785
0.011955414
0.011953577
0.01186809
0.011747603
0.011881696
0.011762846
0.011863741
0.011883654
0.0119259525
0.011914316
0.011807371
0.011811093
0.01177978
0.011893665
0.011878179
0.011882213
0.01180842
0.011767208
0.011883697
0.0118923355
0.01194953
0.011942682
0.0119015565
0.011941052
0.011992614
0.012026229
0.012060823
0.012047027
0.011939626
0.0119187785
0.011910308
0.011901394
0.011991532
0.0119617935
0.011821108
0.011895162
0.011787315
0.011922724
0.011976409
0.012021213
0.011924862
0.011829864
0.011859845
0.011779014
0.011880062
0.011932779
0.011834935
0.011797461
0.011837709
0.011682848
0.011816605
0.0118875215
0.011863266
0.0117838625
0.01183402
0.011798772
0.011958872
0.011998686
0.01183476
0.011852297
0.011902761
0.011917852
0.011834985
0.01188492
0.011819459
0.011906571
0.011802624
0.011906179
0.011785526
0.011977041
0.011937809
0.011906843
0.011794121
0.011827749
0.011790819
0.01182829
0.011822062
0.01172062
0.011791713
0.011821869
0.01178545
0.0120445695
0.011923112
0.012310061
0.012284327
0.012264024
0.012356414
0.012391848
0.012257637
0.012171219
0.012101329
0.012152081
0.012045001
0.012199488
0.011932504
0.012046744
0.011846631
0.011943022
0.01196159
0.011833901
0.011822174
0.011972695
0.0120587135
0.012044281
0.011927681
0.011933864
0.011814909
0.012288271
0.012010924
0.011868584
0.012011421
0.011966464
0.012031392
0.012073095
0.012103042
0.012034198
0.012109843
0.012220049
0.012146596
0.011986571
0.012014192
0.012310432
0.012087417
0.011990562
0.0119806
0.011961538
0.011819537
0.01190081
0.012000027
0.01208306
0.011923316
0.011950199
0.011876272
0.012004203
0.012110645
0.012009519
0.012008731
0.011977377
0.01191846
0.011950047
0.012047264
0.012005653
0.011893016
0.011751295
0.011829446
0.01191158
0.011823743
0.011741465
0.011946113
0.01175181
0.011834062
0.011822886
0.011813125
0.011858363
0.011805302
0.011801648
0.011826138
0.0117805395
0.011743747
0.011890586
0.011925136
0.011923573
0.011965773
0.011958711
0.0120489085
0.011931748
0.011937779
0.011867154
0.011837731
0.011704403
0.011798683
0.011864818
0.011880398
0.012021919
0.011873103
0.0118221035
0.011857837
0.011910443
0.0118271345
0.011823134
0.011790775
0.011847982
0.011922622
0.011850387
0.011729804
0.011845141
0.01168028
0.011663787
0.011766303
0.011862684
0.011929481
0.0118414685
0.011726281
0.011716231
0.011790356
0.011733002
0.01177718
0.011823736
0.011828195
0.011812271
0.011655142
0.01180637
0.011734303
0.011766535
0.01178994
0.011841415
0.011911373
0.01172766
0.011904419
0.01171255
0.011810098
0.011832885
0.011862845
0.011722708
0.011786136
0.011675695
0.011665877
0.011745074
0.011762195
0.011758999
0.011723763
0.011731942
0.01178213
0.011711197
0.011737782
0.011697196
0.011718166
0.011726581
0.011733923
0.011834722
0.0116397245
0.011612337
0.0116059715
0.011607651
0.011672531
0.011746343
0.011768959
0.011680019
0.011702009
0.01172569
0.011797957
0.011691384
0.0116381375
0.011706633
0.011654833
0.01167231
0.011691048
0.011668272
0.011725753
0.011743915
0.011756593
0.011659761
0.011593173
0.011593907
0.011571248
0.0115870135
0.011624419
0.011697949
0.011650728
0.011596432
0.011649141
0.011591793
0.011708351
0.011685104
0.011629989
0.011623868
0.0115509285
0.011665719
0.011698903
0.011696332
0.011639643
0.011607229
0.011493969
0.011791721
0.01161612
0.011665991
0.011638042
0.011601888
0.011626065
0.011657681
0.011600978
0.011548722
0.011660784
0.011667893
0.0116019985
0.011634831
0.011686549
0.011509513
0.0115784155
0.011637009
0.01168411
0.011565755
0.0115823345
0.011692857
0.011671371
0.011795463
0.011596397
0.011620184
0.011655465
0.011678666
0.011773812
0.011669704
0.01170228
0.01167392
0.011700063
0.011883367
0.01171061
0.011728102
0.011603206
0.011532268
0.011595645
0.011563574
0.0116955135
0.011653205
0.011714132
0.011559002
0.011722565
0.011710575
0.011570359
0.011733272
0.01147365
0.011633917
0.0115832295
0.011804138
0.011778084
0.011675895
0.011616121
0.011619159
0.011674593
0.011605655
0.011624092
0.011639158
0.011587237
0.011649126
0.011621149
0.011616054
0.011557286
0.011665182
0.011646389
0.0116799055
0.011696018
0.011639743
0.011612872
0.0115051605
0.011484594
0.011640466
0.011616989
0.01161324
0.011635454
0.011660665
0.011563828
0.011616598
0.011512199
0.011580863
0.011710721
0.011674749
0.0117004635
0.011821014
0.011675175
0.0116720535
0.011664583
0.011680171
0.011657656
0.011621759
0.01179159
0.011726894
0.011617313
0.011693603
0.011642932
0.011661989
0.011724444
0.011606663
0.011644564
0.0116361305
0.01157828
0.011612074
0.011578408
0.011483629
0.011508893
0.011557854
0.011622817
0.011596384
0.011671532
0.011551484
0.011545666
0.011534574
0.011606219
0.011646258
0.011661389
0.01160977
0.011702919
0.011685807
0.0116587095
0.01168032
0.011788359
0.011556478
0.01157286
0.011512244
0.011518236
0.011547627
0.01161053
0.011715533
0.011464315
0.011609648
0.01168569
0.01152308
0.011636134
0.011665025
0.011612793
0.011722978
0.011646141
0.011607916
0.011664772
0.011684305
0.011623143
0.011530914
0.011487772
0.011683777
0.01157969
0.01161871
0.011495327
0.011473714
0.011642368
0.011560461
0.011609906
0.011512258
0.011605264
0.011622638
0.011632363
0.01154047
0.01148876
0.011680962
0.011649701
0.011652357
0.011598946
0.011593134
0.011638608
0.011642661
0.0116158575
0.0115526365
0.011547169
0.011629115
0.011633877
0.011759252
0.011677491
0.01156016
0.011478182
0.011460852
0.011580744
0.011550836
0.01159077
0.011675048
0.011659606
0.011568463
0.011664476
0.011741118
0.011667138
0.011648837
0.011672342
0.011576956
0.0116185965
0.011654931
0.011747868
0.01158185
0.0115303565
0.011592638
0.011572126
0.011545249
0.011583939
0.011676132
0.011698314
0.011609886
0.011595208
0.01161288
0.011488264
0.011586602
0.011549413
0.011575353
0.011472896
0.011412968
0.011580408
0.011504267
0.011639453
0.011579178
0.011501913
0.011601693
0.011581909
0.011591155
0.011628009
0.011696576
0.0115897665
0.011574208
0.011634678
0.011733153
0.011760851
0.011728357
0.011656966
0.01166924
0.011691773
0.011845401
0.011711198
0.011679423
0.011719828
0.011829316
0.01167541
0.0115871625
0.011608582
0.011666795
0.011702916
0.011799901
0.011670661
0.01176374
0.011681225
0.011682972
0.011679898
0.011702701
0.011627928
0.011719233
0.011750142
0.011632305
0.011714371
0.011693241
0.011558877
0.0117175225
0.01163116
0.011622795
0.011643977
0.011449769
0.011587917
0.011632293
0.011559614
0.011594972
0.011571026
0.011589665
0.011745171
0.011563723
0.011737736
0.011598814
0.011483141
0.011634094
0.011564635
0.0115844235
0.011671776
0.011713023
0.011765618
0.011723801
0.011605258
0.011643569
0.011580562
0.011654425
0.011642473
0.011608963
0.011686103
0.011529746
0.011782415
0.01168193
0.0117030265
0.011677319
0.011620442
0.011671453
0.011598274
0.011665017
0.011493646
0.011499242
0.011637666
0.011602673
0.011551524
0.011595375
0.011501134
0.011571761
0.01154397
0.011553967
0.011514742
0.011543959
0.011514679
0.0115232235
0.0115005085
0.011550377
0.011429763
0.011491612
0.011381629
0.011595831
0.011522608
0.011572403
0.011516713
0.011532351
0.011514491
0.011400341
0.011409711
0.011494637
0.011475945
0.011483043
0.011587328
0.011532547
0.0117254285
0.011648517
0.011620312
0.0117770005
0.01160427
0.011541534
0.011507716
0.01154065
0.011629173
0.011626524
0.011526261
0.011457373
0.011596788
0.011489603
0.011521991
0.011510353
0.011444891
0.011499024
0.011582759
0.011566763
0.011493457
0.011628273
0.011606583
0.011562862
0.011521514
0.011495204
0.011609882
0.01154405
0.011491374
0.011524736
0.01166016
0.011559122
0.011440053
0.011499046
0.011631084
0.011608253
0.011532969
0.011718633
0.01156018
0.011627301
0.011481062
0.011546345
0.011494664
0.011553314
0.011484282
0.0115025425
0.011617707
0.011594918
0.011668822
0.011499742
0.0115644345
0.011578611
0.01161174
0.0115775475
0.011573826
0.011633983
0.011651487
0.011643329
0.01155457
0.011494315
0.011587928
0.011488265
0.011659601
0.011681226
0.011591681
0.01148603
0.01159283
0.011586924
0.011628249
0.011630355
0.011525405
0.01167437
0.011533305
0.01161358
0.011519433
0.011469311
0.011548497
0.011555247
0.011659468
0.011664729
0.011584152
0.011602631
0.011575952
0.011652464
0.011626711
0.011577609
0.0115504535
0.011531148
0.011553268
0.011569348
0.011645099
0.011526013
0.011571285
0.011596011
0.011448465
0.011609822
0.011617085
0.011639286
0.011692454
0.011548236
0.011580672
0.011562035
0.01142675
0.011592191
0.011528767
0.011535693
0.011547095
0.011485611
0.011597677
0.011547367
0.011465674
0.011599059
0.011541031
0.011583829
0.011586913
0.011636653
0.011599268
0.011354679
0.011587372
0.011509175
0.011473726
0.0115216365
0.011620253
0.0116645135
0.011516429
0.011659506
0.011494164
0.011483705
0.011606123
0.011608339
0.011629094
0.011611599
0.011673217
0.011704692
0.011557355
0.0117265275
0.011605149
0.011507794
0.011603783
0.011681335
0.01150706
0.011555419
0.011543545
0.011614836
0.011589064
0.01152775
0.011630781
0.011542615
0.011620635
0.011559558
0.011545444
0.01154245
0.011543427
0.011574536
0.011647071
0.011703927
0.011557981
0.011579942
0.011609583
0.011526441
0.011573188
0.01166761
0.01163319
0.011558036
0.011586184
0.011695303
0.011616396
0.011684831
0.011625596
0.011582601
0.011523711
0.011537591
0.011693679
0.011605307
0.011683169
0.011524713
0.011555757
0.011549865
0.011715875
0.011691679
0.011637792
0.011720981
0.011678984
0.011610236
0.011710147
0.01152772
0.01162132
0.011605331
0.011583983
0.011499936
0.011583796
0.011581904
0.01164532
0.011559942
0.01159805
0.011521674
0.011451745
0.01149035
0.011587933
0.011477193
0.011594753
0.01152165
0.011468719
0.011569999
0.011603952
0.01146613
0.011538314
0.011668994
0.011495912
0.011586496
0.011659243
0.011572339
0.011574418
0.011563684
0.011671891
0.011702979
0.011576225
0.011619632
0.011521602
0.011565785
0.011623091
0.0114209475
0.011564508
0.011629227
0.011682133
0.011625016
0.01148577
0.011536996
0.011629909
0.011487592
0.011614055
0.011695074
0.011704382
0.011605767
0.011637247
0.011734188
0.011599663
0.011542426
0.011633262
0.011668594
0.011554141
0.011525835
0.011467263
0.01148229
0.011567973
0.011563944
0.011539953
0.01143713
0.011491616
0.011463558
0.011507021
0.011486238
0.011534475
0.011666963
0.011655609
0.011569264
0.0114106955
0.011505913
0.01165285
0.011547299
0.011620091
0.011409011
0.01159771
0.0114783235
0.011398732
0.0114938645
0.011493321
0.011411989
0.011407964
0.0114074135
0.011447417
0.011477104
0.011565548
0.011495295
0.011498351
0.011350494
0.011414708
0.011401928
0.011341564
0.01141007
0.011486076
0.011391565
0.0114443395
0.011476467
0.011376729
0.011328347
0.011429253
0.011384982
0.011500459
0.011556044
0.011400655
0.011487861
0.011568346
0.011504149
0.0115792705
0.0114938505
0.011561464
0.011521884
0.011485261
0.011523067
0.011513027
0.011666195
0.011646051
0.011550003
0.011450141
0.011468024
0.011446624
0.011547141
0.011458208
0.011452488
0.011353355
0.011473279
0.01149713
0.011448553
0.011508933
0.011473051
0.011468106
0.011530819
0.011644037
0.011482439
0.0114794625
0.011407724
0.011476318
0.011386761
0.011456192
0.011436467
0.011539843
0.011536569
0.011466616
0.011445145
0.011470605
0.011345401
0.011500579
0.011543706
0.011478054
0.011599612
0.011457553
0.011444291
0.011440193
0.0115301795
0.011350192
0.011404464
0.011354628
0.01132301
0.011329194
0.011423788
0.011381293
0.011352442
0.0114217345
0.011461121
0.011536484
0.011396206
0.011413698
