===================== Time: [Thu Aug 11 15:05:21 2022] ========================0.026543297
0.025507515
0.02538934
0.025836533
0.024743756
0.025699008
0.025639137
0.026110515
0.026243096
0.025762025
0.02500744
0.023855934
0.023140732
0.023270726
0.022848789
0.022754941
0.02211632
0.021776319
0.02178149
0.021276996
0.021430459
0.021452993
0.021746298
0.022120982
0.02184444
0.02179567
0.022132546
0.021434091
0.021180741
0.02093454
0.020818247
0.020452145
0.020353278
0.020184264
0.020083843
0.019564873
0.01993187
0.019857872
0.019828789
0.020445095
0.02032794
0.019765306
0.019568766
0.019594254
0.020147737
0.020175716
0.019763699
0.019479439
0.020440433
0.020284932
0.020158846
0.02008929
0.019961672
0.019979442
0.019746892
0.019855041
0.019686049
0.019402413
0.019527977
0.019742105
0.019490317
0.01968774
0.019769887
0.019170929
0.01887105
0.01880004
0.018675705
0.018701138
0.018754615
0.018585345
0.018609254
0.018775122
0.018714223
0.018626941
0.018770445
0.01855707
0.018530795
0.018407032
0.018252648
0.018151853
0.018229168
0.01820804
0.018401727
0.018279804
0.018195435
0.018186513
0.018111834
0.018656092
0.018979803
0.01905794
0.018698404
0.018789379
0.01841025
0.0181687
0.018245474
0.018101426
0.018129626
0.018222071
0.018102223
0.018119419
0.018163078
0.018154474
0.018008137
0.018119102
0.018339904
0.018027293
0.017834013
0.017983077
0.017944412
0.017929412
0.017815549
0.017930854
0.017984932
0.017909722
0.017762057
0.017831136
0.017820053
0.017714918
0.01760941
0.017528038
0.017704621
0.017545778
0.01756289
0.017482119
0.017414728
0.017364193
0.01738968
0.017357253
0.017310647
0.017402545
0.017520502
0.017387506
0.017319856
0.017383788
0.017214827
0.017281448
0.017039625
0.017025098
0.01721158
0.01708826
0.017171282
0.01730458
0.017429028
0.017477786
0.017393371
0.017261792
0.01733403
0.017277686
0.017244957
0.017009038
0.016974526
0.016938722
0.01706128
0.017163876
0.01725335
0.017419204
0.017192947
0.017445272
0.017498288
0.017315703
0.01716203
0.01716778
0.017081607
0.017078262
0.016988847
0.01712927
0.017066533
0.016976772
0.017020505
0.017057234
0.017019767
0.01706733
0.017151255
0.017081372
0.017206972
0.017027859
0.017096631
0.01689729
0.016963702
0.016885746
0.01683544
0.016858263
0.01710939
0.01713405
0.017109489
0.01711224
0.017219232
0.017028227
0.016839286
0.016951252
0.017039847
0.01713801
0.016903166
0.016947329
0.017144224
0.016828256
0.01674339
0.016876288
0.017054873
0.017114108
0.017115379
0.016986948
0.017034806
0.01692353
0.01696626
0.016969208
0.016908113
0.016969739
0.016903745
0.016809354
0.016764926
0.016749779
0.016738845
0.016956722
0.017034411
0.01699411
0.016997183
0.016809
0.01666544
0.0168681
0.016871154
0.016767431
0.016701184
0.016632093
0.016802356
0.016694272
0.016722934
0.016593382
0.016764844
0.016710427
0.016683672
0.01660879
0.016463177
0.016541239
0.016543236
0.016434945
0.01649787
0.016487574
0.01641774
0.016348584
0.016450023
0.016457705
0.016468761
0.016533008
0.016537482
0.016357409
0.01632163
0.016446136
0.016425626
0.016531311
0.01650854
0.016667197
0.016596803
0.016754532
0.016564816
0.016628377
0.016646259
0.016671786
0.016792886
0.016781256
0.016792914
0.016653776
0.016748207
0.016746772
0.016882997
0.016698118
0.01659648
0.016704347
0.01700945
0.016870761
0.01694904
0.016824441
0.016734902
0.016833484
0.016919827
0.016993046
0.01700776
0.017014518
0.017008973
0.01677979
0.016592843
0.016699323
0.016763298
0.0166238
0.016608043
0.016708486
0.016697519
0.016711658
0.016619602
0.016826121
0.016818402
0.016835863
0.016752545
0.016720656
0.016545009
0.016659645
0.016724745
0.016663259
0.01659136
0.016588893
0.016575063
0.01651115
0.016571756
0.016545732
0.016423868
0.016389832
0.01638595
0.016578702
0.016684083
0.016676405
0.016520154
0.016484285
0.016506713
0.016419513
0.016345162
0.016272211
0.016367583
0.016349291
0.016476626
0.016405428
0.016373977
0.01635972
0.01642972
0.016431114
0.016432235
0.016299268
0.016422117
0.016316326
0.016261434
0.016196733
0.016274031
0.016371736
0.016461357
0.016307496
0.016372591
0.016347332
0.016384609
0.016380642
0.016444545
0.016358927
0.016355393
0.016418548
0.016415294
0.016276462
0.016366575
0.016374776
0.0164449
0.016417563
0.016381882
0.016391033
0.0163123
0.016369935
0.016473413
0.016407702
0.016405512
0.01617281
0.01631158
0.016431892
0.016321568
0.0162415
0.016424594
0.016672986
0.01650066
0.016458085
0.016311707
0.01617973
0.016120527
0.016180448
0.016172674
0.016332885
0.016356071
0.016236443
0.01635602
0.016183758
0.016268715
0.01623309
0.016324908
0.016335089
0.016347189
0.01635538
0.01630159
0.01641897
0.016236318
0.016345719
0.016423995
0.01638126
0.016266722
0.016312398
0.01632203
0.016382093
0.016410902
0.016672075
0.016622351
0.01679794
0.016593242
0.01650958
0.016321711
0.016321216
0.01618716
0.016166339
0.01644128
0.016384166
0.016249672
0.016325723
0.016414424
0.01626142
0.016132493
0.01596587
0.016192291
0.016134106
0.016221436
0.016084922
0.016121507
0.016094929
0.016066775
0.016105225
0.016167546
0.016155427
0.016117075
0.015976524
0.016098345
0.016238876
0.016140107
0.016080493
0.016240746
0.01627469
0.01626416
0.016043732
0.016301747
0.016260155
0.016305713
0.016303163
0.016278353
0.016312465
0.01628466
0.016313022
0.016447758
0.016456584
0.016451979
0.01652623
0.016361399
0.016322343
0.016432492
0.016355252
0.016373195
0.01639497
0.01643667
0.01627322
0.016315855
0.016165696
0.016149813
0.016169107
0.016230233
0.016312566
0.016327854
0.01635529
0.01624237
0.016053565
0.016038327
0.016199758
0.016307604
0.016272198
0.01608353
0.016243443
0.016214639
0.016208718
0.016223943
0.016121292
0.015971577
0.01623205
0.016249014
0.01621967
0.016171673
0.01590324
0.015898937
0.01597968
0.016108258
0.015936796
0.016068738
0.016005293
0.015969075
0.015928969
0.016008167
0.015861463
0.015825061
0.015872061
0.015877327
0.01588341
0.01592885
0.015846126
0.015854537
0.015831966
0.01586475
0.01591076
0.015895251
0.016069353
0.015995502
0.015993083
0.01615372
0.016259525
0.015991623
0.015911995
0.01585405
0.01589293
0.015908591
0.01599412
0.015882198
0.015918195
0.01603549
0.016113367
0.015944457
0.01586887
0.015817737
0.015932262
0.015981007
0.015774507
0.015773797
0.015808545
0.015894083
0.015870351
0.016031064
0.015841907
0.01582685
0.015877528
0.016061505
0.015908612
0.015893418
0.015761314
0.015879804
0.01589428
0.015809156
0.015866503
0.01586415
0.01594589
0.015841926
0.015884805
0.015730407
0.015834799
0.015863191
0.015900677
0.015764225
0.01580392
0.01582511
0.015860522
0.015835656
0.015814316
0.015830027
0.015628163
0.015911302
0.015861856
0.015694596
0.015694018
0.015641492
0.01580198
0.015748402
0.015668947
0.015605435
0.015626945
0.015834188
0.015793858
0.0157343
0.01576131
0.01569883
0.01573751
0.015802277
0.01581096
0.015787784
0.01572869
0.015731992
0.015638415
0.01571632
0.015824124
0.015606476
0.01557425
0.015653023
0.015721764
0.01567907
0.015657118
0.01570139
0.015736172
0.015844267
0.015765965
0.015611407
0.015582347
0.015647592
0.015687032
0.015658451
0.015781274
0.015623054
0.015571099
0.015635425
0.015644513
0.015663188
0.015863338
0.015769118
0.015776848
0.015841668
0.015821988
0.015887827
0.015867935
0.015853418
0.015759122
0.01592015
0.015939733
0.015880283
0.015854146
0.015913017
0.015925137
0.015919691
0.015881598
0.015767587
0.015856192
0.015809348
0.015825827
0.015977934
0.015966743
0.015913866
0.015841197
0.015758593
0.015916003
0.015965141
0.015987787
0.015901025
0.015783634
0.015877726
0.016064974
0.016185867
0.016150897
0.016064791
0.01576692
0.015769696
0.015747715
0.015830865
0.015864726
0.015693465
0.015629696
0.01565662
0.015858024
0.01590351
0.015768338
0.015838012
0.015756302
0.015702454
0.01581661
0.015713073
0.015846953
0.015900623
0.015961504
0.015899507
0.01580961
0.01578904
0.015860312
0.015856063
0.0157676
0.015706215
0.015826639
0.015901998
0.015845846
0.015808912
0.015675362
0.015757388
0.01580195
0.0156747
0.01573265
0.015623425
0.0155882705
0.01581618
0.015874024
0.015831191
0.015904054
0.015782706
0.015803406
0.015808938
0.015773118
0.015796974
0.015819198
0.015835349
0.01591363
0.01590082
0.01585804
0.015892955
0.015842184
0.015634188
0.015662715
0.01570114
0.015520403
0.015658684
0.01565138
0.015653083
0.015748804
0.015797697
0.015729269
0.015754025
0.015659682
0.015581211
0.015527392
0.015562508
0.015615276
0.015662894
0.015682744
0.015668562
0.01569814
0.015652977
0.015686791
0.015551783
0.015555677
0.015565069
0.015528303
0.01567545
0.015578804
0.015597048
0.015458126
0.015456636
0.015591968
0.015690316
0.015692241
0.015645225
0.015516365
0.015455841
0.015640922
0.015584007
0.015753224
0.015759109
0.015650183
0.015609957
0.015491087
0.015377009
0.015374046
0.01545954
0.015467829
0.015587865
0.015616134
0.015554131
0.015527597
0.015540306
0.01548969
0.015470605
0.015450714
0.015289413
0.015442371
0.015509821
0.015495014
0.015614413
0.0154231135
0.015468092
0.015561314
0.015503215
0.015466766
0.015407589
0.015561506
0.015607094
0.01555796
0.015617006
0.015584813
0.015676403
0.015722284
0.015537693
0.015555532
0.015780117
0.015750254
0.015681628
0.0157241
0.015642658
0.015675565
0.015583544
0.015509415
0.015708638
0.01572935
0.015503336
0.015473448
0.015658472
0.01544002
0.015393627
0.015426547
0.015618243
0.015534216
0.015475697
0.015481791
0.015493692
0.015423126
0.015525487
0.015582058
0.015551459
0.015634058
0.015655175
0.015535357
0.015519239
0.0155008705
0.015504988
0.015565261
0.015555046
0.015467169
0.015490785
0.0156231765
0.015557176
0.0155315045
0.015604512
0.015475618
0.015562335
0.01558107
0.015603831
0.015498562
0.015497892
0.015519683
0.015655808
0.015566129
0.015691634
0.015701106
0.015536865
0.015572367
0.01571219
0.01566162
0.01555769
0.015706014
0.015696136
0.0156908
0.015628677
0.015527937
0.015478282
0.015475393
0.015613888
0.0155444015
0.015568567
0.015471471
0.015442276
0.015448493
0.015467738
0.015520561
0.015410656
0.015477687
0.015579623
0.015557946
0.015549666
0.015344823
0.015445291
0.01539438
0.015488773
0.015385672
0.015488954
0.015372849
0.015517793
0.015455379
0.0154314125
0.01556633
0.01541206
0.015354914
0.015454607
0.015377989
0.0153795015
0.015447349
0.015553891
0.015442529
0.015354328
0.015360845
0.015378459
0.015500421
0.015567681
0.015503176
0.015528863
0.015496286
0.015471314
0.015417378
0.01556464
0.015519527
0.015462466
0.015369683
0.015389548
0.015385916
0.015422132
0.015299657
0.015391859
0.0154487975
0.015442748
0.015487909
0.015515937
0.015572189
0.015523656
0.015583614
0.015366501
0.015354761
0.01539805
0.0155110825
0.015504442
0.015529947
0.015427759
0.015408145
0.015411803
0.015532251
0.015443735
0.015430288
0.01533446
0.0154506415
0.015356198
0.015392317
0.015510761
0.015388225
0.015406363
0.015526134
0.015470267
0.015442448
0.015705995
0.0154544525
0.015501746
0.015373351
0.015468575
0.015495243
0.015484602
0.01553589
0.015377991
0.0155031
0.015600344
0.015361151
0.015386805
0.015574476
0.015475681
0.015383469
0.015404438
0.01557748
0.015574773
0.015549345
0.0155612575
0.015465181
0.015379869
0.015357381
0.0154619
0.01545957
0.015450552
0.015436374
0.015318045
0.015425356
0.015232435
0.015370169
0.015293647
0.015437218
0.015457531
0.015311651
0.015414042
0.0155153815
0.015370453
0.015341683
0.015454169
0.015394368
0.0153080635
0.015424931
0.015513965
0.015410787
0.015506855
0.015428238
0.015510989
0.015533313
0.015437884
0.01557548
0.015412762
0.015437858
0.015316917
0.015307678
0.01526196
0.015313115
0.015185521
0.015218675
0.015224296
0.015376827
0.015347246
0.015314319
0.015393432
0.015262962
0.0153458705
0.015479587
0.015361902
0.015273415
0.01534827
0.015282252
0.0153539255
0.015416144
0.015357744
0.015417144
0.015447441
0.015498889
0.015416644
0.015455946
0.015362562
0.015258354
0.015316259
0.015239587
0.015290076
0.015394156
0.0153389685
0.015333301
0.015217307
0.01529364
0.015447352
0.015457219
0.015397531
0.015339578
0.015380008
0.015427604
0.015455334
0.0153863495
0.015295981
0.015203949
0.0153749995
0.015395419
0.01541521
0.015367871
0.015378082
0.015436299
0.015455874
0.015370383
0.015309209
0.015281945
0.015169862
0.015251995
0.015378137
0.015352406
0.015420368
0.015299716
0.015354151
0.015282729
0.015244038
0.015215499
0.0152632445
0.015259545
0.01526
0.0151889995
0.014981782
0.015220741
0.0153018525
0.015337427
0.015175265
0.015284874
0.015245947
0.015283807
0.0152380215
0.0152072655
0.015172168
0.015096463
0.015112683
0.015226662
0.0151659
0.015128716
0.01515932
0.015119941
0.0151248835
0.015090419
0.015123255
0.015214378
0.015123323
0.015232884
0.015293466
0.015172807
0.015141009
0.015165566
0.015272221
0.015305832
0.01537944
0.0153795965
0.015483428
0.01546307
0.015416583
0.0154756745
0.015513486
0.015507961
0.015462377
0.015340335
0.015522299
0.015428349
0.015397222
0.015284835
0.015248518
0.015357378
0.015364904
0.015316253
0.015383147
0.015436256
0.01524256
0.015242017
0.01532381
0.015474357
0.015434349
0.015211224
0.01509926
0.015323559
0.015354505
0.0152016
0.015285447
0.015265749
0.015266078
0.015371816
0.015361935
0.01527872
0.015300213
0.015252378
0.015212254
0.015200483
0.0151410615
0.015312485
0.015248969
0.015134959
0.015147983
0.015256851
0.015352937
0.015266847
0.015254539
0.0152165815
0.015284589
0.015299669
0.01528551
0.015241554
0.015269344
0.015166908
0.015286332
0.0154329715
0.015272101
0.015227189
0.015073942
0.015228057
0.0152953155
0.01534944
0.015334767
0.015452766
0.015383241
0.015330111
0.015286069
0.015200848
0.015227121
0.015277112
0.015188357
0.01519445
0.015131026
0.015041319
0.015107038
0.015160471
0.015125341
0.015111376
0.015022723
0.015140721
0.015037271
0.015049771
0.015065247
0.015145022
0.015139172
0.015100666
0.015189391
0.015117523
0.015142155
0.015110074
0.015346621
0.015239025
0.015142889
0.015213736
0.015169789
0.015240644
0.015247838
0.015106262
0.01517066
0.015126093
0.01510977
0.015228044
0.015240199
0.015209173
0.015246657
0.0151506355
0.015214552
0.015215484
0.015191679
0.015093092
0.015106741
0.01512608
0.0151567925
0.015169911
0.015085623
0.01528898
0.015116383
0.015228427
0.015139174
0.015079326
0.015170526
0.015117743
0.015149413
0.015232994
0.015165068
0.015138222
0.015085378
0.015109537
0.015228179
0.015292004
0.015306094
0.015224251
0.015198344
0.015200576
0.015143787
0.015207393
0.0152059775
0.015314085
0.015333318
0.01524879
0.015272231
0.015293154
0.01523383
0.015136906
0.015300595
0.015255708
0.015179327
0.015087706
0.015129534
0.015151959
0.01524321
0.015167319
0.0153015405
0.015171646
0.015253245
0.015172889
0.015178079
0.015223323
0.015288767
0.015236128
0.015351068
0.015254862
0.015282956
0.015152781
0.015160609
0.015188219
0.015290149
0.015311852
0.015255914
0.015246503
0.015180195
0.01518554
0.015148286
0.015142722
0.015208214
0.0151737165
0.015170705
0.0152667295
0.015205929
0.015086048
0.015156925
0.015246756
0.0153110325
0.015253387
0.015261661
0.0154049825
0.015303016
0.015224851
0.0152887
0.015373356
0.015352333
0.015299154
0.015291504
0.015330671
0.015101865
0.015154575
0.015236682
0.015163679
0.015186893
0.015136817
0.01510085
0.015122739
0.015064365
0.015141702
0.015144458
0.014986657
0.01499604
0.015047783
0.015188216
0.015260932
0.015236204
0.015084753
0.015112524
0.015118665
0.015079229
0.015200573
0.015099011
0.015198813
0.015169607
0.015155679
0.015209423
0.01516778
0.015164213
0.015097044
0.015167165
0.0152055435
0.015147087
0.015285907
0.015113802
0.015281038
0.015219179
0.015199163
0.015131828
0.015151015
0.0150192045
0.01496814
0.015071794
0.0150416065
0.015020703
0.015092673
0.015262379
0.015098324
0.0150737045
0.015077886
0.015192293
0.015180842
0.015175997
0.01514424
0.015251069
0.015157921
0.015237745
0.015298099
0.0151246665
0.0151816085
0.015129375
0.015128181
0.015218201
0.015109245
0.015135817
0.015063769
0.015124069
0.015165872
0.015210223
0.015199805
0.015276132
0.015227525
0.015272736
0.015079988
0.015226726
0.015141745
0.015153006
0.015091252
0.015133752
0.015172288
0.015155815
0.015232233
0.015110602
0.015147171
0.015184009
0.015079864
0.015092262
0.015048639
0.0152537115
0.015259996
0.015285387
0.015214034
0.015169597
0.015184656
0.015197212
0.0152213285
0.015202964
0.015171789
0.015099095
0.015042615
0.015151404
0.015025456
0.015182634
0.015019661
0.015040867
0.015078037
0.015078262
0.015167325
0.015247273
0.015153829
0.015101581
0.015153242
0.0151513815
0.015107757
0.015070248
0.015126169
0.01512352
0.014989793
0.01500617
0.015105172
0.015222811
0.015135661
0.015179504
0.015043519
0.015043494
0.01499733
0.015129499
0.014980163
0.015083155
0.015113437
0.015109615
0.015115865
0.0151375085
0.015308646
0.015211243
0.015204809
0.015121938
0.015092146
0.015085011
0.015067992
0.0151416985
0.015064093
0.015082592
0.015075427
0.015154748
0.01497441
0.015119298
0.015042106
0.014991944
0.015042866
0.015080176
0.015179528
0.015184226
0.015122671
0.0152092725
0.0152702695
0.015226125
0.01517324
0.0153199565
0.015222099
0.015039432
0.015036788
0.01505755
0.015149397
0.015108932
0.015072588
0.01488303
0.014975729
0.015069677
0.015085044
0.015061178
0.015134466
0.015071285
0.0150399655
0.015036612
0.015088563
0.015019
0.01501857
0.015093514
0.014950738
0.014987589
0.015056245
0.014895368
0.01500782
0.015113575
0.015013818
0.014921092
0.015044609
0.015145063
0.014982079
0.014977831
0.01498896
0.014946106
0.014971017
0.014841566
0.01510224
0.0149984835
0.014814
0.014934221
0.014900778
0.014810471
0.014914202
0.014969696
0.014964635
0.014988291
0.014932937
0.014970552
0.014841377
0.014917176
0.0149461655
0.014965094
0.014917731
0.014954834
0.014880505
0.014962316
0.015018853
0.015007426
0.015018016
0.015022324
0.015007844
0.014865985
0.015017979
0.014864362
0.01502663
0.014983841
0.014935401
0.015040456
0.015012554
0.01502713
0.014971782
0.015068999
0.015083272
0.014912909
0.014890037
0.0149463825
0.01488942
0.014899201
0.014907995
0.014872306
0.014981982
0.0149000855
0.014913069
0.014904094
0.015025809
0.014923943
0.014863973
0.014870698
0.014831385
0.01484968
0.014892655
0.015018442
0.015075006
0.014923401
0.014909642
0.015023673
0.01490638
0.015011316
0.014880365
0.014865645
0.015010777
0.015032713
0.015045158
0.015057477
0.015008045
0.015064716
0.015149028
0.015072678
0.015008466
0.015151221
0.015140608
0.015125971
0.015121944
0.015010742
0.015044703
0.014972151
0.014999368
0.015172609
0.015086072
0.015058951
0.015079873
0.014977503
0.014972515
0.014989153
0.015103808
0.014960681
0.015054491
0.014956235
0.014983554
0.015079813
0.015074918
0.015048699
0.014876981
0.014980756
0.014899676
0.014923842
0.014861003
0.0149016725
0.0150012635
0.014984918
0.014884084
0.0149427345
0.014922184
0.0150377685
0.014957433
0.015099951
0.014921294
0.014877701
0.015011452
0.0150095085
0.015029565
0.01514477
0.015332108
0.015243525
0.015218585
0.015079986
0.014846924
0.015037564
0.0148826875
0.01519563
0.015125554
0.015174632
0.015063994
0.015048831
0.015028537
0.01507663
0.0151501205
0.015084839
0.014978739
0.015015224
0.015078088
0.014948954
0.014968503
0.015042236
0.015010014
0.014974919
0.015108776
0.015039475
0.015059007
0.015013282
0.014926375
0.014997751
0.01507597
0.014984769
0.015095598
0.014935375
0.014923083
0.015096331
0.01503347
0.014955777
0.014964903
0.01491852
0.01500278
0.014942387
0.014951173
0.0148898475
0.014954375
0.015006517
0.014993241
0.015043168
0.014899805
0.014951297
0.014914932
0.014875669
0.01495822
0.014880131
0.0148632955
0.014883751
0.014919105
0.014936496
0.014832481
0.014820177
0.014821792
0.014838518
0.01494163
0.014889969
0.01489911
0.014942655
0.015043192
0.015186947
0.015092809
0.0151568325
0.015060541
0.015032047
0.015125788
0.015115354
0.0151753295
0.015082776
0.015113076
0.015097063
0.01509626
0.015015563
0.014965714
0.015035513
0.014969007
0.0150088575
0.014997571
0.015020002
0.014978372
0.014923269
0.015059065
0.0149318725
0.014942639
0.015007962
0.015010833
0.015056334
0.015036091
0.014977991
0.014937332
0.015035792
0.014969887
0.015058773
0.014941728
0.014961169
0.014980125
0.0149216475
0.0149727985
0.015015222
0.01505429
0.015085123
0.0149904955
0.015031395
0.014990678
0.015094519
0.015050191
0.015193223
0.015132656
0.015103925
0.015140054
0.015085577
0.015087255
0.01492532
0.014904561
0.014972396
0.0149996225
0.015065012
0.014974723
0.014983932
0.015118314
0.01501565
0.01498695
0.0149839865
0.015135977
0.015000367
0.014893487
0.014829892
0.014827186
0.01497896
0.014976524
0.014888899
0.014997781
0.014960266
0.014946265
0.014957999
0.014959557
0.014964658
0.01495464
0.015014717
0.015027959
0.015200259
0.01505704
0.014901342
0.014881396
0.0150508275
0.015122324
0.015090419
0.0151221305
0.015094443
0.015025296
0.01495961
0.014918747
0.014918435
0.015037995
0.015098161
0.014978199
0.015013533
0.014981215
0.015047066
0.015122299
0.015121982
0.014868073
0.014990882
0.015111886
0.015154567
0.015219427
0.015117222
0.015091797
0.014853498
0.01495117
0.015020252
0.014915364
0.0149853695
0.015092365
0.015079206
0.0151864225
0.015142161
0.015122921
0.014990616
0.015004152
0.015072754
0.014923277
0.01505946
0.015070563
0.015036437
0.015110571
0.0150869
0.015018108
0.014997057
0.014984231
0.015088998
0.014995667
0.015122371
0.015169636
0.015140534
0.015144389
0.015070765
0.014993195
0.015017988
0.015033753
0.014917037
0.014966629
0.014889362
0.014984079
0.0149901
0.014913702
0.015023888
0.014977596
0.014902239
0.014873998
0.01504016
0.014908096
0.014978761
0.015003298
0.01498943
0.015006537
0.014811157
0.014872768
0.014899906
0.014881806
0.014870925
0.014916828
0.01482727
0.01490194
0.014923549
0.014887795
0.014980612
0.014815453
0.014714303
0.014854388
0.0147979725
0.014831756
0.014776233
0.014840607
0.014919521
0.01500858
0.014851086
0.014824145
0.014915558
0.014862944
0.014938112
0.014924055
0.014831558
0.0147771565
0.0148003725
0.014978399
0.014903342
0.014883956
0.01486064
0.01481562
0.014887376
0.014938485
0.014822714
0.014816166
0.0148245385
0.014955757
0.0149069335
0.014948038
0.0148919895
0.014837087
0.015065836
0.01496223
0.014947349
0.014838779
0.014893548
0.014857396
0.014878357
0.014944234
0.014920341
0.015007926
0.014854792
0.014922558
0.014810873
0.014926653
0.014905033
0.014903142
0.014992953
0.014899851
0.014865058
0.014977737
0.014781973
0.0149039095
0.014973903
0.014970095
0.014836896
0.014774695
0.014889635
0.014894874
0.014822198
0.014887447
0.014933633
0.014901562
0.0148152085
0.014893783
0.014888347
0.014788184
0.01477661
0.014762202
0.014829903
0.014919358
0.0146843465
0.014951461
0.0148009015
0.014795534
0.014803364
0.014764456
0.014721992
0.014767027
0.014837931
0.014889052
0.014929947
0.015060036
0.014816283
0.014791608
0.0148214465
0.014870781
0.015014939
0.014910464
0.014976198
0.014812382
0.01494407
0.0148813715
0.014869337
0.014923551
0.014924698
0.0149538005
0.014691947
0.014896687
0.014797716
0.014783352
0.014665271
0.014816466
0.014826103
0.014884918
0.014863228
0.01490385
0.014902231
0.014932594
0.014846441
0.014946414
0.014898492
0.014888166
0.014864072
0.014735756
0.014790075
0.014768643
0.014761715
0.014778571
0.014856451
0.014829715
0.014868186
0.014816935
0.0147968475
0.014877239
0.014682313
0.01479625
0.014921373
0.014836657
0.014993428
0.0148999365
0.014966875
0.014870285
0.014986698
0.014884187
0.014828367
0.014837037
0.014773044
0.014826744
0.014793933
0.014896268
0.014771915
0.014944215
0.014822845
0.014882334
0.01494429
0.01484841
0.014826793
0.014820603
0.014813599
0.014782237
0.014849965
0.01495781
0.014842405
0.014912741
0.014843876
0.014904686
0.014901685
0.014965974
0.014970747
0.014936676
0.014857459
0.014826116
0.014907985
0.014985261
0.0148894815
0.014871088
0.014927256
0.014969147
0.014921267
0.015036009
0.014900822
0.014952922
0.01498389
0.014937561
0.014978992
0.014916547
0.014883809
0.014866482
0.014845064
0.014859171
0.014804891
0.014801814
0.0148989055
0.014877547
0.014808127
0.014891634
0.014988314
0.014914778
0.014849458
0.014989587
0.014978413
0.014865539
0.014838466
0.014756273
0.014757028
0.014898912
0.014757599
0.01482423
0.014792644
0.0148879
0.014831675
0.014813571
0.014793174
0.01488641
0.014862318
0.014906087
0.0148552805
0.014790407
0.014874524
0.014854618
0.0147887515
0.014854678
0.014877282
0.014797364
0.0148391165
0.014785847
0.014706634
0.0148457475
0.014764137
0.014777621
0.0147952745
0.014778626
0.014763765
0.014800121
0.014723048
0.014648235
0.014736126
0.014754811
0.014771707
0.014788935
0.01467877
0.014742126
0.014834822
0.014722061
0.0148316445
0.0149089005
0.014879561
0.014892003
0.014847742
0.014837807
0.014847544
0.0149029475
0.014750867
0.014692712
0.014776702
0.014754214
0.014855916
0.014706582
0.014832904
0.0148241585
0.014787684
0.014808116
0.014721316
0.014691686
0.014809619
0.014792169
0.014747295
0.014741063
0.014903417
0.014754428
0.014837487
0.014781174
0.014791341
0.014738254
0.014825354
0.014849594
0.014786512
0.015008736
0.014877287
0.014856753
0.014844335
0.014847981
0.014956045
0.014851267
0.014887206
0.014882253
0.014859133
0.0149618015
0.014723209
0.014840202
0.014883826
0.01506578
0.014830843
0.0147371525
0.014853349
0.014868025
0.014809121
0.01488834
0.014890175
0.01490812
0.014887026
0.014962489
0.014964651
0.01487675
0.014862754
0.014977907
0.0149860615
0.014986927
0.014890273
0.014928352
0.014977591
0.014915641
0.014911842
0.014899578
0.014814929
0.014829239
0.014844882
0.014856028
0.014940624
0.014850253
0.014933839
0.014841384
0.014829222
0.014896725
0.014880101
0.014800714
0.014768787
0.014860605
0.014879154
0.014955095
0.0148178395
0.014840649
0.014830487
0.014669177
0.014799117
0.014767588
0.014794043
0.014727707
0.014757201
0.014938061
0.01489926
0.014829209
0.014792312
0.014833912
0.014859351
0.014664317
0.014832044
0.0147745535
0.0147342095
0.01480014
0.014826368
0.014738499
0.014745629
0.014808046
0.014796176
0.014766026
0.014816678
0.014813887
0.014834513
0.014830773
0.01481633
0.014750002
0.014787392
0.014868473
0.014870845
0.014860989
0.014927195
0.014886308
0.0147458445
0.014857753
0.014785591
0.014879061
0.014751989
0.014777379
0.014838961
0.014835939
0.014742332
0.014763835
0.014800289
0.014818801
0.014682827
0.014719168
0.014791011
0.014688782
0.0147707695
0.014905156
0.014866682
0.014734639
0.014871348
0.014788821
0.014924537
0.014939145
0.014967283
0.014858427
0.014770923
0.014868641
0.01480994
0.014896556
0.014797877
0.014771218
0.014702569
0.014707546
0.014830157
0.01466616
0.014888056
0.014842228
0.014759834
0.014821545
0.01477871
0.014792091
0.014746798
0.014713113
0.014815999
0.014773396
0.014826653
0.014857823
0.014751071
0.014769308
0.014801736
0.014839321
0.014802671
0.0148305865
0.01477886
0.014753369
0.014726475
0.014725698
0.014726659
0.014627815
0.014606761
0.014663456
0.014784351
0.014883941
0.014736241
0.014755624
0.014790381
0.014723399
0.014735938
0.014863177
0.014793411
0.014790046
0.014724999
0.014731569
0.014759501
0.014738747
0.01470394
0.014820357
0.01478028
0.014748435
0.014815818
0.0148274675
0.014766122
0.014802218
0.014879645
0.0149921505
0.014839805
0.0147218285
0.014929725
0.015088163
0.014893982
0.014824522
0.014864711
0.014835396
0.014946932
0.014990761
0.014887769
0.014771838
0.014849014
0.014855416
0.01486117
0.014771608
0.014917744
0.014856062
0.014889649
0.014765641
0.014847785
0.014982866
0.014979151
0.014882546
0.014775937
0.014851542
0.014805857
0.014776606
0.014833808
0.014841075
0.014925491
0.014826557
0.014883149
0.01485889
0.0148023795
0.014826996
0.0148566915
0.014885635
0.014728942
0.014563162
0.014761661
0.01467683
0.014834397
0.014734103
0.014834168
0.014750692
0.014930385
0.014889681
0.014788336
0.014793915
0.014746567
0.014819313
0.014831828
0.014790563
0.014945385
0.014897832
0.014912968
0.014835013
0.0148100415
0.014848185
0.014821473
0.014775067
0.014966079
0.014886863
0.014785622
0.014802327
0.01484154
0.015082024
0.014913075
0.0148631465
0.014823757
0.0148030855
0.014840125
0.014796995
0.014926291
0.014839364
0.0148591185
0.014895781
0.014835569
0.014828927
0.014691936
0.014897479
0.014830927
0.014879984
0.01454813
0.014807315
0.014724518
0.014804805
0.014713563
0.014737706
0.014810777
0.014747213
0.014731775
0.014574306
0.014798943
0.014735575
0.01473564
0.014725485
0.014664495
0.014689419
0.014645518
0.014663854
0.014642198
0.014784092
0.014720338
0.014802537
0.0148352105
0.0146513805
0.014740559
0.014734287
0.014830082
0.014879221
0.014669136
0.014732611
0.014740396
0.014663043
0.014691056
0.014726182
0.014652804
0.014779297
0.014651592
0.014915706
0.01478064
0.01473462
0.014774154
0.014762233
0.014764995
0.014710052
0.01469473
0.014837928
0.0147371655
0.014779691
0.014822893
0.014782332
0.014837345
0.014776945
0.014783092
0.0147769
0.014736242
0.014834826
0.014733789
0.014796124
0.014774305
0.014678956
0.01473384
0.01477316
0.014765153
0.014722986
0.014698592
0.014604308
0.014681536
0.014744139
0.014930595
0.014808922
0.014724189
0.014861164
0.014958358
0.01487001
0.014777294
0.014758699
0.014841973
0.014834763
0.014775996
0.014785376
0.014717023
0.014875464
0.014636384
0.014762241
0.014728575
0.014822152
0.014802091
0.014824202
0.014753667
0.014768242
0.014807553
0.0147444215
0.014799324
0.014727944
0.014750882
0.014787981
0.014834673
0.014734253
0.01466932
0.01473458
0.014721506
0.014693648
0.014710737
0.014746148
0.014766237
0.014762575
0.014701645
0.014678177
0.014734418
0.014666522
0.014797867
0.014819242
0.014744781
0.014725444
0.014696193
0.014777212
0.014775545
0.014750988
0.014761971
0.014747247
0.014852275
0.014689408
0.014698214
0.014731638
0.014719886
0.014552729
0.014751455
0.014685471
0.014610768
0.014713634
0.014677694
0.014619079
0.014749132
0.014741913
0.014718046
0.014788613
0.01460349
0.014690123
0.014650388
0.014650663
0.014676611
0.014749709
0.014671964
0.014811726
0.014817704
0.0147467395
0.014711516
0.014735523
0.014743234
0.0147481905
0.014670363
0.014647604
0.01466618
0.014623247
0.014679885
0.014891483
0.0146901235
0.014652886
0.014713914
0.014779232
0.014765452
0.014648825
0.014773989
0.014727378
0.014696836
0.014744719
0.01463634
0.014773515
0.014914952
0.014799957
0.014887703
0.014779339
0.014776885
0.014832472
0.014812471
0.014759503
0.014908034
0.014786115
0.014780784
0.014885956
0.014818864
0.0148834605
0.014822351
0.014782348
0.014882578
0.01471253
0.014886358
0.014739602
0.014798825
0.014746925
0.014710323
0.014719683
0.014733621
0.014661252
0.014703168
0.014717683
0.014740883
0.0148393735
0.014724285
0.014799721
0.014660792
0.014774571
0.014737625
0.014835398
0.014718509
0.014727941
0.014737659
0.014718939
0.0146628665
0.014704185
0.01477876
0.014719693
0.014736415
0.014659037
0.014823187
0.0148344785
0.014904205
0.014718628
0.014732868
0.0146090835
0.014764063
0.014687364
0.014741073
0.014643186
0.014685757
0.014650478
0.014641524
0.014782458
0.014795662
0.01484226
0.014754273
0.014786306
0.01476827
0.01471319
0.014835241
0.0147496965
0.014678678
0.014828697
0.014801229
0.014793592
0.014792441
0.014719995
0.014733482
0.014847756
0.014712996
0.014757246
0.014724631
0.01471333
0.014812223
0.014875254
0.014780961
0.014801898
0.014822646
0.0146889975
0.014729288
0.014878298
0.014743829
0.014721363
0.014701174
0.014706971
0.014720267
0.01478517
0.014605844
0.014604762
0.014595527
0.014713704
0.014709528
0.0146369785
0.014662956
0.014775821
0.014823487
0.014740635
0.014703982
0.0147471335
0.0147364335
0.014752617
0.014658645
0.014791656
0.014658402
0.014724987
0.01467291
0.014742979
0.014695287
0.014741529
0.014719394
0.014670074
0.014633097
0.014768886
0.014759929
0.0147109935
0.01473285
0.014681041
0.014689083
0.014651411
0.0145732155
0.014727762
0.014685105
0.014705021
0.014705611
0.014706879
0.014707139
0.014796428
0.014772485
0.014601662
0.014786531
0.014683427
0.014672873
0.014720087
0.014615708
0.014685467
0.014704887
0.014757396
0.014795036
0.01480806
0.014780792
0.014817155
0.014689275
0.014794514
0.014739721
0.014710436
0.014703764
0.014744629
0.014660117
0.014673143
0.014873538
0.014819164
0.014723158
0.014744938
0.0147185195
0.014732714
0.014751772
0.014712201
0.014749575
0.014745966
0.014768242
0.01478415
0.014814756
0.014834379
0.014891678
0.01497297
0.014863375
0.014755151
0.014811739
0.014808926
0.014884215
0.01494816
0.0148385735
0.014961234
0.014889085
0.014823145
0.01471878
0.014701415
0.0147450855
0.014831607
0.014604897
0.014876111
0.014855188
0.014737273
0.0147557845
0.014627338
0.014688206
0.014643063
0.014736745
0.014721095
0.014704504
0.014629749
0.0146763325
0.014662921
0.014509532
0.014593196
0.014760525
0.014796902
0.014710101
0.014738066
0.014706264
0.014817034
0.014693014
0.014810592
0.014863694
0.014695053
0.014767693
0.014837627
0.014658878
0.014630691
0.014682583
0.014687024
0.01473666
0.0147030065
0.014745391
0.014688791
0.014622043
0.014825701
0.014748735
0.014717768
0.014783515
0.014764526
0.014718029
0.014668424
0.014767459
0.014705712
0.014684807
0.014830856
0.014687878
0.0146765215
0.014711697
0.014589153
0.0147338575
0.014590899
0.014686649
0.014671418
0.014751185
0.014692714
0.014722036
0.014685796
0.014647481
0.014678596
0.014677386
0.014755545
0.014678436
0.014723795
0.014713755
0.014742963
0.014740864
0.014715311
0.0148066105
0.014742323
0.014795571
0.014742765
0.01469286
0.014732972
0.014759938
0.01477473
0.014694125
0.014737867
0.014703589
0.014617933
0.014666104
0.014634663
0.014666252
0.014646054
0.014653564
0.014668965
0.014736348
0.014707872
0.014571922
0.014629629
0.014622349
0.014625387
0.014603228
0.014644557
0.014708067
0.014671852
0.014643792
0.014592724
0.014625995
0.014800641
0.014616365
0.014750591
0.014656922
0.014668986
0.014697798
0.014710002
0.014658338
0.014724377
0.014841824
0.014793754
0.014679014
0.014793358
0.014823087
0.014808759
0.014834014
0.014702895
0.014793891
0.014718713
0.01459129
0.014723709
0.014800265
0.01478379
0.0146509595
0.014646809
0.014651836
0.0146695385
0.014691937
0.014816404
0.014774986
0.014646233
0.014656732
0.0145702455
0.014591539
0.014595263
0.014585843
0.0146167595
0.01461628
0.014578715
0.014597149
0.014625749
0.014693016
0.014710165
0.0145820165
0.014581783
0.014709125
0.014565202
0.014644981
0.014696353
0.014794306
0.014722334
0.014677666
0.01462139
0.014758783
0.014659432
0.014696173
0.014578645
0.01462979
0.014646532
0.014727255
0.014640531
0.014654846
0.014637318
0.014597784
0.014483512
0.014711293
0.014708895
0.014581605
0.0146953035
0.014678702
0.014772788
0.014651989
0.01466734
0.014722014
0.014610692
0.014609638
0.0145814745
0.014617325
0.014669733
0.014701883
0.014624877
0.014650627
0.014615258
0.014629553
0.014528249
0.014671055
0.0145728495
0.014645674
0.014599563
0.014646948
0.014587353
0.014676862
0.014753782
0.014679059
0.014590346
0.014747873
0.014696799
0.014734027
0.014730304
0.014788395
0.014856169
0.01477334
0.014823401
0.014681286
0.014815183
0.014762975
0.014738892
0.014739541
0.014815664
0.01477532
0.014669093
0.01473658
0.0147032365
0.01466144
0.014712761
0.014601023
0.01463406
0.014686107
0.014607808
0.014658412
0.01462387
0.0145436125
0.014561997
0.014644896
0.014651187
0.014584735
0.014686801
0.014686277
0.014623273
0.014700765
0.014705488
0.014660793
0.014611664
0.014565848
0.014671662
0.014575233
0.014768816
0.014586285
0.014589258
0.014651601
0.0146142645
0.014673901
0.014631123
0.014664267
0.014681954
0.014642931
0.014694986
0.014593655
0.014598369
0.014554754
0.014688358
0.014550582
0.01468174
0.014647604
0.014458441
0.014623659
0.014607675
0.014622538
0.014548277
0.014581473
0.014638375
0.014631183
0.014700535
0.014662263
0.014652384
0.014615933
0.014610127
0.01463565
0.014529779
0.014500493
0.014571191
0.014572625
0.014644463
0.014590827
0.0145323565
0.014495627
0.01457189
0.014619232
0.014580576
0.014513078
0.0145148225
0.014550266
0.014524363
0.014660192
0.0145328725
0.014528225
0.01454507
0.014642547
0.014493438
0.014593697
0.014620206
0.014555445
0.01455921
0.0145657575
0.014695377
0.014655502
0.014553796
0.0145698115
0.014622143
0.01472806
0.014647921
0.014628886
0.014715499
0.014537235
0.01454669
0.014538035
0.014531071
0.014416891
0.014512351
0.014445918
0.014551784
0.014618594
0.014524051
0.0144690005
0.014531801
0.014497538
0.014539735
0.014563883
0.014500222
