===================== Time: [Thu Aug 11 07:06:45 2022] ========================
0.18278512
0.17818436
0.1736305
0.17165467
0.17133231
0.17466933
0.1762597
0.17330164
0.17279392
0.17821908
0.17670617
0.17714463
0.17678493
0.17596021
0.17225534
0.17214483
0.17388695
0.17333908
0.17235363
0.16917582
0.16962437
0.1714368
0.16975032
0.16622174
0.16710572
0.16647556
0.17032647
0.16995831
0.17044465
0.16888669
0.16633846
0.1677895
0.16838399
0.17008747
0.1668811
0.16686177
0.16802041
0.16879153
0.16854516
0.16976227
0.1701768
0.17152345
0.169523
0.16839331
0.16707043
0.16494754
0.16731486
0.16617124
0.16586566
0.16595538
0.16568404
0.16560097
0.16677238
0.16847642
0.16539498
0.1671775
0.16733643
0.1697243
0.16900888
0.16931264
0.16756164
0.16627236
0.16638812
0.16722766
0.16821551
0.16832753
0.1673631
0.16711052
0.16482973
0.163078
0.16454233
0.16285777
0.16173416
0.16102406
0.15944985
0.16012657
0.15855438
0.15851472
0.157608
0.1595011
0.15911922
0.1573713
0.15964843
0.16042368
0.15969853
0.16157597
0.16219153
0.1619627
0.16229774
0.15970239
0.1632085
0.165227
0.16095036
0.16088821
0.16004004
0.15929501
0.15969093
0.1585934
0.15951198
0.1585831
0.15899125
0.15943977
0.1577314
0.15518802
0.15642425
0.1565939
0.15507467
0.1557023
0.15346132
0.15473582
0.15773419
0.15501378
0.15713224
0.15763083
0.15975441
0.15990345
0.159282
0.15852042
0.1589197
0.16223112
0.16100341
0.1610378
0.16190565
0.16070566
0.16020663
0.16121309
0.16026872
0.15879987
0.15873013
0.15955226
0.15745078
0.15652305
0.15251403
0.15421668
0.15604213
0.1549732
0.15259226
0.15263587
0.15325649
0.15840521
0.15831509
0.15531765
0.15595001
0.156032
0.15397966
0.15545698
0.15472586
0.15318798
0.15350239
0.15407941
0.15529838
0.15522471
0.15477021
0.15335983
0.15450376
0.15277605
0.15302221
0.1539806
0.1561171
0.15511163
0.15602167
0.15469202
0.15232839
0.15509485
0.15669502
0.15293483
0.15269783
0.15177785
0.1545181
0.15570396
0.15666793
0.15660483
0.15533489
0.15697853
0.1601262
0.15776303
0.15997723
0.15718277
0.15729597
0.15637197
0.15454167
0.1544757
0.15512659
0.15445037
0.15659791
0.15565947
0.15652923
0.15504278
0.15534122
0.15570292
0.15579982
0.15286984
0.15314424
0.15380393
0.15245232
0.1533766
0.15510859
0.15623519
0.15524115
0.15340187
0.15323812
0.15410297
0.15426603
0.15473099
0.15438776
0.15471867
0.15438415
0.15430795
0.153863
0.1534587
0.1541179
0.15698482
0.15549432
0.15640496
0.1540983
0.15514976
0.1576052
0.15497555
0.15591905
0.15613452
0.15573208
0.15656857
0.15629505
0.1562535
0.15766126
0.15525097
0.15408848
0.15456368
0.15382904
0.1528655
0.15251033
0.15348658
0.15312196
0.15272747
0.15451127
0.15587518
0.15394062
0.15598285
0.1537936
0.15599887
0.15452945
0.15493757
0.1541286
0.1533738
0.15153554
0.15289667
0.1527216
0.15286596
0.15281527
0.15157847
0.15215716
0.15035897
0.15316781
0.15351231
0.15246564
0.15270892
0.150458
0.15198776
0.15119453
0.15060398
0.15103638
0.15126309
0.1511422
0.15175627
0.15078078
0.14954454
0.14819661
0.14701185
0.14912853
0.1499931
0.1472663
0.14888157
0.14792989
0.14558478
0.14486611
0.14539951
0.14905931
0.15000626
0.15203191
0.14921497
0.14969867
0.1509203
0.15197475
0.15245146
0.15188172
0.15001437
0.15142597
0.14970447
0.14934385
0.14800626
0.14893071
0.14785968
0.14613256
0.1464403
0.14646311
0.14698066
0.14542674
0.14544666
0.14460272
0.1447489
0.1452143
0.14756241
0.14632031
0.14690998
0.14803979
0.14827977
0.14713821
0.14752477
0.14700308
0.14877877
0.14781828
0.14891556
0.14794584
0.14711893
0.14817806
0.14703591
0.14827548
0.14911033
0.14888099
0.14745983
0.14990352
0.15188697
0.15098442
0.15086858
0.15121448
0.14992096
0.15104315
0.14928415
0.15194388
0.15258683
0.15054396
0.1522388
0.15116388
0.15076058
0.15111654
0.15189187
0.15218326
0.14919215
0.14816105
0.14800912
0.14950317
0.14931925
0.15216832
0.15088956
0.14966436
0.15173915
0.1513175
0.15050508
0.1492263
0.15062225
0.1518764
0.15317886
0.15367751
0.15605183
0.15445736
0.15366873
0.15483679
0.1546459
0.15053639
0.14853348
0.14916596
0.14966947
0.14959978
0.15226372
0.15140492
0.15107752
0.15171364
0.14965437
0.14867894
0.14807767
0.1500401
0.1495208
0.14769788
0.14941722
0.14869782
0.14811923
0.15097564
0.14786361
0.14668205
0.1485899
0.14696856
0.146156
0.14574675
0.14683355
0.14753857
0.14630884
0.1458186
0.14816177
0.15133758
0.14940177
0.15056555
0.14923826
0.15023203
0.14976826
0.1480629
0.14841446
0.14744283
0.14707907
0.1479102
0.15072004
0.14861006
0.14677782
0.14761706
0.14857464
0.1473933
0.14761776
0.14807273
0.1484752
0.14657994
0.14663619
0.14678413
0.14506188
0.1457686
0.14463352
0.1453478
0.14523304
0.14485623
0.1443878
0.14665112
0.14701675
0.1466393
0.14632897
0.1463063
0.14795075
0.14781679
0.14828193
0.14758103
0.14966531
0.14681953
0.14708443
0.14599745
0.14728244
0.14660616
0.1476029
0.14849867
0.1510835
0.1513386
0.15013081
0.1499624
0.1492726
0.14858581
0.14739577
0.14775737
0.1461342
0.14720696
0.14736417
0.14704724
0.14837453
0.14970821
0.14852431
0.15057154
0.15059678
0.15103582
0.14973255
0.15106873
0.1503139
0.15038899
0.14968418
0.14872603
0.14866462
0.14746289
0.14848079
0.14689271
0.14854416
0.14656918
0.14699562
0.14666627
0.14605966
0.1448426
0.14669648
0.14683026
0.14570756
0.14687319
0.14715335
0.14688668
0.14654689
0.14534026
0.14653337
0.14766261
0.14669672
0.14807598
0.14473583
0.1450356
0.14447667
0.14228624
0.14492789
0.14386244
0.1445656
0.14467137
0.14576656
0.14674947
0.14618164
0.14560935
0.14539137
0.14359233
0.14319661
0.1427151
0.14427319
0.14276253
0.14407602
0.14481007
0.14275412
0.14361617
0.1425346
0.14217506
0.14210874
0.14058422
0.1417464
0.14353314
0.14434372
0.142956
0.14338425
0.14344098
0.1426624
0.14353874
0.14218222
0.14325573
0.14296001
0.14220874
0.14538573
0.14351809
0.14287464
0.14363748
0.14283258
0.14343552
0.14269835
0.143846
0.14236715
0.14200017
0.1429392
0.1422421
0.14344601
0.1424789
0.14383921
0.14231497
0.14231603
0.14205581
0.14162554
0.14132957
0.14428055
0.14390415
0.14458202
0.1446706
0.14380307
0.14493838
0.14429112
0.14366467
0.14682288
0.1441249
0.14414231
0.14441799
0.14284995
0.14385459
0.14323129
0.14453514
0.14359008
0.14411816
0.14299318
0.14098358
0.14181922
0.14267023
0.1437433
0.14193986
0.14275089
0.14490303
0.14355066
0.14230905
0.14423789
0.14230469
0.1430585
0.14137606
0.14203714
0.14417881
0.14306343
0.14176941
0.14441608
0.14332813
0.14196886
0.14209926
0.1421691
0.1415767
0.14256388
0.14289261
0.14275058
0.14293045
0.1405469
0.14187922
0.14052182
0.14153202
0.14143719
0.14066213
0.1402882
0.13917446
0.14177911
0.14237337
0.14159994
0.1436135
0.14228284
0.1412283
0.14390606
0.14196754
0.14136738
0.14209263
0.14315757
0.1419269
0.14212726
0.1419246
0.14148743
0.14122626
0.14226489
0.14078675
0.14179024
0.14177439
0.14136724
0.14265293
0.14215247
0.14150633
0.14403719
0.1429349
0.14300716
0.14251143
0.14126492
0.14230621
0.14075522
0.1423034
0.1402063
0.14134328
0.14100395
0.14256507
0.14132589
0.1441273
0.14450331
0.14486514
0.1435305
0.14475049
0.14328468
0.14361115
0.14219971
0.14465559
0.14324078
0.14383723
0.14116654
0.14361104
0.14282294
0.14271726
0.1424248
0.14205475
0.14242268
0.1427403
0.14131063
0.142564
0.14283271
0.14295246
0.14217156
0.14236231
0.14175613
0.14226338
0.14214346
0.14297159
0.14207669
0.14132188
0.1424302
0.14073956
0.14168245
0.14093053
0.14116228
0.14007196
0.14130037
0.13886726
0.14104997
0.14186162
0.14096098
0.14027497
0.14058274
0.1409065
0.14065184
0.1395994
0.14338416
0.14094192
0.14320476
0.14146121
0.14289531
0.14256093
0.14355724
0.14222054
0.1401752
0.13990429
0.14148964
0.14184064
0.14315984
0.14149559
0.14115566
0.14059871
0.14270933
0.14110538
0.1431702
0.1422276
0.1437928
0.14307848
0.14383756
0.14266577
0.14351127
0.14364596
0.14267534
0.1436452
0.14204603
0.14152215
0.14187907
0.14171995
0.13932551
0.14046328
0.14254002
0.14156699
0.14110301
0.1398109
0.14109987
0.13964258
0.141009
0.14105526
0.1412682
0.1422092
0.14042327
0.14078434
0.1412269
0.14082734
0.1393685
0.14083028
0.14025757
0.1404386
0.1402157
0.14232346
0.14088136
0.14181039
0.14067289
0.14078653
0.14058673
0.14121142
0.14155182
0.14267458
0.14183545
0.14261825
0.13990693
0.14134204
0.139326
0.13797921
0.13909362
0.14090487
0.14284599
0.1421941
0.13998954
0.14156832
0.14067021
0.13980085
0.13843596
0.13894375
0.13939607
0.1393831
0.13939029
0.13801049
0.14121445
0.13833211
0.13958792
0.1397351
0.13972062
0.13775885
0.13816306
0.13968804
0.1386918
0.14064163
0.139013
0.1384485
0.14093749
0.13881901
0.13906081
0.1390116
0.14111325
0.14046566
0.14034565
0.13945347
0.13928
0.1399782
0.14258385
0.14357014
0.14173916
0.1439065
0.14466368
0.14379546
0.14475936
0.14433506
0.14497016
0.14385393
0.14504974
0.14329845
0.14428002
0.14463443
0.1417771
0.14439304
0.1457285
0.1446688
0.14620273
0.14564593
0.14561737
0.14178412
0.14480053
0.14403984
0.14484946
0.14387952
0.14467603
0.14232153
0.14542168
0.14490776
0.1423912
0.1424264
0.14405245
0.14421703
0.14430256
0.14468545
0.14330585
0.14546505
0.1431137
0.1435652
0.14430091
0.14303246
0.14248854
0.14426246
0.14346959
0.1431224
0.14344077
0.14297855
0.14350511
0.14249285
0.1407058
0.14184204
0.1433906
0.14391948
0.14386314
0.1416988
0.14337784
0.14330825
0.14216672
0.14207935
0.14093415
0.14273037
0.14309363
0.14520742
0.14311472
0.14275202
0.14366733
0.14288035
0.14083529
0.14224501
0.14255163
0.13997409
0.1418756
0.14129739
0.14206675
0.14203024
0.14180943
0.14212243
0.14163852
0.14233011
0.14287426
0.14032021
0.14121738
0.14139329
0.14202967
0.14118885
0.1415934
0.14094052
0.14071803
0.13987863
0.14031544
0.14049922
0.13926205
0.13947828
0.13992895
0.14208399
0.14101692
0.13975239
0.14323701
0.14150229
0.14256208
0.14250448
0.14093314
0.1412309
0.14149338
0.14092103
0.14196078
0.14196233
0.14213766
0.14244926
0.14227588
0.1409413
0.14270532
0.14114438
0.14245972
0.14237659
0.14325778
0.14219132
0.14283438
0.14312477
0.14228116
0.14224358
0.1412688
0.14279875
0.14202036
0.14056866
0.14174488
0.14168566
0.14114632
0.14073116
0.13905519
0.1399938
0.14041086
0.1400453
0.13880195
0.1387821
0.1406574
0.14167392
0.14212738
0.1425621
0.1407794
0.14144893
0.14070569
0.14024484
0.14087725
0.1393159
0.14142689
0.14095168
0.13831103
0.14078648
0.1403436
0.13957533
0.14041246
0.14178537
0.14159082
0.1426316
0.14111345
0.14044717
0.14105947
0.1406873
0.13918638
0.13900201
0.14141375
0.14071509
0.14030445
0.13918059
0.13960016
0.13977395
0.13918836
0.14065048
0.1399198
0.13915841
0.13898213
0.13811974
0.1389733
0.13871543
0.1385947
0.13856104
0.13888726
0.13850051
0.1398887
0.13985911
0.1396594
0.13999765
0.14090352
0.13949154
0.14027841
0.14170602
0.14050536
0.14033064
0.13963588
0.1408258
0.13999495
0.13994977
0.14010227
0.14056575
0.14015841
0.14056537
0.14006299
0.14022616
0.14060688
0.13949414
0.13902035
0.13943052
0.13889745
0.13888831
0.14073482
0.13991004
0.13793348
0.13817585
0.13997827
0.13938329
0.13828905
0.14089346
0.1410624
0.13991746
0.1393152
0.13905635
0.13912678
0.14085907
0.13940065
0.13930053
0.13994294
0.13880505
0.13972436
0.14022318
0.14147006
0.13906172
0.13831963
0.13934767
0.13957849
0.13871697
0.13992219
0.13930407
0.1387637
0.13867302
0.13818972
0.13903861
0.13959831
0.13741343
0.13909681
0.13892105
0.13972035
0.13831107
0.13720492
0.13888673
0.13811612
0.1380602
0.13741496
0.13840333
0.1394023
0.13884535
0.13811104
0.1385857
0.13902588
0.13917832
0.13915645
0.14056826
0.14123139
0.13973625
0.14019556
0.13975103
0.14064611
0.1405804
0.13840361
0.14013691
0.13859841
0.13789228
0.13732961
0.13795963
0.13792618
0.13751829
0.13908087
0.13849814
0.1387506
0.13691439
0.13923764
0.14013776
0.13724858
0.13819642
0.13899115
0.13813764
0.13921925
0.13915426
0.13643287
0.13768402
0.13805857
0.13893318
0.13963678
0.13862121
0.13956703
0.13903394
0.1401145
0.13950711
0.13852835
0.1383415
0.13945921
0.14032584
0.14108515
0.14140718
0.14008923
0.14135955
0.1399639
0.13983333
0.13952434
0.13967583
0.14031145
0.13971291
0.13838188
0.13892587
0.1394641
0.13980326
0.14018627
0.13966936
0.13994507
0.1394263
0.1388842
0.13976184
0.1405436
0.1402541
0.13978468
0.1381816
0.13932669
0.13716546
0.13807133
0.13844955
0.13794051
0.1392409
0.13813248
0.1389445
0.13785182
0.13825938
0.1378738
0.13785253
0.1373095
0.13798706
0.13829961
0.13742387
0.13793631
0.13703945
0.13707502
0.1380102
0.13806805
0.13637744
0.13707021
0.13667636
0.1380452
0.13882531
0.13790539
0.13806733
0.13678059
0.13729703
0.13718803
0.13680826
0.13725196
0.13743512
0.13642064
0.13628048
0.13701423
0.13580123
0.13879977
0.13735734
0.13753736
0.13652992
0.13742535
0.13598542
0.13583648
0.13710837
0.13717088
0.13797925
0.13654383
0.1370061
0.13700835
0.13673243
0.13559464
0.13735212
0.13703302
0.13757554
0.13847858
0.13855608
0.13786498
0.13897999
0.13895197
0.13822484
0.13840035
0.13792264
0.13792431
0.1374811
0.13809745
0.13739748
0.13817728
0.14047898
0.14082251
0.14110102
0.14052117
0.14063759
0.14088295
0.14051645
0.14021236
0.13828437
0.14055593
0.14028232
0.13907821
0.13879143
0.13882723
0.14138886
0.14278391
0.14096609
0.14421937
0.14663528
0.14751305
0.14909007
0.14757286
0.14722517
0.14855197
0.14989156
0.14913063
0.14883761
0.14896396
0.14646989
0.1460387
0.14603607
0.14751352
0.14409159
0.14485468
0.14563166
0.14388904
0.1452358
0.14521652
0.14519542
0.1457039
0.14337075
0.14513251
0.14318119
0.14472161
0.14502732
0.14413843
0.14308935
0.1432295
0.14325663
0.1434569
0.14374053
0.14424767
0.14590684
0.14372452
0.14269894
0.14361688
0.14289252
0.14294066
0.14337805
0.1440514
0.14389703
0.14367634
0.1446371
0.14452967
0.14568914
0.14516659
0.14398299
0.14471456
0.14486946
0.14373642
0.14453469
0.14571387
0.14370207
0.14352189
0.14314239
0.14283273
0.14387803
0.14373364
0.14467415
0.14446189
0.14612988
0.1443693
0.14388339
0.14387435
0.14301077
0.14295098
0.14343569
0.14453772
0.14402883
0.14423224
0.14472046
0.14498183
0.1440408
0.14335552
0.14337839
0.14392307
0.14147647
0.14185385
0.14120431
0.14368907
0.14431347
0.14167581
0.14199829
0.14267461
0.14240755
0.14195046
0.14190838
0.14026462
0.14205828
0.1420527
0.14138322
0.14222747
0.13979162
0.1408624
0.14029889
0.14091423
0.14045458
0.1402468
0.13998316
0.14021337
0.14075677
0.1402325
0.14006524
0.13998736
0.14070426
0.13798942
0.13949914
0.13972166
0.13930741
0.13956942
0.13963626
0.14038287
0.14210658
0.14231282
0.14103234
0.13954484
0.14008392
0.14014557
0.14030318
0.13994446
0.14016578
0.13906357
0.14023127
0.14006703
0.14009123
0.1409682
0.14011805
0.1408701
0.13982116
0.14012654
0.1400286
0.13929515
0.13965967
0.1379085
0.13917238
0.14012656
0.13900487
0.136233
0.13874958
0.13793811
0.13918121
0.1375237
0.13928922
0.13794012
0.13837095
0.1388996
0.13865523
0.13966572
0.13830654
0.13903177
0.14021057
0.13819702
0.13740529
0.13826656
0.13824709
0.13765948
0.13577543
0.1389491
0.1390509
0.13905033
0.139199
0.1373273
0.13702159
0.13834709
0.1383468
0.13846922
0.13768157
0.13969442
0.13808042
0.13870911
0.1394193
0.13718748
0.13880558
0.13773578
0.13922064
0.1398161
0.13750371
0.1387225
0.13733
0.13782337
0.13826852
0.13795486
0.1375747
0.13785914
0.13856892
0.13977636
0.13753468
0.138211
0.1393487
0.1382041
0.13803461
0.13917616
0.13871728
0.13954963
0.14003244
0.13901328
0.13679309
0.13788882
0.13850178
0.13979715
0.13927425
0.13906251
0.13929969
0.13706279
0.13916585
0.13815077
0.1391139
0.13831943
0.13928029
0.13779703
0.13847995
0.13888127
0.14053905
0.13956916
0.13975433
0.14035903
0.13906091
0.13722552
0.1371427
0.13824606
0.13930997
0.13771032
0.13781303
0.13720635
0.13744424
0.13621722
0.13749836
0.13710254
0.13723075
0.13578741
0.1359926
0.13575414
0.13610195
0.13532487
0.13465036
0.13570693
0.13310714
0.13507509
0.13384089
0.13495252
0.13445216
0.13458136
0.13508248
0.13634628
0.13449627
0.13579708
0.13469955
0.13462557
0.13529477
0.13465068
0.13555858
0.13560899
0.13479419
0.13532542
0.13562793
0.13496488
0.1361165
0.13586932
0.1365227
0.13653553
0.13609537
0.13496336
0.13591269
0.13347371
0.13576588
0.13604203
0.13759218
0.13737382
0.13561694
0.13696891
0.13670407
0.13633582
0.13601492
0.13576706
0.13534696
0.13771267
0.13669375
0.13843378
0.13635209
0.1367687
0.13729446
0.13672093
0.13716862
0.13748975
0.13677865
0.13824852
0.13701552
0.13644944
0.13687189
0.13568383
0.1384883
0.13506673
0.13526173
0.1372833
0.1365559
0.13576269
0.13707058
0.1370522
0.13872263
0.1395999
0.13861813
0.14250025
0.14002922
0.13937393
0.14082025
0.14041853
0.13978903
0.14208423
0.141828
0.13946293
0.13957739
0.13894004
0.14004917
0.14202122
0.14120598
0.13944922
0.13967323
0.1391827
0.13931361
0.13872027
0.14214583
0.13897273
0.13794626
0.13851936
0.137844
0.13986287
0.13896978
0.13829899
0.13797955
0.13767618
0.13747899
0.13667832
0.14024797
0.14039363
0.14076366
0.13957562
0.1384994
0.13967639
0.13948616
0.13680395
0.13697821
0.13726792
0.13788825
0.13725103
0.13903491
0.1372774
0.13867484
0.13858172
0.13855259
0.13805452
0.13897146
0.13803093
0.1400267
0.13883352
0.13884711
0.13829128
0.13874272
0.13893186
0.13676208
0.13804312
0.13882016
0.13703147
0.13783762
0.13897239
0.13765019
0.13861178
0.13783756
0.13837513
0.13805895
0.13777247
0.13595477
0.13588838
0.13731232
0.13793491
0.13799103
0.13787614
0.13973865
0.13805024
0.13889287
0.1386661
0.1372206
0.13859732
0.13664576
0.13781159
0.13742991
0.13709062
0.14056765
0.1376352
0.13796553
0.13910478
0.13785635
0.13931434
0.13875976
0.14007553
0.13795431
0.13817279
0.13855258
0.13730358
0.13817434
0.13807252
0.13672702
0.1385295
0.13808692
0.13764024
0.1385056
0.13708939
0.13737066
0.13855954
0.13806759
0.13569736
0.13642669
0.13684039
0.13668668
0.13800704
0.13825534
0.13836937
0.13826361
0.13885032
0.13830328
0.13756834
0.13789302
0.13838458
0.13935928
0.13889669
0.14064987
0.1397234
0.13980657
0.13805905
0.13873369
0.13923697
0.13866553
0.13878404
0.13975185
0.13987783
0.1392604
0.13927072
0.14024724
0.13903497
0.13925877
0.13770841
0.13774107
0.13827758
0.13973564
0.13836604
0.13913754
0.14060861
0.13844343
0.13937376
0.13799135
0.13844112
0.14051805
0.13769837
0.13838457
0.13777187
0.13917035
0.13990311
0.1396067
0.13818184
0.13924044
0.13879055
0.13788182
0.13809697
0.1378412
0.13737854
0.13704465
0.13631669
0.14051078
0.13915828
0.13787623
0.13736662
0.13848038
0.1379892
0.13804793
0.13810614
0.13889973
0.13641298
0.13800713
0.13741472
0.13916281
0.13743332
0.13776925
0.13729279
0.1388739
0.13844544
0.13752069
0.13792875
0.13802657
0.13454098
0.13563293
0.13690272
0.13759708
0.13863091
0.138861
0.13647054
0.13760373
0.13773215
0.13691674
0.13909586
0.13816392
0.13883147
0.13848683
0.13822846
0.1395642
0.13979225
0.13953243
0.13881382
0.13928716
0.1381869
0.13797829
0.13871787
0.13812311
0.13764022
0.13690226
0.13775995
0.1372118
0.13754456
0.13703528
0.13723728
0.13609187
0.13762605
0.13801605
0.1369357
0.13730253
0.13690303
0.13811143
0.13737874
0.13759607
0.1364729
0.13533297
0.13582201
0.13632803
0.13793236
0.13552342
0.1360403
0.13627082
0.13672383
0.13559364
0.1370495
0.13452978
0.1361579
0.13632558
0.13517693
0.13691702
0.13884774
0.13789
0.13764684
0.1411247
0.1392946
0.13860133
0.13812143
0.13775587
0.1383213
0.13929838
0.13985902
0.13989006
0.13749008
0.1392509
0.1391713
0.13930655
0.13831753
0.13671939
0.1374624
0.1363022
0.13558315
0.13748917
0.13843662
0.1374514
0.13971667
0.14118242
0.13932645
0.14030084
0.13783216
0.13944434
0.13976851
0.13859367
0.13884929
0.14004976
0.13902818
0.13946867
0.13936654
0.13746996
0.1372498
0.13741563
0.13930027
0.14032431
0.13981572
0.14038877
0.13998349
0.13911806
0.13708292
0.13917933
0.13950539
0.13742562
0.13796246
0.13759203
0.13645771
0.13807411
0.13655393
0.13757475
0.13921854
0.13872945
0.13880576
0.13773306
0.13832971
0.13814786
0.13767722
0.13691477
0.13868418
0.13825306
0.13878922
0.13748771
0.1362903
0.13756114
0.13741912
0.1374292
0.13605694
0.13759737
0.13807711
0.13787168
0.13822693
0.14000791
0.13939983
0.13785522
0.13803005
0.13868076
0.13743605
0.13799322
0.13728155
0.13622221
0.13847303
0.1389567
0.13696216
0.13772798
0.13917199
0.13716678
0.1375035
0.1378761
0.1370034
0.13740765
0.13798302
0.13778909
0.13899532
0.13634415
0.13652189
0.13733916
0.13636526
0.13682437
0.13643572
0.13532896
0.13611707
0.13688926
0.13584808
0.13619328
0.13612808
0.13651486
0.135238
0.13628864
0.13543984
0.13698784
0.13478513
0.1369566
0.13460611
0.13705511
0.13433304
0.13384436
0.13492277
0.13578902
0.13623264
0.13663308
0.13563192
0.13359806
0.13513339
0.13379435
0.1342846
0.13384663
0.13310926
0.1341941
0.13469183
0.1345944
0.13611686
0.13650225
0.13597552
0.13870329
0.13743624
0.13967174
0.13736497
0.13642947
0.13669102
0.13708633
0.13749786
0.13737795
0.13786116
0.13872473
0.13832693
0.13671894
0.13766153
0.13711475
0.13698041
0.13656935
0.13623285
0.1375592
0.13778973
0.13763483
0.13711338
0.13816771
0.13922991
0.13834982
0.13731818
0.13709113
0.1374096
0.13860407
0.1368504
0.13679782
0.13784786
0.13729666
0.13725469
0.13827783
0.13794856
0.13570955
0.13840048
0.13724306
0.13570745
0.1383299
0.13627148
0.13608128
0.1370736
0.13588858
0.13789196
0.13749531
0.13638851
0.13835546
0.13650219
0.13784988
0.13650715
0.13455409
0.1361965
0.13527931
0.13540669
0.13609369
0.13514508
0.13585956
0.13642624
0.13700023
0.13529024
0.13499038
0.13582198
0.13638572
0.13434976
0.13582258
0.13530776
0.13710825
0.13810378
0.13687229
0.13634975
0.13565782
0.13635594
0.13507208
0.1360871
0.13596374
0.1373926
0.1366184
0.13464652
0.13741435
0.13826457
0.13634987
0.13628003
0.1358431
0.13560602
0.13402377
0.13572784
0.13437247
0.13454512
0.13522482
0.13503149
0.13414522
0.13539271
0.13563211
0.13604891
0.135152
0.1359235
0.13697837
0.13469954
0.13641511
0.13673744
0.13614264
0.13616507
0.13484797
0.13437478
0.13667499
0.1364294
0.13497782
0.13767491
0.13834754
0.13523161
0.13667764
0.13648471
0.13637699
0.13572446
0.13413881
0.13455595
0.134579
0.13374966
0.1361009
0.13469942
0.13477968
0.13622682
0.13531503
0.13512512
0.13665353
0.13402186
0.13361715
0.1344897
0.13323805
0.13545746
0.13627443
0.13399191
0.13512877
0.13426636
0.13539873
0.1354135
0.13469075
0.13524331
0.13537563
0.13556707
0.13261063
0.13398056
0.13445072
0.13489975
0.13445392
0.13516895
0.13444252
0.1346029
0.13554148
0.13501176
0.13497826
0.13350776
0.1350603
0.13564523
0.13437481
0.1355857
0.13462132
0.13413166
0.1352701
0.13636741
0.1362994
0.13679829
0.13470724
0.13617489
0.1348461
0.13500665
0.13558331
0.13595295
0.13506478
0.13665335
0.13794163
0.13614213
0.13480759
0.13562106
0.1357436
0.13888723
0.1360815
0.13702574
0.13876235
0.13652585
0.1382106
0.13626799
0.1372635
0.13625859
0.13558444
0.13706434
0.1360557
0.13526462
0.13465379
0.13588023
0.13441285
0.1361413
0.134482
0.13690193
0.13730638
0.13768528
0.13609189
0.13641453
0.13516128
0.13549769
0.13564081
0.13538189
0.13482964
0.13570602
0.13467006
0.136028
0.1368469
0.13613391
0.13681288
0.13781257
0.13742335
0.13628232
0.13714272
0.13552964
0.13754752
0.13448763
0.13474567
0.13607568
0.135344
0.13448729
0.13661036
0.13786928
0.136952
0.13750128
0.13639247
0.13490914
0.13772145
0.1383038
0.135696
0.13854697
0.13802691
0.13920988
0.13918911
0.1386406
0.13830167
0.13979635
0.13819951
0.13774383
0.13939127
0.13762178
0.13861465
0.13719814
0.13723485
0.13875762
0.13570532
0.13640521
0.13779955
0.13537298
0.13734932
0.13731995
0.13675223
0.13537675
0.13701147
0.13760641
0.13659222
0.13391963
0.13478899
0.1351931
0.13591877
0.1338532
0.13480733
0.13573097
0.13327055
0.13538933
0.13426937
0.13485515
0.13465519
0.13536152
0.13594785
0.13318394
0.13363364
0.1342126
0.13525438
0.13433343
0.13623652
0.133666
0.13371585
0.13363689
0.13613835
0.13548715
0.13537063
0.13512196
0.13612306
0.13496889
0.1350767
0.13592546
0.13515502
0.13718088
0.13597038
0.13519149
0.1368551
0.1342142
0.13392074
0.13376665
0.13388075
0.13444322
0.13374011
0.13447212
0.13489838
0.13393708
0.13320777
0.1336178
0.13479207
0.13462806
0.1343631
0.13469207
0.1347751
0.13345054
0.13365632
0.13416651
0.13371024
0.13386874
0.13522168
0.13438988
0.13365707
0.13407505
0.13430643
0.13358909
0.13468313
0.13408935
0.13603485
0.13683997
0.1368211
0.13566335
0.13639799
0.13751136
0.13588865
0.13923162
0.13789478
0.1400744
0.13953184
0.13972937
0.13949469
0.13818067
0.13918419
0.13687316
0.13770244
0.1374983
0.13637999
0.13694404
0.13757153
0.13720639
0.13729799
0.13658209
0.1383134
0.1378288
0.13665038
0.13779946
0.13671364
0.13774857
0.13553466
0.13652508
0.13696487
0.13829148
0.1385293
0.138553
0.13537328
0.1376401
0.13546342
0.13831542
0.1390945
0.13673472
0.13776469
0.13548301
0.13669044
0.1361353
0.13557243
0.13635176
0.13769814
0.13654844
0.13666809
0.13743563
0.1366423
0.13621296
0.13589902
0.13622011
0.13725604
0.13694131
0.13630776
0.13716441
0.13656732
0.13553095
0.13574219
0.13563877
0.13591646
0.1365248
0.13606223
0.13546425
0.13512224
0.1351718
0.13346791
0.13443856
0.1363505
0.13506404
0.13540424
0.13566034
0.13475475
0.13317877
0.13345626
0.1358352
0.1354783
0.13496283
0.13449304
0.1342901
0.13537233
0.13426134
0.13543126
0.13504457
0.13253045
0.13385071
0.13594657
0.13529184
0.13498896
0.13428637
0.13317041
0.13546805
0.13507421
0.1352271
0.13337165
0.13509014
0.13614774
0.13483855
0.13531971
0.13473836
0.13439305
0.13343541
0.13362816
0.13268934
0.1346352
0.13309371
0.13392071
0.13295452
0.13424511
0.13462026
0.13405664
0.1341254
0.13374658
0.13262884
0.1330297
0.13407451
0.13306728
0.13251199
0.13327263
0.13217553
0.13199878
0.1317113
0.13217612
0.13274877
0.13379863
0.13536063
0.13473016
0.13521144
0.13567881
0.13700473
0.13745569
0.13813114
0.13833037
0.13861994
0.1379439
0.139181
0.1360649
0.13549136
0.1378981
0.13701092
0.13838525
0.13752913
0.13796772
0.14035742
0.1384165
0.13858901
0.13859849
0.13678122
0.13846877
0.1379923
0.1388011
0.13813102
0.13866884
0.13880092
0.13680738
0.13879716
0.1389304
0.13698477
0.14048223
0.13801435
0.13976079
0.13902459
0.13996357
0.13974442
0.13866276
0.13949999
0.13923348
0.13803017
0.13964619
0.13958454
0.13973424
0.14013678
0.13902214
0.13868791
0.13860688
0.14132653
0.14032122
0.1391823
0.13938299
0.14026146
0.13924983
0.13987418
0.1389019
0.1383286
0.1382734
0.13820764
0.13719839
0.13795036
0.13672704
0.13716184
0.13600802
0.13703817
0.13586488
0.1357018
0.13738003
0.13486412
0.13712776
0.1365361
0.13630694
0.1353346
0.13663791
0.1356219
0.13546006
0.13599412
0.13585384
0.13559379
0.13533854
0.13472652
0.13607022
0.13462679
0.13514107
0.13681781
0.13807079
0.13757433
0.1379602
0.13762435
0.13707636
0.13637753
0.13661017
0.13703789
0.13672848
0.13778415
0.13703501
0.1364594
0.13618836
0.13667543
0.13686094
0.13658442
0.13596004
0.13743624
0.13753414
0.1378107
0.13721289
0.13709651
0.13809139
0.13637292
0.13723455
0.13847974
0.13712448
0.13788909
0.13669252
0.13762723
0.1359289
0.13561015
0.1362348
0.1341755
0.13587877
0.13610645
0.13472863
0.13416415
0.13599928
0.1345555
0.13523863
0.13529153
0.13456278
0.13406375
0.13400085
0.13370931
0.1359363
0.13485914
0.1362293
0.13342986
0.1336206
0.13427277
0.133314
0.13522923
0.1328761
0.13303272
0.13495424
0.13504852
0.13521525
0.13448389
0.13512346
0.13382
0.13438067
0.1329281
0.134972
0.13240921
0.13300599
0.13303396
0.13278851
0.1322908
0.13276598
0.13363199
0.13210286
0.1331102
0.13322806
0.13242105
0.13362285
0.13303407
0.13339962
0.13246779
0.13220975
0.13184209
0.13344227
0.13246243
0.13300622
0.13262141
0.13300642
0.13355187
0.1333051
0.1332101
0.13223836
0.1325284
0.13329634
0.13398762
0.13364932
0.13142294
0.13197494
0.13271137
0.13233328
0.13214539
0.13339339
0.13403781
0.13512078
0.13537094
0.13502586
0.13656883
0.13521443
0.13811433
0.13617638
0.1370297
0.1368533
0.13724633
0.13654144
0.13700011
0.13788027
0.13551772
0.13909355
0.13648584
0.13417137
0.13407284
0.1369072
0.13603586
0.13476487
0.13535379
0.1355407
0.1373292
0.13726947
0.1370046
0.13525438
0.13545507
0.13493145
0.13543117
0.13542548
0.13515908
0.13533586
0.13485268
0.13377987
0.1351599
0.13404629
0.13449034
0.13462652
0.13349089
0.13359684
0.13370481
0.13525282
0.13532747
0.13599144
0.1368905
0.13653196
0.13670169
0.13550076
0.1374002
0.13638052
0.13484327
0.13578191
0.13450953
0.13584727
0.13510676
0.13482939
0.1345848
0.1351911
0.13602957
0.1350998
0.13495532
0.13406023
0.13498138
0.13463825
0.13510637
0.13374361
0.13385195
0.13265432
0.1343601
0.13139634
0.13385876
0.13416405
0.13425033
0.13510863
0.13452418
0.1342986
0.13496701
0.13515957
0.13339683
0.13329762
0.13383119
0.13431248
0.13465911
0.13373989
0.13323675
0.13223039
0.13276151
0.13279346
0.13197288
0.13303983
0.13305603
0.13323282
0.13388562
0.13326007
0.1340491
0.13428195
0.13390993
0.13483238
0.13308196
0.13359913
0.13477354
0.1347848
0.13661373
0.13436031
0.13477345
0.13450824
0.1347229
0.13453732
0.13395505
0.13282509
0.13285042
0.13222207
0.13379772
0.13283081
0.13457845
0.13323087
0.13365403
0.13358365
0.13313448
0.13445066
0.1341664
0.13405684
0.13353448
0.13449413
0.13345638
0.13494319
0.13462004
0.1330385
0.13317813
0.13434495
0.13232711
0.13336372
0.13273601
0.1336811
0.13137427
0.13180742
0.13091654
0.13050522
0.13129094
0.1300549
0.13097116
0.13024947
0.12967019
0.13216072
0.1305987
0.13050462
0.1319356
0.13170657
0.13077706
0.13031247
0.13054585
0.13087904
0.13110292
0.13069527
0.13062444
0.13027382
0.13020295
0.1303869
0.13083628
0.13158637
0.13072363
0.13092314
0.13049354
0.13028829
0.1311558
0.12999217
0.13201573
0.131115
0.13027376
0.12979785
0.13040389
0.13036221
0.13161904
0.1316256
0.13319646
0.13426714
0.13179687
0.13016066
0.13193505
0.13266069
0.13299464
0.13188893
0.13345227
0.13318643
0.13189289
0.13311352
0.13223156
0.1334043
0.13399072
0.13282613
0.13198715
0.13273673
0.13114592
0.13275957
0.13187507
0.13311356
0.13077486
0.13261555
0.13186367
0.13128215
0.13240749
0.13187048
0.13177618
0.13145944
0.13144475
0.1322632
0.13168274
0.13252464
0.1307024
0.13239066
0.13201135
0.13273071
0.13042127
0.13189021
0.12986866
0.1295916
0.13187386
0.13084836
0.13128476
0.13161469
0.1313952
0.13191478
0.1313152
0.13136952
0.13298433
0.13256629
0.13221288
0.13337202
0.1325964
0.13333638
0.13141909
0.13243456
0.13283117
0.13370132
0.13351774
0.1306062
0.13097934
0.1310393
0.1319799
0.13208552
0.13080846
0.13176452
0.13071445
0.13144664
0.13236783
0.13218701
0.13146676
0.13042733
0.13167785
0.13068387
0.13166124
0.13129845
0.13036793
0.13075717
0.13146265
0.13110988
0.13083391
0.13165388
0.1308216
0.13087735
0.13096473
0.13085821
0.13202049
0.1298124
0.13069265
0.13113138
0.12969485
0.13167578
0.13004528
0.13114995
0.13172759
0.13090336
0.13127345
0.13167825
0.13157693
0.1306311
0.13056365
0.13152024
0.1308007
0.13057072
0.13001971
0.13182417
0.13186695
0.1310016
0.13301024
0.13198239
0.13055384
0.13192849
0.13152726
0.13124791
0.13053961
0.13254246
0.13295656
0.13136819
0.132468
0.1331327
0.13181598
0.13176094
0.13220747
0.13054788
0.13117972
0.1316584
0.13252303
0.13367307
0.13156044
0.13151187
0.1318765
0.13200477
0.13254699
0.13185328
0.13157442
0.1317131
0.13209398
0.13250259
0.13338818
0.13299936
0.1321028
0.13260476
0.13483874
0.13330998
0.13518569
0.13328882
0.13276161
0.13274996
0.13259406
0.13383113
0.1315416
0.1321197
0.13417335
0.13026294
0.13077645
0.13099438
0.13229406
0.13143705
0.13163179
0.13019623
0.13095443
0.12908112
0.12979545
0.13095748
0.1301834
0.13074534
0.13042805
0.1322894
0.13272375
0.13280064
0.13112336
0.13145873
0.12969366
0.13013966
0.12837559
0.13085048
0.13130878
0.1317257
0.13143466
0.13061048
0.13070792
0.13014287
0.1312658
0.13250563
0.13172221
0.13084961
0.13099733
0.12984663
0.13060722
0.13055235
0.12990218
0.13077348
0.1307189
0.13187262
0.1319756
0.13148446
0.13297959
0.13270338
0.13184448
0.13106427
0.13096812
0.13044403
0.13200665
0.13107756
0.13137428
0.13169567
0.1334248
0.13083254
0.1318087
0.13313754
0.13194938
0.13156572
0.13172662
0.13167115
0.13058451
0.13151786
0.13083622
0.13133025
0.13258463
0.13048947
0.13154383
0.13236706
0.13092938
0.13183542
0.13142173
0.13085842
0.13106392
0.13344292
0.13277918
0.1309634
0.13065632
0.13114426
0.13205183
0.13140574
0.13207717
0.13230984
0.13145645
0.13148743
0.13154957
0.13208225
0.13227119
0.13165908
0.13358223
0.13298166
0.13270399
0.1314345
0.13063376
0.13138221
0.1312729
0.13112253
0.13168906
0.1311887
0.1314994
0.1320309
0.1315616
0.13334201
0.13094167
0.13193008
0.1306406
0.13120301
0.13009897
0.13083953
0.1298924
0.12996131
0.1305891
0.13118075
0.1296256
0.13044593
0.13010219
0.13048282
0.13056043
0.13117051
0.12952313
0.12993352
0.1317092
0.13077801
0.13195169
0.13019526
0.13046497
0.13080052
0.13005774
0.13088839
0.12924308
0.13101803
0.13190214
0.130457
0.12975246
0.13138305
0.13047232
0.12973474
0.13101971
0.13131909
0.13001682
0.13134146
0.13020709
0.13043705
0.12955037
0.13139875
0.13292964
0.13075414
0.13033429
0.12970775
0.13123123
0.13233873
0.13137746
0.13174799
0.13035299
0.13132823
0.13233292
