===================== Time: [Thu Aug 11 04:06:34 2022] ========================
0.025613477
0.02483661
0.02511928
0.024817813
0.024529021
0.024285236
0.023886785
0.023716832
0.023415428
0.023171753
0.022669237
0.022860922
0.022756511
0.022889953
0.022962186
0.022800658
0.022656748
0.022151882
0.022346672
0.022386536
0.022238545
0.02210413
0.02208421
0.021859031
0.021889374
0.02204335
0.021969141
0.021835787
0.021656103
0.02156035
0.021581229
0.021528274
0.021645984
0.021479119
0.021621576
0.021467758
0.021558287
0.021435462
0.021366525
0.02146988
0.021579923
0.021293977
0.021439236
0.021426918
0.021529155
0.021411005
0.021349689
0.021341894
0.021396171
0.021354783
0.021333521
0.021340026
0.02137348
0.021115582
0.021049745
0.020917803
0.020877562
0.02088337
0.020899156
0.020705137
0.020735122
0.020620402
0.020697476
0.020605782
0.020524522
0.020428754
0.020432552
0.020824263
0.020911118
0.02072588
0.020709934
0.020740282
0.02076197
0.020880759
0.020734284
0.020682681
0.020482387
0.020606985
0.020697724
0.020563897
0.020634212
0.020607729
0.020672362
0.02059864
0.0205389
0.020293495
0.020258164
0.02052816
0.020565309
0.020542419
0.020359883
0.02035519
0.020315308
0.02037627
0.020284547
0.020265402
0.020251395
0.020293275
0.020183938
0.02000851
0.019942395
0.020149304
0.020073334
0.019838767
0.020071499
0.020315941
0.019908154
0.0198729
0.019783141
0.019819431
0.019892316
0.01985633
0.019838931
0.019734003
0.01963327
0.019729774
0.019747982
0.019740788
0.019739846
0.019837944
0.019711193
0.019676177
0.019626038
0.019647695
0.019597247
0.019784845
0.01978968
0.01976271
0.019743815
0.019588357
0.019660199
0.019721199
0.01978874
0.019772904
0.019813903
0.019891405
0.019851273
0.019797307
0.01996792
0.019988347
0.020006236
0.02005635
0.019996744
0.019836582
0.019963352
0.020028522
0.01991931
0.019926915
0.02003259
0.019961914
0.020222222
0.020317078
0.020514032
0.02037338
0.020263702
0.020151043
0.019939667
0.02002999
0.019987512
0.020012476
0.02005287
0.020025136
0.019828685
0.019719562
0.019805325
0.019678082
0.019863479
0.019849243
0.019793315
0.019765608
0.0198249
0.020003548
0.020177145
0.019884683
0.020035056
0.019930199
0.02003088
0.01988729
0.019813277
0.019751385
0.019743016
0.019877546
0.019780252
0.0197771
0.019506201
0.019673036
0.019656887
0.019846385
0.019627608
0.01968876
0.019609464
0.019508127
0.019516524
0.01948238
0.019575497
0.019523637
0.019529486
0.01945323
0.019382242
0.019395271
0.019410912
0.019399254
0.019324139
0.019270804
0.019163005
0.019272337
0.019215278
0.019247286
0.019219471
0.019281121
0.019249173
0.01915249
0.01924808
0.019299941
0.019180428
0.019246396
0.019285314
0.019311685
0.019194994
0.01911039
0.019076813
0.01928214
0.019118635
0.019221466
0.019158768
0.019078445
0.019010594
0.018861283
0.018968528
0.018719038
0.018980894
0.018977365
0.018980326
0.019026581
0.019058844
0.01906862
0.019083569
0.019026633
0.01898392
0.019009648
0.018876275
0.018831732
0.01894084
0.018953908
0.018926578
0.018934378
0.018779347
0.018917218
0.018959198
0.018895188
0.01888714
0.018969838
0.018892402
0.01898189
0.019034578
0.01896405
0.018847574
0.01876827
0.01908258
0.01912484
0.018973615
0.018923331
0.018974477
0.018880943
0.018912615
0.018963031
0.019085286
0.019143136
0.019146513
0.018859467
0.018886225
0.018914795
0.018800829
0.018787442
0.018784432
0.018862998
0.01894374
0.01900226
0.018928725
0.01881661
0.018760016
0.018697903
0.018823639
0.01868264
0.018741446
0.018701682
0.0187421
0.018746655
0.018791214
0.018872043
0.018984862
0.018830124
0.018870844
0.018825773
0.018766714
0.018768888
0.018914761
0.018825427
0.018921072
0.018907102
0.019057103
0.018793639
0.018726934
0.01877995
0.01877192
0.018803583
0.01874794
0.018806707
0.018768523
0.018829964
0.018827388
0.018782677
0.018833444
0.018730106
0.0187525
0.018662604
0.01857402
0.018700067
0.018649826
0.018719329
0.018801523
0.01860652
0.018621698
0.018432952
0.018576963
0.018604908
0.01856171
0.018703127
0.018663118
0.018756334
0.018685982
0.018728647
0.01869689
0.01865376
0.018619565
0.018687302
0.018663961
0.018641455
0.01855385
0.018428497
0.018519325
0.018521218
0.018672785
0.01861581
0.018508157
0.018502345
0.018465918
0.018603131
0.01858428
0.018569864
0.018420728
0.01849308
0.018553736
0.01853596
0.0184649
0.018588241
0.018473888
0.018381696
0.018432204
0.018346401
0.018438308
0.018566769
0.01856584
0.018499773
0.018575745
0.018668173
0.018604886
0.018646603
0.018683683
0.0186901
0.018573161
0.018610189
0.018635768
0.018667948
0.018557213
0.018519832
0.018488359
0.018455354
0.01856467
0.018445589
0.018640196
0.018346053
0.018444074
0.018502098
0.018329155
0.018475322
0.018403428
0.018307243
0.018451668
0.018423801
0.01840422
0.018415602
0.01824666
0.018302036
0.018504437
0.018492939
0.018368928
0.018505227
0.018603073
0.018513171
0.018444581
0.018504795
0.018675067
0.018510912
0.018436287
0.018508717
0.018478518
0.018574392
0.01856489
0.018646358
0.018630998
0.018476715
0.018454393
0.018345939
0.018545313
0.018384835
0.018468969
0.018485969
0.018587396
0.018541465
0.01844332
0.018449537
0.018534353
0.01859274
0.018435935
0.018488353
0.018217681
0.018341448
0.01830172
0.018346343
0.018215694
0.018281655
0.018347366
0.018272778
0.018287113
0.018356198
0.018299345
0.018398134
0.018369833
0.018339766
0.01839825
0.018178722
0.018348638
0.018312136
0.018218009
0.018179702
0.018198349
0.018075025
0.018278252
0.018170709
0.018132864
0.018157186
0.018139495
0.018231045
0.018271133
0.018103633
0.018188136
0.01819626
0.018218545
0.018158572
0.018276785
0.018304955
0.01829865
0.018113391
0.018147878
0.01818038
0.018220942
0.018235696
0.018140946
0.018197756
0.018198866
0.018194577
0.018074807
0.018101465
0.018219095
0.018234678
0.01822033
0.018156735
0.018106926
0.018200565
0.018168164
0.018175408
0.018087741
0.018108433
0.018064147
0.018158345
0.01807644
0.018089334
0.018188244
0.018091077
0.018092766
0.018144598
0.01800443
0.01817112
0.018046087
0.018084135
0.018078653
0.01799957
0.01801142
0.018041678
0.01803887
0.018127967
0.017986394
0.018045891
0.018096726
0.01809251
0.018051572
0.018142864
0.018048929
0.018061282
0.018045733
0.01792867
0.017864706
0.017893426
0.017874576
0.018022431
0.017937804
0.017899657
0.018027075
0.018028235
0.018009426
0.017994331
0.017991178
0.017888702
0.018065443
0.018105926
0.018079024
0.018148933
0.018090522
0.018032655
0.018056398
0.018123584
0.018104415
0.018171286
0.018304696
0.018198082
0.01825329
0.018274548
0.018160455
0.01818599
0.018201021
0.018108333
0.017985214
0.017855654
0.018021783
0.017954847
0.018075723
0.01809376
0.018055346
0.018158015
0.018084923
0.01803537
0.018074414
0.017998133
0.018012438
0.017971326
0.017974617
0.018101996
0.018092122
0.0179428
0.017907524
0.018041579
0.018094258
0.018024528
0.017912623
0.017884
0.017919738
0.017957427
0.017912444
0.017901711
0.017853301
0.01788894
0.018014595
0.018028542
0.017987171
0.018011507
0.018036779
0.017864557
0.01774418
0.017997079
0.017899482
0.017954636
0.018081749
0.018028598
0.017971687
0.01796728
0.017956015
0.017773358
0.01797565
0.017880432
0.018019207
0.017914059
0.01797908
0.017876677
0.018092776
0.017865691
0.018110804
0.017942145
0.018082026
0.01789602
0.01794297
0.01785802
0.017921899
0.017860044
0.017821144
0.017728917
0.01784637
0.017786885
0.01795763
0.017910842
0.01781377
0.017840525
0.017859763
0.017831605
0.017841179
0.017909136
0.017930724
0.017813563
0.017773418
0.01781834
0.017892687
0.01785665
0.017910939
0.017861363
0.018012706
0.018074606
0.01799553
0.01791673
0.017984027
0.017949805
0.01788343
0.017944016
0.018017337
0.017948953
0.017860198
0.017942062
0.018181063
0.017966645
0.017894614
0.0179083
0.018051824
0.01802921
0.01799851
0.018033551
0.018039765
0.01788734
0.017922899
0.017863654
0.018021954
0.01794857
0.017804649
0.017828565
0.017975507
0.017889492
0.017772464
0.017689023
0.017861892
0.017873026
0.017912619
0.018004049
0.01793984
0.01778106
0.01776137
0.017849788
0.017930273
0.017830556
0.01789393
0.01801128
0.017971767
0.018013265
0.017999044
0.017908534
0.017977087
0.017852895
0.01794025
0.017881256
0.01789536
0.017922956
0.017923893
0.017967802
0.017850455
0.017942803
0.01783879
0.017808948
0.017929958
0.017795004
0.01788618
0.017989108
0.017790124
0.017704977
0.017766135
0.01784902
0.017885046
0.017821912
0.01795761
0.017906167
0.017912814
0.017934427
0.017789528
0.017750166
0.01777252
0.017919714
0.017868694
0.017704772
0.017766846
0.01760277
0.01776295
0.017787466
0.017724965
0.017744403
0.017880496
0.01776056
0.01778608
0.017646484
0.017717352
0.01765924
0.01763392
0.017810266
0.017804962
0.0178059
0.01778544
0.017739112
0.017803272
0.01792679
0.018055445
0.017862603
0.017769933
0.017714117
0.017821273
0.017788757
0.017707685
0.01771166
0.017841345
0.017790264
0.01790742
0.017784696
0.01788601
0.017831257
0.017870884
0.01778356
0.017803356
0.017825197
0.017824544
0.017802829
0.01767984
0.01761869
0.01774542
0.01784115
0.01781947
0.017701957
0.01772247
0.01775637
0.017876547
0.0178747
0.017794961
0.017742025
0.017967865
0.017636621
0.01760216
0.017742492
0.01779748
0.01774012
0.017749306
0.017843828
0.017768133
0.01779809
0.017734794
0.01782199
0.017763004
0.017816424
0.017686145
0.017611366
0.017796174
0.017638883
0.017774714
0.017683556
0.017574498
0.017678615
0.017657882
0.01760535
0.017653804
0.017656911
0.017570078
0.017545952
0.017737333
0.017644113
0.017663453
0.017727723
0.017749164
0.017726216
0.017624717
0.017712627
0.017619578
0.017651476
0.017623147
0.017689338
0.017534554
0.017587047
0.01765061
0.017735168
0.01769544
0.017661385
0.017704023
0.01783986
0.01775908
0.017802704
0.017653454
0.01757031
0.017650852
0.017735867
0.017676357
0.017687116
0.017681692
0.01765355
0.017674057
0.017823674
0.017744761
0.017781507
0.017850742
0.017805971
0.01759439
0.017660245
0.017766671
0.017730286
0.01786288
0.017782297
0.017784042
0.017818265
0.01781143
0.0177486
0.017506685
0.017768666
0.017675942
0.017594544
0.017732486
0.01762016
0.017605945
0.017737044
0.017738258
0.01761189
0.01784941
0.017656013
0.01764203
0.017515715
0.017800046
0.01776873
0.017713943
0.017693982
0.017778322
0.017776856
0.01767041
0.017678604
0.017762361
0.017720355
0.017650604
0.017751671
0.017646983
0.017637838
0.017699188
0.017765101
0.017613538
0.017720163
0.017741753
0.017841494
0.01764528
0.01767454
0.017775247
0.017715499
0.01764661
0.01763134
0.017616289
0.017562479
0.017598787
0.017523194
0.01754301
0.017723829
0.01761627
0.017627258
0.017672852
0.01749979
0.017631328
0.017495854
0.017560596
0.017489236
0.017552761
0.017606549
0.017573124
0.017542629
0.017539255
0.017631445
0.017515117
0.017625034
0.017698511
0.017600631
0.017635867
0.01776759
0.01782358
0.017860899
0.017788673
0.017815975
0.017838344
0.017929312
0.017715331
0.017581332
0.01762336
0.017529424
0.017472988
0.017526355
0.017705726
0.017581519
0.017645411
0.017554069
0.017644033
0.017651623
0.017702846
0.01763495
0.017566884
0.017797336
0.017616889
0.017632065
0.01780038
0.017815607
0.017788682
0.017703824
0.017741509
0.017800566
0.017823253
0.017743733
0.017818272
0.017646631
0.017650431
0.017786138
0.017663745
0.017559668
0.017638827
0.017593607
0.017548582
0.017589075
0.017635578
0.017686501
0.01757047
0.017777344
0.01759499
0.01763539
0.017651921
0.017645475
0.017595205
0.017589308
0.017587356
0.017720815
0.017667642
0.017638875
0.017708123
0.017737417
0.017846845
0.01785963
0.01776795
0.017663762
0.017820267
0.017688861
0.017740456
0.017893188
0.017915575
0.017823167
0.01772769
0.017809752
0.017789219
0.017849034
0.017734706
0.017947799
0.017762152
0.017861791
0.017738948
0.017745595
0.017783828
0.017692512
0.01774476
0.017715741
0.017711852
0.017564803
0.017684795
0.017713806
0.01774832
0.017718814
0.017671542
0.017718857
0.017651457
0.017686477
0.017719291
0.017639054
0.01750397
0.01759162
0.017652286
0.017653903
0.017569546
0.017518863
0.017586607
0.017585505
0.01746341
0.017575312
0.017670447
0.017672783
0.017535545
0.017742919
0.017573146
0.017767169
0.017705632
0.017586043
0.017581368
0.017595096
0.017432753
0.017495887
0.017553115
0.017546989
0.01748904
0.01761706
0.017551575
0.017649952
0.017470127
0.017443132
0.017496813
0.017702889
0.01763766
0.017560411
0.01757223
0.017624753
0.017686222
0.017647786
0.017527202
0.017611355
0.017728627
0.017622368
0.017778192
0.017489687
0.017553458
0.017551908
0.017583145
0.01759338
0.017680293
0.01763283
0.017646596
0.017453311
0.017626692
0.017628945
0.01768781
0.017615378
0.017527727
0.01762567
0.0175743
0.017517472
0.017563617
0.017505443
0.017445121
0.017601976
0.01757737
0.017695883
0.017524201
0.017434727
0.017489241
0.017507896
0.017503766
0.017611487
0.017638847
0.01750286
0.017415594
0.017477913
0.017453585
0.017400846
0.01740241
0.017450167
0.017500853
0.017394021
0.017454514
0.017494753
0.01769573
0.017610563
0.017525267
0.017537374
0.017483875
0.017553452
0.017433701
0.017481754
0.01745789
0.017412921
0.017526027
0.017483996
0.017420134
0.017378949
0.017407767
0.017378239
0.017476035
0.0175183
0.017507395
0.017512366
0.017445184
0.017434467
0.017518895
0.017438387
0.017482987
0.01754936
0.017496925
0.01740146
0.017533164
0.01760413
0.017584726
0.017505925
0.017457446
0.017465016
0.017642163
0.017642912
0.017554825
0.01762968
0.017653635
0.017654486
0.017564427
0.01759466
0.017529992
0.017495308
0.017517757
0.017459083
0.017530419
0.017504105
0.017479178
0.017436663
0.017580314
0.0174287
0.017445458
0.017493954
0.017621184
0.017544834
0.017570991
0.017511297
0.01739258
0.017419394
0.017509887
0.017655741
0.01761347
0.01762896
0.0174446
0.017718503
0.017594283
0.017600521
0.017451502
0.017526982
0.017508337
0.017559512
0.017668275
0.01764817
0.01760398
0.017600575
0.017491452
0.017505512
0.017487124
0.01738376
0.017629776
0.017558096
0.017454175
0.0175965
0.017543508
0.017545907
0.0175992
0.017459238
0.017436728
0.017566044
0.017468775
0.017329259
0.017541358
0.017416725
0.017518202
0.017423382
0.017348317
0.017296938
0.017535973
0.017535752
0.017438285
0.017395334
0.017453287
0.017388834
0.017475192
0.017713388
0.017450735
0.01760706
0.017620906
0.017652838
0.017616618
0.017557962
0.01766611
0.017609209
0.01756737
0.017484162
0.017564029
0.017502595
0.01749675
0.017541235
0.017528927
0.017507425
0.017501151
0.017646192
0.017467035
0.017393272
0.01742051
0.017312847
0.017297741
0.017307065
0.017274618
0.01738043
0.017353136
0.017293828
0.017433904
0.017428717
0.017346326
0.01733797
0.017467916
0.017312627
0.017424442
0.017439466
0.017352743
0.017384328
0.017404584
0.017518014
0.01743021
0.01749339
0.017432326
0.017444996
0.017436683
0.017271115
0.017324567
0.017525245
0.017386537
0.017296258
0.017474005
0.017398529
0.017152833
0.017326724
0.017200813
0.01739736
0.017331058
0.01745778
0.017356131
0.017348371
0.01733265
0.01740741
0.017427025
0.017298061
0.017321803
0.01746036
0.017427528
0.017360078
0.017423829
0.017312404
0.017227031
0.017256567
0.017387861
0.017427435
0.017404176
0.01736883
0.017296841
0.017252583
0.017130256
0.017276553
0.017370371
0.017249733
0.017271198
0.017496957
0.017346365
0.017393041
0.017341984
0.017298555
0.01747789
0.01746086
0.017215183
0.017431911
0.0173859
0.01727778
0.01734642
0.017329758
0.017307006
0.017392283
0.0174138
0.01739047
0.017312963
0.017334882
0.017250113
0.017192611
0.017178357
0.017165236
0.017233023
0.017373972
0.017425776
0.017383955
0.01730432
0.017259082
0.017423576
0.017450416
0.01738848
0.017310338
0.017382788
0.017295226
0.0172425
0.01732173
0.017337628
0.017416475
0.017510507
0.017506123
0.017626956
0.01747113
0.017480927
0.01735584
0.017295564
0.017307961
0.017260985
0.01736698
0.017454928
0.017237656
0.017379189
0.017370485
0.017339831
0.017474309
0.017481253
0.017410282
0.017252497
0.017288305
0.017443892
0.01741351
0.017389549
0.017428508
0.017376898
0.017421791
0.017390477
0.017387819
0.017354451
0.017429879
0.017316796
0.01740082
0.017355343
0.017192412
0.01726265
0.01734161
0.017528428
0.017459521
0.017487895
0.017477985
0.017388519
0.017390786
0.01743575
0.01746829
0.01740504
0.017433286
0.0172677
0.017407294
0.017312998
0.017303424
0.017459745
0.017385269
0.01737646
0.017416194
0.017324233
0.017377393
0.017470853
0.01735367
0.017266056
0.017267076
0.017277157
0.01715812
0.017279683
0.017385805
0.017335758
0.017229542
0.017294368
0.01730333
0.017280858
0.017267764
0.017248316
0.01733282
0.017286032
0.017238136
0.017234981
0.017212588
0.017216047
0.017248984
0.017322809
0.017347798
0.017306201
0.017442076
0.017376997
0.017211407
0.017254299
0.017323587
0.017206308
0.017292766
0.017347388
0.017234871
0.017206632
0.017223466
0.017272092
0.017224248
0.017288944
0.017289922
0.017161358
0.0171884
0.017149536
0.017139401
0.017115764
0.017123949
0.01712451
0.017197093
0.017115986
0.01719728
0.017221918
0.017210452
0.017225428
0.017331336
0.017136287
0.017316034
0.01726499
0.017320178
0.017169591
0.017278366
0.017236449
0.017287282
0.01720342
0.01731394
0.017219957
0.01718303
0.017274313
0.017265175
0.017237771
0.017323378
0.017286852
0.01736368
0.017339723
0.01739559
0.01738033
0.01733453
0.017446313
0.017384242
0.017254353
0.017337194
0.017426841
0.017313326
0.017244948
0.017207548
0.017378252
0.017350439
0.017234791
0.017343765
0.017280895
0.017191356
0.01722725
0.017335152
0.017245835
0.017214056
0.017393623
0.01726811
0.01724355
0.017316803
0.017348882
0.017415008
0.017332574
0.017308736
0.017258959
0.017276905
0.017452793
0.017266735
0.017352628
0.017297486
0.017445052
0.017423293
0.017401684
0.017397277
0.017252205
0.017319564
0.0173384
0.017312814
0.017379845
0.017383933
0.017408293
0.017295906
0.017237112
0.017292744
0.017342065
0.017354812
0.017275343
0.017349932
0.017290633
0.017344505
0.017298732
0.017405873
0.01726147
0.01736976
0.01729074
0.017188296
0.017258603
0.017176146
0.017257385
0.017228644
0.01711158
0.017211787
0.017345091
0.0173286
0.017279288
0.017195532
0.017236022
0.017440073
0.017315814
0.017214546
0.01728849
0.017248271
0.017186178
0.017210424
0.017422296
0.017270189
0.017227814
0.017260483
0.017326066
0.01727765
0.017126124
0.01716681
0.017189577
0.017191822
0.017180758
0.017165726
0.0171518
0.017094769
0.017191308
0.01710636
0.017084893
0.017173188
0.017161354
0.017220983
0.017164974
0.017190678
0.01703891
0.017174283
0.017216895
0.017210161
0.017123705
0.017064583
0.017074998
0.01720681
0.01716005
0.017228886
0.017351354
0.017392581
0.017336939
0.017221007
0.017289884
0.01725594
0.017312838
0.017249756
0.017328817
0.017290879
0.017278407
0.017311253
0.017294118
0.017238198
0.017469833
0.017398432
0.01731485
0.017219733
0.017293552
0.017251192
0.017225191
0.017255593
0.017199093
0.017225366
0.017125024
0.017138397
0.017249629
0.01714184
0.01723822
0.017240202
0.017217478
0.017208533
0.017235951
0.017152479
0.017029835
0.017081028
0.017077163
0.017184652
0.017081296
0.01708659
0.017141584
0.017193668
0.017028866
0.0171741
0.01712864
0.017126802
0.017164871
0.017201668
0.017220542
0.017063979
0.017083375
0.017164096
0.017129399
0.017189428
0.0173385
0.01725267
0.017329479
0.017252196
0.017296897
0.017295694
0.017127408
0.017185245
0.017092554
0.01719653
0.017312765
0.017206252
0.017181644
0.01722732
0.017097343
0.017149076
0.017001228
0.017162476
0.017172128
0.017411247
0.017230636
0.017203117
0.01717388
0.017258022
0.01721312
0.017249076
0.017247288
0.017288944
0.017153429
0.017223831
0.01702221
0.017187513
0.017236061
0.017225556
0.017115785
0.01716517
0.017271845
0.017192313
0.017265452
0.017245647
0.017252667
0.017230473
0.017279794
0.017272022
0.017170142
0.017218027
0.017289307
0.017259317
0.017211674
0.017300006
0.017174054
0.017234743
0.017190596
0.017338721
0.017283335
0.017244054
0.017135836
0.017176757
0.017176764
0.017231835
0.017190907
0.017144049
0.01705234
0.017167863
0.017202897
0.01719664
0.017212885
0.017186258
0.017089352
0.017227424
0.017151564
0.017249303
0.01731418
0.017330019
0.017397158
0.017313618
0.017231751
0.01714556
0.017203232
0.017152913
0.01701003
0.017091393
0.017232781
0.017244896
0.01721217
0.0171399
0.017196443
0.017162371
0.017253447
0.017280404
0.017211044
0.017178012
0.017147161
0.017211812
0.017086724
0.01720124
0.017141646
0.017091988
0.017146064
0.017121097
0.017160315
0.017118415
0.017049294
0.017160866
0.017074661
0.017127799
0.017158978
0.017067438
0.01704923
0.017106913
0.017119197
0.017040364
0.017162627
0.017076155
0.01704743
0.017060833
0.01701278
0.017052118
0.01704274
0.017059438
0.01709414
0.017092101
0.017115697
0.01714002
0.017144458
0.017048463
0.017241944
0.017045634
0.017166838
0.017129239
0.017176716
0.017270666
0.01718379
0.017210769
0.01721064
0.017048972
0.016993567
0.017117258
0.017150685
0.017195025
0.017189873
0.017347857
0.017177178
0.017079346
0.017142572
0.017042542
0.017048843
0.016993355
0.017055226
0.017138017
0.017009871
0.017005313
0.017073635
0.017133366
0.017001456
0.017025305
0.017117886
0.01707381
0.017075446
0.017028501
0.017031973
0.017142324
0.017125262
0.017044377
0.01721221
0.01720279
0.017135164
0.017140059
0.017063634
0.017010234
0.016997414
0.01704928
0.017103467
0.017050028
0.017032063
0.01712015
0.017088963
0.017006345
0.017029779
0.016991537
0.017090512
0.01706422
0.017019354
0.016970754
0.017048368
0.017024929
0.017015213
0.01700031
0.017027369
0.016930457
0.01702122
0.016939625
0.017048528
0.017119756
0.01700523
0.017105034
0.016988922
0.017142601
0.017127594
0.017160814
0.01714623
0.017098527
0.017067747
0.01706858
0.01708113
0.01703084
0.01713996
0.017038783
0.017038818
0.016942693
0.016999945
0.016990563
0.017114442
0.016931463
0.016927747
0.01704656
0.016994262
0.01704408
0.017096754
0.01720576
0.017113794
0.016987778
0.017154587
0.017153978
0.017060688
0.01718235
0.017013047
0.017087199
0.01721103
0.017155088
0.01719524
0.017048925
0.017031213
0.01712755
0.01712924
0.017034277
0.017092893
0.017127328
0.017111748
0.01709695
0.017122127
0.016994122
0.01705808
0.017083136
0.017136801
0.017010285
0.0170983
0.017041076
0.01694394
0.017031385
0.016921809
0.017027367
0.017050942
0.016833378
0.017060127
0.017057335
0.017056769
0.017006788
0.016989239
0.01706992
0.01698206
0.016981555
0.016929552
0.016981313
0.01714292
0.017168073
0.017058495
0.017044863
0.017114215
0.017081715
0.016967036
0.0170941
0.017054852
0.01705719
0.017053708
0.017014852
0.017077323
0.016983343
0.017000716
0.016992597
0.016961275
0.017063105
0.016943952
0.017017318
0.017007357
0.016996007
0.017167527
0.017065996
0.017148962
0.01717407
0.017069198
0.017068733
0.017123897
0.017167728
0.017330458
0.017202973
0.017178096
0.01711104
0.01725405
0.017186794
0.017102784
0.017130261
0.017061776
0.01704438
0.01706437
0.016951567
0.017125364
0.017133947
0.017069077
0.017169503
0.01705848
0.017208545
0.017054101
0.017027244
0.017025154
0.017083235
0.017110515
0.01714824
0.0171498
0.017150117
0.017140448
0.017065573
0.016986001
0.017058596
0.01695656
0.017002866
0.016977983
0.017098257
0.01703663
0.017155642
0.017039575
0.016950347
0.01699326
0.017074004
0.017046224
0.01718462
0.01709167
0.01715172
0.01712953
0.017231852
0.017080674
0.017226199
0.017185293
0.017115671
0.016978512
0.017133927
0.017066058
0.017100912
0.017084157
0.017033182
0.017017048
0.017044988
0.01701909
0.017150557
0.016987527
0.017109383
0.017148744
0.017176999
0.017028827
0.017093739
0.017149605
0.017039975
0.017008385
0.017054224
0.0170025
0.017066637
0.017078616
0.0169983
0.01694374
0.017077288
0.017061992
0.017128782
0.017027328
0.017074188
0.017166812
0.017207665
0.017196126
0.017040333
0.01707627
0.017140266
0.016986609
0.016972639
0.016926698
0.017019654
0.01695285
0.017137466
0.017009318
0.016890105
0.01705369
0.017153924
0.01705619
0.017165285
0.016913185
0.017026508
0.017096607
0.017044852
0.01706671
0.017026003
0.016892726
0.016954064
0.01688134
0.017021377
0.017076079
0.01700648
0.017002523
0.017093517
0.017014239
0.016947586
0.017006114
0.01699203
0.016977675
0.017037142
0.01699944
0.017072743
0.017159257
0.017021932
0.016990535
0.017045775
0.017056545
0.017065654
0.016889088
0.017035143
0.016969433
0.016904844
0.016896253
0.01697381
0.017055787
0.017051201
0.017084584
0.016974501
0.016967228
0.01702178
0.017072778
0.01699572
0.017041579
0.017060237
0.016989559
0.016984815
0.016945798
0.016913941
0.017108897
0.017076632
0.01699714
0.016991895
0.016988419
0.016938163
0.017045407
0.017013106
0.017026428
0.017058456
0.0170042
0.016943408
0.017082758
0.017006354
0.017014429
0.01700061
0.016968485
0.017090844
0.017128149
0.017084055
0.016979821
0.016949344
0.016894218
0.017094655
0.016993351
0.01704733
0.016983181
0.01697461
0.01703111
0.01705269
0.017063092
0.016978368
0.016997246
0.016914215
0.016994886
0.017034909
0.017115137
0.017175905
0.017031014
0.017074749
0.016995152
0.017129201
0.017079119
0.017090768
0.01697794
0.017014861
0.017062305
0.017013479
0.017147092
0.016962025
0.017082052
0.01698031
0.017019115
0.016996127
0.017027497
0.017032571
0.016959164
0.017036602
0.017075168
0.01709201
0.017105652
0.016908431
0.017227193
0.017056132
0.017185057
0.017166203
0.01714663
0.017186675
0.01712089
0.016995547
0.01694425
0.016976178
0.01694816
0.017140068
0.017121162
0.017091954
0.017144902
0.017066805
0.017152488
0.017014341
0.01704277
0.017069582
0.0170278
0.017088152
0.01708115
0.017075762
0.017138217
0.017020386
0.01699818
0.017075801
0.017007928
0.016948562
0.016968986
0.016990203
0.017061211
0.016951261
0.016955115
0.016993396
0.017022101
0.01692236
0.016907133
0.017015133
0.016932683
0.016929952
0.016932182
0.016914556
0.016945455
0.016982105
0.016893515
0.016875707
0.016923739
0.016787387
0.016924292
0.016880741
0.016896484
0.017006397
0.016998272
0.017090833
0.01701849
0.017016536
0.016952593
0.016912684
0.01712471
0.01701257
0.016972449
0.017022312
0.016979482
0.016908152
0.01700003
0.016960105
0.016952556
0.016962312
0.016959319
0.017016256
0.017020414
0.016907148
0.016978271
0.016928721
0.016952798
0.016927946
0.016953306
0.016888762
0.016941413
0.016997604
0.016969228
0.016911726
0.016954765
0.016963638
0.017034177
0.016994562
0.017024692
0.01692344
0.01695073
0.016999412
0.017150858
0.016921425
0.01693792
0.016890364
0.01691475
0.01683962
0.016884347
0.016872507
0.016987262
0.01689854
0.017041069
0.016960736
0.016913103
0.017053852
0.016959842
0.017008893
0.017100137
0.017187089
0.016895572
0.016951052
0.016860982
0.016966756
0.017079487
0.017107664
0.017018726
0.016941683
0.016902884
0.016958253
0.01696141
0.016966706
0.016955443
0.01703561
0.016990224
0.016966023
0.016814845
0.016885778
0.01686637
0.01692823
0.016929258
0.01704901
0.01695217
0.01686335
0.016845064
0.016897356
0.016847078
0.016948776
0.016940098
0.016894873
0.016884938
0.016922144
0.01695781
0.016958587
0.01699787
0.0169578
0.016884908
0.016892482
0.016931389
0.016913548
0.016871503
0.01686595
0.016937034
0.016894279
0.01694001
0.01684231
0.016915713
0.016881663
0.016878264
0.016968664
0.016906776
0.016918525
0.017001495
0.016896421
0.017004304
0.016988121
0.016877672
0.016916592
0.016958434
0.016912628
0.016990408
0.016937925
0.016998066
0.016826352
0.016921233
0.016930982
0.016922658
0.016880922
0.016957251
0.016869193
0.016915815
0.016913518
0.016859913
0.016855363
0.016834985
0.016922459
0.0168777
0.01686832
0.016946932
0.016941627
0.016963702
0.01701146
0.0169162
0.01685743
0.016955374
0.01685817
0.016893968
0.016836662
0.016892172
0.016888663
0.016815154
0.016828513
0.016959459
0.016857604
0.016836893
0.016856326
0.016818607
0.016779654
0.016777078
0.016915604
0.01688258
0.016789787
0.016998287
0.01698744
0.016953534
0.016901927
0.017003989
0.017011153
0.01686695
0.016965887
0.016881455
0.016964814
0.016910415
0.016913276
0.016964447
0.0169027
0.016995087
0.016866276
0.016698306
0.01689199
0.016965613
0.017006084
0.017063577
0.017007947
0.016911292
0.016962543
0.016977616
0.016926553
0.017037291
0.016989602
0.016937222
0.016941378
0.016973345
0.017084282
0.01703947
0.017093843
0.017008623
0.016971277
0.016890205
0.016905023
0.016978595
0.016981436
0.016948244
0.01694895
0.016900003
0.016878273
0.016886419
0.016857749
0.016895115
0.01705082
0.016898565
0.016939089
0.016983718
0.017015344
0.016901636
0.016991919
0.016814169
0.016928907
0.016931167
0.016934922
0.01698997
0.016878294
0.016964663
0.016826468
0.016844528
0.016889509
0.016901141
0.016941357
0.016938975
0.016893474
0.016925976
0.016901415
0.016850198
0.01692103
0.01685334
0.01689161
0.017074687
0.017004356
0.016991999
0.01700953
0.01705464
0.017023543
0.017167624
0.016950542
0.017067991
0.016876671
0.017049544
0.01679452
0.016908461
0.017000414
0.016967816
0.016841896
0.016908703
0.016864646
0.016842632
0.01687594
0.016897637
0.016931472
0.016958658
0.016911242
0.01679266
0.016814074
0.016867923
0.01691979
0.017000813
0.016884403
0.016954646
0.016984038
0.016924402
0.016959101
0.01708283
0.016955893
0.017033216
0.0170603
0.016859807
0.016841965
0.016781634
0.016913556
0.016884068
0.01683267
0.016888926
0.016830986
0.016843967
0.016859096
0.016941283
0.016879797
0.01691137
0.01690824
0.016843852
0.016834786
0.016844712
0.016907653
0.016971251
0.01701485
0.016809724
0.016839948
0.016756523
0.016890798
0.01685636
0.016941238
0.016929058
0.016907817
0.01688951
0.016839279
0.016829664
0.016803274
0.016801342
0.016826682
0.016876932
0.016969971
0.016929101
0.016847515
0.016869506
0.016890807
0.016896257
0.016874965
0.016816927
0.016821122
0.016894449
0.01687005
0.016968021
0.016852224
0.01695844
0.016980851
0.01688127
0.016908512
0.017003363
0.016947016
0.016852165
0.016988564
0.016915051
0.016978182
0.01698933
0.017053736
0.01690246
0.016979005
0.017005142
0.016991217
0.016948804
0.017035266
0.016934713
0.016885603
0.016959779
0.01697358
0.016924769
0.016930232
0.016909068
0.016954757
0.016907562
0.016932096
0.016918056
0.016923137
0.0170124
0.017026823
0.01692057
0.016998356
0.016853083
0.016934156
0.017004874
0.016862473
0.016927628
0.016908715
0.016959874
0.016902493
0.01692938
0.016815826
0.016833115
0.01693072
0.01694864
0.016763184
0.016947981
0.016757045
0.016900145
0.016935704
0.016934488
0.016807716
0.016909061
0.016920872
0.016877294
0.016785225
0.016787913
0.016876964
0.017023493
0.016975371
0.016870871
0.016921133
0.016923808
0.016790524
0.016929163
0.016897071
0.016833806
0.016949786
0.01681469
0.016889084
0.01677945
0.01676283
0.016812867
0.016733536
0.016941039
0.016798781
0.016868092
0.016824434
0.016818084
0.016804555
0.016880108
0.016877376
0.016906133
0.016890539
0.016833823
0.016797867
0.016930057
0.016909458
0.016898198
0.016995369
0.017005544
0.016914278
0.016923342
0.01675582
0.01683246
0.016965078
0.016908793
0.016948216
0.016838813
0.01684361
0.016891433
0.016902348
0.016813625
0.016895441
0.01675971
0.016859397
0.016950466
0.016901437
0.016822405
0.01672951
0.01687728
0.016876694
0.01701706
0.01698902
0.01704899
0.016977627
0.01686866
0.01683834
0.017017532
0.016842294
0.017007308
0.016878229
0.016947508
0.01691146
0.016922154
0.016937206
0.01678953
0.01674903
0.016903259
0.016811756
0.016741037
0.016842341
0.016846636
0.016699098
0.016815262
0.016673883
0.016732996
0.016698485
0.016833378
0.016799526
0.016795853
0.016762344
0.016851183
0.016893197
0.016963955
0.016920146
0.016929809
0.016998112
0.016975757
0.016882416
0.016882738
0.016748779
0.016921839
0.016804412
0.016821558
0.016869579
0.016938439
0.016932217
0.01688237
0.01678846
0.016911106
0.01688481
0.01705225
0.016935885
0.016954456
0.01694058
0.017040722
0.016954347
0.016848994
0.016964963
0.016822219
0.016747061
0.01681639
0.016786737
0.016763037
0.016845737
0.016995233
0.01694393
0.016857743
0.016847476
0.016857255
0.016945623
0.016903657
0.016779667
0.016751377
0.01687918
0.016948892
0.016910797
0.016943421
0.016837757
0.01679941
0.016852066
0.01689832
0.016896332
0.01684565
0.016791804
0.017054483
0.01691949
0.016875887
0.016861614
0.017043246
0.017006649
0.017009808
0.016935429
0.016936727
0.016949723
0.01683383
0.016897727
0.01688128
0.01691692
0.016929505
0.01693402
0.017049981
0.017028883
0.017017072
0.016853629
0.016787581
0.01685512
0.016804123
0.016806703
0.016919205
0.016948776
0.017028833
0.016929043
0.01696723
0.016940929
0.016846575
0.016899018
0.01694661
0.01683926
0.016921569
0.016978106
0.016922543
0.016801406
0.016789922
0.016860003
0.016792774
0.01682426
0.016846096
0.016828995
0.01672231
0.016822187
0.016781861
0.016836306
0.016815793
0.016779616
0.016780017
0.016842946
0.016949197
0.01685223
0.016818933
0.01688502
0.016857158
0.016871233
0.016779914
0.016772939
0.016852222
0.01683824
0.016761482
0.016784243
0.016633518
0.01675754
0.016860483
0.016810685
0.016755428
0.016844021
0.01670488
0.016781738
0.016987646
0.016984198
0.01683117
0.016848603
0.01670561
0.01679816
0.016778177
0.016850306
0.016803151
0.016959203
0.016895423
0.016888333
0.016816204
0.016860386
0.016876733
0.016861659
0.017057976
0.016899075
0.01688989
0.016925026
0.016960856
0.016967762
0.016939625
0.016761309
0.016807646
0.016890008
0.0168972
0.016975213
0.016853549
0.016926652
0.016783014
0.016859613
0.016969483
0.01702588
0.017013079
0.016955163
0.01681433
0.016824493
0.01677187
0.01695633
0.016947577
0.016805552
0.016880091
0.016882172
0.016875071
0.01689136
0.016822148
0.016795656
0.016749816
0.016793514
0.016921794
0.016727332
0.016825004
0.016911145
0.016697805
0.016738258
0.016817808
0.016816072
0.016715415
0.016872412
0.016794719
0.01673396
0.016946068
0.016730288
0.016748233
0.016773785
0.016829524
0.016896777
0.016728617
0.016748598
0.016681423
0.016824763
0.016773263
0.016782278
0.016811812
0.016828269
0.016911274
0.01685743
0.01688067
0.016815951
0.0167299
0.016900709
0.016911292
0.016904082
0.016912332
0.016872216
0.016745096
0.016869804
0.016822
0.016864914
0.016891647
0.016746303
0.016790913
0.01678904
0.016872063
0.016823048
0.016748782
0.016845409
0.016732356
0.016954284
0.016765524
0.016828703
0.016850524
0.016847802
0.01678903
0.016833592
0.016896702
0.016980492
0.016714359
0.016766932
0.01681732
0.016851008
0.016811065
0.016723411
0.016806977
0.016787274
0.016793426
0.01678857
0.016869819
0.01680043
0.016756197
0.016871583
0.016787097
0.016780684
0.01674816
0.016892776
0.01686258
0.016868532
0.016949264
0.016868133
0.016798126
0.016817741
0.016761264
0.016797893
0.016830174
0.016792111
0.016584342
0.016786259
0.016787924
0.016748535
0.016816854
0.016834272
0.01681194
0.016831068
0.01680848
0.016691785
0.016816672
0.016780008
0.016822474
0.016777012
0.016796999
0.016806213
0.016794829
0.016734846
0.016688162
0.016799431
0.016703516
0.016790936
0.016925894
0.016895229
0.016813999
0.016822772
0.016757276
0.016836688
0.016860513
0.01672095
0.016811607
0.01672747
0.016844202
0.016747614
0.016777862
0.016811589
0.016743328
0.016793717
0.016801238
0.016835527
0.017025365
0.016854782
0.016825983
0.016741037
0.01677889
0.016724302
0.016842509
0.016862707
0.016709192
0.016892174
0.016820598
0.016972033
0.016928991
0.01683476
0.016953336
0.016905507
0.016768409
0.016861038
0.016743243
0.016766999
0.016757537
0.016811758
0.016875897
0.016809184
0.016847767
0.016776659
0.016831603
0.016666744
0.016751377
0.01686519
0.01675583
0.016848503
0.016830068
0.016876766
0.016850933
0.016809758
0.016791983
0.016744304
0.016953653
0.016835984
0.016821247
0.016814003
0.016837912
0.016802523
0.016938707
0.016930103
0.016818162
0.01682975
0.01671484
0.016802056
0.016732644
0.01683179
0.016711371
0.01671205
0.016775701
0.016795129
0.0167616
0.016811965
0.01673884
0.016790258
0.01678381
0.016872117
0.016734874
0.016767478
0.016942004
0.016873507
0.016816186
0.016851941
0.016800027
0.016922867
0.016787346
0.016696094
0.016694877
0.016744176
0.016745739
0.016896594
0.016732268
0.016769214
0.016811663
0.01678678
0.016843244
0.016872317
0.016766036
0.016767401
