===================== Time: [Thu Aug 11 04:40:18 2022] ========================
0.029190661
0.029181784
0.029240714
0.029296385
0.02896194
0.02862195
0.028358283
0.027872456
0.028065039
0.028016675
0.027972732
0.027868647
0.027862048
0.028002787
0.02753359
0.027385892
0.027298119
0.027216675
0.027435554
0.027427921
0.027212426
0.027476551
0.027309705
0.027485726
0.02779753
0.02794361
0.027041588
0.026647665
0.027175805
0.027394107
0.026901184
0.027038252
0.027219534
0.027175935
0.02721446
0.026965337
0.02688355
0.026906429
0.026497409
0.026368814
0.026535941
0.026926909
0.026695423
0.026345845
0.026056664
0.025930762
0.02606812
0.026313493
0.02612515
0.025855884
0.025695357
0.02604042
0.026088212
0.026288984
0.026221428
0.025941567
0.02581284
0.025934549
0.025842195
0.0257777
0.025753189
0.025830444
0.025773816
0.025691621
0.025422951
0.025551425
0.025999142
0.026181705
0.026315948
0.025940638
0.025937336
0.026234278
0.025980648
0.025572091
0.025392754
0.02547501
0.025635041
0.02566164
0.025542602
0.02553251
0.025418242
0.025198624
0.025115466
0.025204994
0.02512071
0.025118764
0.025419999
0.025338616
0.025722139
0.025680857
0.025710505
0.025601896
0.025493694
0.025637403
0.025440486
0.025329301
0.025277616
0.025282422
0.02529152
0.025022095
0.025247015
0.02546331
0.02552353
0.025517402
0.025647705
0.025349233
0.025308993
0.025199724
0.025063293
0.025078041
0.025060587
0.025103003
0.025298359
0.02533285
0.025238706
0.025195004
0.025096763
0.025047785
0.02505995
0.025058862
0.02519573
0.0250478
0.024862742
0.025035027
0.024931328
0.02501555
0.025080785
0.025141455
0.025055742
0.024956204
0.02511414
0.025063686
0.02522078
0.025210187
0.024977637
0.024886627
0.025007723
0.024926754
0.024979565
0.025083624
0.024962028
0.02495119
0.024939869
0.024974797
0.024742119
0.024839688
0.02497071
0.025038786
0.024965495
0.024965258
0.024874577
0.024778962
0.024762679
0.024958717
0.02499358
0.024938138
0.024996819
0.024923505
0.024891265
0.024827693
0.024857333
0.024818314
0.024719732
0.024633968
0.024763446
0.024604877
0.024654066
0.02450571
0.024428843
0.024630528
0.02501366
0.024710486
0.024532069
0.02473149
0.024649879
0.024616532
0.024759436
0.02469165
0.024826964
0.024558045
0.02465147
0.024361039
0.02461698
0.024353128
0.02433169
0.024502834
0.024606844
0.02447807
0.024600802
0.024733631
0.024730034
0.024440799
0.024280926
0.024369603
0.024274126
0.024264509
0.02431664
0.024232963
0.02428157
0.02448841
0.024576908
0.02454232
0.024521293
0.024768464
0.024904538
0.024878977
0.024722414
0.024608811
0.0245377
0.024625627
0.024494637
0.024795553
0.02477087
0.024806986
0.024795216
0.025070507
0.024996012
0.024952576
0.025091069
0.024889404
0.024853664
0.024848131
0.024653476
0.024726372
0.024693811
0.024798673
0.02467048
0.02481667
0.02469833
0.024721181
0.024777219
0.024702229
0.02479042
0.024805551
0.024599742
0.02464269
0.02459441
0.024798464
0.024637202
0.024765544
0.024727706
0.024793439
0.02486785
0.024964532
0.024865573
0.024706293
0.02477355
0.02471254
0.024516001
0.024480382
0.024511104
0.024384575
0.024394903
0.024307534
0.02415002
0.024332767
0.024311222
0.024335263
0.02420882
0.024292735
0.024307236
0.024161076
0.024105709
0.024250152
0.024290387
0.02436631
0.024286518
0.02424145
0.024377912
0.024402961
0.024235671
0.024236701
0.024198927
0.024367038
0.0241391
0.023997923
0.024171362
0.024314478
0.024232462
0.024476342
0.024333553
0.024253536
0.024169624
0.024216443
0.024199104
0.024213064
0.02420366
0.024336461
0.024146318
0.02410989
0.024155788
0.024150198
0.024202129
0.02394241
0.024046376
0.023921097
0.023972103
0.024078446
0.02399878
0.024066895
0.023857705
0.023884926
0.023958713
0.023910047
0.023925006
0.02398487
0.02388811
0.024273023
0.024113188
0.023910956
0.023977755
0.02401518
0.024056517
0.02401072
0.024295809
0.024396418
0.024447491
0.024268009
0.024347855
0.024272459
0.0242962
0.02428849
0.024261909
0.024256982
0.024356596
0.02437081
0.024419202
0.024508627
0.024581788
0.024510602
0.024332684
0.02434817
0.024374807
0.024264675
0.024284365
0.02422013
0.024112852
0.023951048
0.02406145
0.024182742
0.024158401
0.023836302
0.023896001
0.023859326
0.02385401
0.023781745
0.023687705
0.023625983
0.023671467
0.02342995
0.023358978
0.023695875
0.023592852
0.023711586
0.023879351
0.023749372
0.023721742
0.023619566
0.023866957
0.023820555
0.023741394
0.023817167
0.023709701
0.023553
0.02366889
0.023649765
0.023853725
0.023642188
0.023731193
0.023502944
0.023585988
0.023755893
0.023867914
0.023919992
0.023915472
0.023971202
0.023802401
0.023656175
0.023700934
0.023684317
0.023703756
0.023705337
0.02376388
0.02376604
0.023490233
0.023437962
0.023545137
0.023533897
0.02386642
0.023772541
0.023751622
0.023662135
0.023481054
0.02357238
0.023610292
0.023869293
0.02388478
0.023961686
0.023893958
0.02374451
0.02373045
0.023709627
0.023721732
0.023694718
0.023690784
0.0236101
0.023523403
0.02380838
0.023961691
0.023948686
0.024079362
0.0240103
0.02419698
0.024185944
0.024187181
0.024316622
0.0241287
0.023960253
0.023901291
0.023898035
0.02387704
0.023813715
0.023790492
0.023617158
0.023601629
0.023370069
0.02352915
0.02338557
0.023418775
0.023386179
0.023358386
0.023289582
0.023337433
0.023671137
0.023679227
0.023558144
0.023446636
0.02350061
0.023305153
0.023506999
0.023848763
0.023841612
0.023717333
0.023643471
0.023630483
0.023495616
0.023359392
0.023408812
0.023295207
0.023493895
0.02337883
0.023612285
0.023362594
0.023246758
0.023242878
0.023391
0.023288235
0.02343179
0.023471747
0.023477837
0.023488922
0.023613978
0.0234511
0.0233791
0.023413753
0.02327527
0.023318097
0.023144731
0.023252934
0.023156906
0.02318351
0.023133708
0.023282189
0.023108283
0.023219565
0.023299325
0.023354277
0.023435494
0.02337381
0.02328922
0.023401234
0.023354761
0.023188664
0.02335814
0.023243794
0.023230355
0.023344591
0.023434643
0.023291305
0.023374062
0.023405612
0.023535404
0.02364133
0.023640966
0.023357606
0.023413597
0.023403903
0.023522325
0.02338098
0.023363084
0.023307178
0.02330719
0.023411214
0.02343499
0.023408668
0.023404444
0.023441022
0.023282355
0.02325887
0.023340441
0.02332164
0.023482785
0.023553329
0.023544805
0.023559242
0.02334134
0.023383044
0.023257893
0.02326689
0.023454571
0.023355344
0.023451293
0.023393322
0.023555433
0.02333011
0.023259385
0.023372287
0.023358546
0.023390485
0.023218863
0.023261009
0.023335997
0.023316476
0.023274295
0.023165694
0.023117041
0.02307258
0.023233352
0.02323379
0.023235915
0.023358956
0.023216626
0.023103656
0.023301825
0.023457397
0.023636116
0.023378275
0.023423232
0.0232954
0.023317939
0.023345826
0.023259459
0.023464479
0.023192212
0.02339388
0.023598853
0.023438578
0.023418944
0.023321824
0.023353137
0.023402834
0.023400567
0.023315113
0.023561873
0.023523094
0.023214743
0.023357926
0.023371968
0.023410063
0.0236446
0.023506798
0.023505839
0.02367158
0.023689348
0.023721563
0.023677183
0.023715962
0.023704888
0.023554485
0.02365998
0.023671616
0.023750234
0.023696356
0.023601148
0.023661725
0.023541154
0.023495227
0.023421142
0.023396278
0.023559017
0.023544991
0.023384921
0.023539023
0.023282021
0.023471553
0.023321765
0.023371397
0.02354053
0.023526222
0.02355395
0.023396915
0.023349939
0.023101974
0.02310704
0.023203723
0.023155648
0.023219442
0.023067752
0.023093931
0.023357937
0.023132676
0.023166342
0.02340405
0.023235513
0.023272194
0.023227163
0.023161387
0.023302767
0.023283614
0.02316256
0.023231614
0.023232441
0.023199635
0.023225432
0.023291398
0.023243288
0.02337423
0.02326224
0.023069441
0.02318543
0.0232485
0.023175547
0.02320383
0.02307865
0.023207664
0.023041224
0.023055792
0.023289237
0.02304446
0.02309154
0.023107994
0.023034098
0.023166519
0.022988591
0.023056531
0.02312778
0.023091579
0.023135973
0.023151971
0.023149317
0.02330893
0.023400938
0.02330897
0.023106143
0.023122018
0.023044366
0.023108592
0.023241978
0.023094319
0.022925936
0.022978975
0.022948267
0.023092946
0.023048623
0.022923771
0.022940768
0.022903163
0.022818794
0.023019137
0.023016857
0.023002855
0.023135059
0.02312079
0.023135833
0.023096953
0.022897763
0.022837287
0.023073234
0.023059083
0.02291424
0.022913693
0.0230954
0.023086725
0.023010766
0.023080032
0.023202011
0.02295082
0.023260511
0.023217404
0.023170687
0.023321217
0.023116678
0.023078568
0.023112684
0.023116594
0.023019005
0.023025135
0.02311835
0.023170002
0.022946347
0.022971384
0.022986373
0.02295969
0.022789195
0.02280175
0.022891121
0.022961121
0.023180326
0.023111973
0.023165207
0.023182234
0.023280209
0.023400022
0.02317102
0.023229903
0.022986524
0.023014197
0.022883786
0.022993622
0.023068683
0.023067994
0.022970108
0.02283058
0.023056678
0.023077508
0.022999117
0.022941468
0.023099162
0.022987938
0.023147065
0.023060068
0.023186011
0.023076365
0.023095725
0.023209304
0.02318686
0.023089012
0.023087637
0.02315195
0.02289407
0.0230676
0.023085661
0.02308695
0.022988142
0.0229384
0.022894584
0.022900391
0.022956097
0.02290952
0.022869827
0.02294203
0.022910513
0.022908757
0.023022147
0.022943113
0.022884542
0.022889268
0.023005957
0.023076734
0.023016645
0.022963334
0.022972438
0.022997683
0.02291807
0.023015821
0.022767473
0.022806041
0.022862552
0.02287101
0.022998897
0.022806829
0.022859905
0.022840047
0.022996483
0.023043286
0.02286089
0.023071937
0.022953033
0.023129921
0.0230895
0.023113085
0.022889487
0.023013525
0.022992214
0.02287014
0.022969693
0.022855848
0.022792272
0.02291338
0.022806825
0.022905832
0.022804903
0.02289062
0.022773433
0.022809112
0.022879383
0.022935145
0.022895414
0.022714986
0.022939846
0.022780798
0.022750614
0.022686007
0.022701899
0.022799179
0.022873962
0.022856694
0.023151614
0.022983199
0.023018038
0.022866122
0.022850256
0.022706931
0.022715367
0.022704246
0.022819735
0.022761233
0.022734683
0.022607192
0.022777054
0.022823907
0.02293522
0.022768687
0.02275459
0.02266336
0.022734297
0.022713443
0.022592558
0.02273645
0.022668697
0.022805244
0.022824647
0.022849867
0.022710731
0.022879956
0.02289078
0.022771757
0.022941971
0.022838624
0.023076402
0.02297884
0.02292657
0.022894403
0.022825649
0.022886736
0.022891825
0.02286903
0.022881655
0.022830008
0.022725396
0.022818083
0.022692494
0.022973081
0.022802478
0.022985429
0.022815512
0.022996971
0.0230086
0.022735104
0.022759661
0.022975666
0.022934388
0.022910612
0.022981625
0.022845952
0.022899112
0.023012409
0.022945385
0.022892362
0.0230461
0.022819854
0.022840425
0.023177601
0.02302441
0.023049219
0.022848843
0.022980338
0.022786265
0.023099067
0.022977287
0.022991652
0.022906367
0.022808352
0.022858677
0.022934431
0.022944925
0.022844285
0.022711843
0.022909949
0.022841759
0.022744132
0.022694817
0.022736615
0.022733614
0.022753933
0.022672974
0.022576256
0.022855125
0.022946704
0.023003472
0.02292816
0.022964455
0.02290441
0.023004686
0.023003448
0.022928065
0.023027766
0.022977069
0.02295352
0.022879811
0.022882234
0.023019493
0.022763122
0.02291073
0.022872707
0.022954127
0.022805406
0.022950463
0.02283625
0.022785932
0.022691607
0.022720702
0.022764467
0.02264375
0.02276566
0.02272339
0.022796445
0.022796007
0.02288642
0.022771126
0.022616556
0.022757724
0.022626381
0.022622675
0.02262538
0.02265867
0.022630414
0.022690753
0.02260708
0.022750638
0.022687469
0.022662025
0.022392813
0.022724928
0.022711454
0.02273921
0.022726359
0.022597598
0.022596376
0.022582524
0.022615911
0.022760749
0.022515615
0.02254056
0.022603901
0.022514837
0.022686938
0.022742508
0.022658147
0.022762507
0.022877024
0.02274314
0.022834973
0.02297614
0.022802962
0.022623222
0.022680331
0.02256473
0.02257712
0.02266537
0.02269281
0.022707809
0.022747738
0.022611039
0.022644851
0.02274778
0.022794848
0.022807425
0.022719348
0.022654569
0.02264598
0.022746233
0.022738129
0.022593563
0.022549046
0.022632457
0.022665717
0.02258809
0.022594752
0.022701731
0.022708215
0.022689829
0.022708915
0.02279937
0.022678198
0.02269138
0.022595804
0.022687273
0.022678291
0.022734974
0.022758266
0.022635624
0.022699596
0.022674458
0.022747397
0.02264106
0.02256683
0.022535278
0.022736425
0.022887724
0.022932874
0.022716904
0.022917734
0.022600433
0.02263599
0.022786686
0.02260928
0.022602782
0.022722874
0.022620179
0.022737807
0.022603434
0.02268726
0.022809526
0.022815019
0.022740655
0.022703104
0.022623165
0.02253906
0.022528717
0.022612298
0.022671983
0.02251971
0.022577558
0.022611903
0.022732208
0.022628607
0.02260538
0.022753287
0.022698304
0.02273681
0.022896389
0.022853127
0.02288063
0.022945294
0.022907007
0.022850221
0.02304852
0.023044616
0.023010576
0.023073826
0.022953635
0.023048883
0.02292545
0.02291813
0.022873936
0.022911975
0.022730177
0.02279753
0.022831121
0.022869624
0.022966215
0.02316113
0.023013063
0.023036242
0.022968592
0.023079405
0.023089284
0.023014039
0.022921218
0.022968588
0.022926612
0.022883879
0.022845434
0.02276079
0.022891702
0.02265481
0.02260552
0.022688245
0.02284183
0.022655325
0.022705298
0.022801118
0.022736736
0.02257987
0.022757538
0.022709021
0.022794446
0.022696817
0.022787958
0.02267495
0.0225414
0.022629445
0.022620456
0.022649413
0.022636311
0.022540718
0.022619355
0.022570388
0.022540517
0.022616012
0.02257954
0.022607008
0.022622941
0.02252058
0.022647442
0.022716321
0.022728164
0.022663787
0.022540169
0.022667436
0.022916017
0.02248649
0.022707889
0.022695918
0.022750622
0.022800365
0.022865683
0.02268554
0.022787454
0.022829374
0.023023136
0.023097461
0.022807013
0.022886047
0.022825312
0.022636928
0.0229324
0.022726381
0.022671316
0.022848938
0.022895003
0.02304889
0.023131954
0.02316113
0.023204299
0.023398401
0.023343157
0.023345897
0.023146445
0.023215778
0.023098689
0.022857852
0.02272159
0.02263259
0.02265399
0.022732956
0.022942465
0.02293509
0.023248512
0.023039382
0.02289482
0.022746334
0.022924801
0.02290864
0.022811253
0.022801833
0.022943994
0.023035321
0.022956686
0.022941472
0.022808857
0.022810245
0.022727856
0.022762993
0.022740792
0.022825683
0.022712994
0.022683833
0.0226167
0.022621982
0.022804393
0.022729097
0.022841996
0.022575261
0.02260167
0.022487933
0.02254185
0.02248943
0.022586208
0.022747084
0.022674365
0.022543903
0.02256833
0.02243939
0.022439286
0.022576584
0.022392914
0.022742936
0.022527631
0.022374962
0.022479838
0.022556381
0.02242921
0.022318214
0.022603612
0.022374101
0.022657208
0.02262686
0.022540528
0.022498554
0.02243376
0.02241317
0.022492956
0.022614969
0.022581974
0.022660432
0.022582784
0.022582455
0.022589287
0.02254269
0.022484379
0.022589926
0.022632627
0.022469776
0.022378255
0.02245668
0.022665558
0.02259846
0.022549847
0.022604832
0.022592884
0.0227162
0.022624047
0.022561261
0.02262038
0.02264764
0.022656856
0.022695437
0.02253968
0.022708278
0.022541732
0.022510003
0.022483494
0.022479812
0.02246044
0.022321438
0.022452774
0.022636421
0.022439916
0.022494476
0.022457719
0.022513645
0.022340002
0.022466172
0.022457851
0.022575133
0.022471154
0.022458626
0.022607371
0.022522992
0.022308422
0.022498803
0.022302689
0.022619467
0.022573456
0.022510836
0.022544622
0.022444433
0.022483861
0.022750128
0.022395952
0.02259086
0.022390442
0.022357715
0.022305505
0.022598093
0.022492763
0.02244917
0.022427607
0.022397717
0.022599468
0.022493642
0.022387573
0.022244152
0.0223322
0.022366188
0.022426829
0.02248406
0.022597538
0.02246854
0.022538858
0.022413746
0.022542384
0.022565098
0.022577306
0.022668153
0.022609673
0.022678697
0.0225258
0.022554806
0.022494651
0.02259137
0.02259775
0.022660106
0.022733677
0.022565283
0.022453094
0.022643907
0.022667235
0.022710714
0.022461213
0.022625288
0.022611532
0.022515515
0.02242923
0.022464635
0.022620767
0.022533637
0.022403281
0.02241393
0.022393616
0.022559125
0.022670023
0.022598425
0.022759011
0.022768069
0.022693923
0.02268987
0.022570038
0.022634147
0.02267928
0.022703582
0.022754056
0.022613931
0.022611203
0.022739578
0.022999415
0.022940611
0.022700878
0.022560604
0.02243953
0.022398526
0.022458725
0.022349989
0.022471318
0.022327606
0.022559512
0.022383455
0.022257576
0.022305008
0.022449847
0.022534491
0.022353303
0.022437232
0.022457328
0.022441642
0.02236149
0.022270503
0.022499204
0.022561172
0.022688767
0.022595191
0.022678839
0.022631014
0.022454085
0.022511587
0.022580106
0.022572493
0.022456907
0.022393748
0.022419995
0.022371186
0.022330059
0.02239076
0.022465326
0.022512466
0.02261681
0.022499504
0.022397678
0.022423333
0.022489252
0.022483286
0.022764686
0.022686737
0.022537941
0.02256711
0.022437252
0.02247696
0.022331364
0.022372086
0.02248415
0.022468047
0.022402605
0.022385411
0.022368766
0.022560023
0.022393249
0.02241578
0.022318732
0.022412768
0.022656411
0.022658268
0.022448145
0.022388678
0.022436386
0.022496836
0.022280755
0.022553151
0.022337424
0.022527477
0.022374297
0.022369556
0.022521785
0.022515584
0.022434013
0.02248914
0.02243939
0.022425314
0.0224381
0.022418786
0.022411626
0.022579972
0.02246158
0.022470038
0.022400102
0.022284672
0.02245075
0.022474062
0.022392875
0.022336962
0.022356302
0.022412755
0.022467729
0.022620672
0.022473877
0.022431292
0.022550037
0.022440922
0.022465153
0.022520058
0.022505756
0.022552058
0.022511644
0.02251554
0.022390291
0.022329193
0.022408416
0.022283599
0.022326656
0.022332123
0.02226942
0.022310281
0.022343757
0.022143047
0.0221573
0.022261553
0.02243349
0.022297721
0.022464424
0.02226012
0.022338979
0.022266498
0.022218209
0.022121752
0.022293048
0.022326307
0.022292975
0.022239042
0.022460466
0.02230714
0.022382133
0.022365361
0.02219286
0.022195574
0.022325
0.02232663
0.022270061
0.02237924
0.022439472
0.02225125
0.022291606
0.022407165
0.022303408
0.022202652
0.022178667
0.022171639
0.022373216
0.022397855
0.022443103
0.022546694
0.022579854
0.02256601
0.02258618
0.022446614
0.022470007
0.022489373
0.022442803
0.022334026
0.022380743
0.022385232
0.022392426
0.022423465
0.022460502
0.022414578
0.022417966
0.022426793
0.022335755
0.022425788
0.022299005
0.022314271
0.022450034
0.022222089
0.022322068
0.022351906
0.022454144
0.022491055
0.02231312
0.022440216
0.022151666
0.022399964
0.022397764
0.022235395
0.02231423
0.022275086
0.022314673
0.022362646
0.022462154
0.022346219
0.022343736
0.02235981
0.022220772
0.022281533
0.022221847
0.022279013
0.022174235
0.022188848
0.022278612
0.0223288
0.022367463
0.0222296
0.022270525
0.022291854
0.022321425
0.022272386
0.02216728
0.022199381
0.022278473
0.022256989
0.022225168
0.022334155
0.022376213
0.022240378
0.022383038
0.022104645
0.02209675
0.022254154
0.022322591
0.022220677
0.02216373
0.022055052
0.022135373
0.022358557
0.02210844
0.022168346
0.02229404
0.022205956
0.022176024
0.022165054
0.022237409
0.022306405
0.022192217
0.022306127
0.022298966
0.022218987
0.022166336
0.022210687
0.022462947
0.022436481
0.022213807
0.022309626
0.022381013
0.02218845
0.02229228
0.022397943
0.022376472
0.022424657
0.022575904
0.022407634
0.02241947
0.022328656
0.022415778
0.02244916
0.022393923
0.022288103
0.02234072
0.022384549
0.02232312
0.022354003
0.022253748
0.022312522
0.022371825
0.022277081
0.022093102
0.022099707
0.022299688
0.022305133
0.022395708
0.022234075
0.02231817
0.02231526
0.022330778
0.022431953
0.022424111
0.022392118
0.022404287
0.022430321
0.022429865
0.022509927
0.022488154
0.022413388
0.02246823
0.022423198
0.022382213
0.022491233
0.022497531
0.02234916
0.022354323
0.022241391
0.02230816
0.02224435
0.022338554
0.022244962
0.022339787
0.022345278
0.022237215
0.022462968
0.022152865
0.022001447
0.022151774
0.02216405
0.022091927
0.022082401
0.022182696
0.022114858
0.022235608
0.022251448
0.022318516
0.022173341
0.022137005
0.022079548
0.02220698
0.02215099
0.022031229
0.022136126
0.022149237
0.022155175
0.022208234
0.022211837
0.022069369
0.02214063
0.022162938
0.022307795
0.0222147
0.022157175
0.02217577
0.022204023
0.022185024
0.022299271
0.022240298
0.022314807
0.02221559
0.022130376
0.022366907
0.02247087
0.022325696
0.022289177
0.022235947
0.022282893
0.02217517
0.02225201
0.02223764
0.022166532
0.022271208
0.022323562
0.022207886
0.022211567
0.022268793
0.02230762
0.022207094
0.022396028
0.022141557
0.022189224
0.022224443
0.02223334
0.022335375
0.022287775
0.022274205
0.022327691
0.022189578
0.022168359
0.02210306
0.022221183
0.022303082
0.022256443
0.022348316
0.02216878
0.02221702
0.022192003
0.022331992
0.022245161
0.022218108
0.02205952
0.02225466
0.022362957
0.022270318
0.022366142
0.022282705
0.022195905
0.022196516
0.022179002
0.022187712
0.022261843
0.022272771
0.02233493
0.022258792
0.022294354
0.022313766
0.022365637
0.022338891
0.022393383
0.022370696
0.022503
0.02244586
0.02252882
0.02254187
0.022415107
0.022445237
0.022583853
0.022369668
0.022387745
0.022360628
0.022419186
0.022316536
0.022279212
0.022347916
0.022427266
0.02235059
0.022312082
0.022233976
0.022248583
0.022311198
0.022337457
0.022256423
0.022155724
0.022200774
0.02226706
0.022331059
0.022312557
0.02234036
0.022342417
0.022309909
0.02215007
0.022224618
0.022276679
0.022376979
0.022370365
0.02213464
0.022149064
0.02215088
0.022188775
0.02220869
0.02214101
0.022096436
0.022167934
0.022164768
0.022160852
0.022261709
0.022063026
0.0222398
0.022213634
0.022200145
0.022288688
0.02223257
0.022370175
0.022251854
0.022292564
0.022361292
0.022117907
0.02217155
0.02212608
0.02215347
0.022325816
0.022057641
0.022185361
0.02220516
0.022144984
0.022332972
0.022155326
0.022379007
0.022430822
0.022380555
0.022291543
0.02227423
0.022228088
0.022258569
0.022200443
0.022149794
0.022452248
0.022163013
0.022368964
0.022266055
0.022323022
0.022370512
0.022262862
0.022310797
0.022297846
0.022321219
0.02230728
0.02231447
0.022382284
0.022446666
0.022363843
0.022197315
0.022207482
0.022211863
0.02238605
0.022354202
0.022310162
0.022234807
0.022248846
0.022285353
0.022349106
0.022296842
0.022353245
0.022290807
0.022142256
0.02218191
0.0222169
0.022269007
0.02214895
0.022203155
0.022322437
0.022319624
0.022252237
0.022261463
0.022269564
0.02213146
0.02235677
0.0222304
0.02226103
0.022151701
0.022227686
0.022295965
0.022344733
0.022337902
0.022238744
0.022247242
0.022443613
0.022324849
0.022230364
0.022403484
0.022173053
0.022300847
0.022268232
0.022089522
0.022131376
0.022316616
0.022204395
0.022224708
0.022038631
0.0222058
0.02228605
0.022410966
0.022464842
0.022331368
0.022304643
0.022447683
0.022475736
0.02247663
0.022420777
0.022341963
0.022120036
0.022193175
0.022153141
0.022176519
0.022223145
0.022237977
0.022191841
0.02227607
0.022123557
0.022306114
0.022443756
0.022223895
0.022223502
0.022074534
0.022333266
0.022304548
0.022249764
0.022229489
0.022268357
0.022240069
0.022127422
0.02216451
0.022241158
0.022220457
0.02215385
0.022272918
0.022339309
0.022260102
0.022252178
0.022250758
0.022354024
0.022343734
0.022136513
0.02222945
0.022117764
0.02218631
0.022163974
0.022224296
0.022148056
0.022153653
0.022131957
0.022132017
0.02201984
0.022093143
0.022048296
0.022085601
0.022194654
0.022204472
0.022204297
0.022266665
0.022245046
0.022241494
0.022177653
0.022069689
0.022172192
0.022313893
0.022198241
0.02223638
0.022280281
0.022161903
0.022439044
0.022414297
0.02221133
0.022220552
0.022161739
0.022292038
0.022285134
0.02201994
0.022222653
0.022233408
0.022251058
0.02223991
0.022196282
0.022280166
0.022144537
0.022281067
0.022128131
0.022138394
0.0220929
0.02207122
0.02211908
0.022063687
0.022189254
0.022151904
0.022135537
0.0221878
0.022093464
0.02214565
0.022074344
0.022078868
0.022153933
0.022213463
0.022250384
0.022252753
0.022250287
0.022253893
0.022291815
0.022139389
0.022153627
0.022043154
0.022076678
0.022109922
0.022204813
0.022390569
0.022333354
0.022332402
0.022177229
0.02197584
0.021971192
0.022140155
0.022140345
0.02212947
0.022245862
0.022242554
0.022080839
0.022084607
0.02221524
0.022123592
0.022146236
0.022050045
0.022161545
0.022164464
0.022253681
0.02225344
0.02217023
0.02225916
0.022294214
0.022308314
0.022012543
0.02204776
0.022074992
0.022118565
0.022177184
0.022140287
0.022225084
0.02232502
0.0222682
0.02240837
0.022261534
0.022323044
0.022227159
0.022116946
0.022218239
0.022323763
0.022266842
0.022322949
0.022389289
0.022321822
0.022149397
0.022282684
0.022344109
0.022221165
0.022286594
0.02219623
0.022398718
0.02231909
0.022286886
0.022263076
0.02246949
0.022374893
0.022344518
0.022263266
0.022128679
0.02210826
0.022126343
0.022150315
0.022109935
0.02221458
0.0221007
0.022120425
0.022088457
0.022133164
0.02220396
0.022182407
0.022146825
0.022047218
0.022000376
0.022094062
0.022215657
0.022077875
0.022103732
0.022089701
0.022231158
0.022086388
0.022170378
0.022311453
0.02224597
0.021951899
0.022065375
0.022182584
0.022295484
0.022261105
0.022385988
0.022296572
0.022190046
0.022078335
0.02212781
0.022171194
0.022207156
0.022218244
0.022213433
0.022210145
0.02221778
0.022194088
0.022099663
0.022049757
0.02205392
0.022106204
0.022077471
0.022328904
0.022296224
0.022115575
0.02202374
0.022193832
0.022193175
0.02204693
0.02214319
0.0220345
0.022011269
0.02210094
0.022094859
0.02207746
0.022011148
0.021934006
0.022183204
0.022121605
0.022174764
0.022123557
0.022135304
0.02213965
0.022045935
0.022043277
0.022171058
0.022108793
0.022205273
0.02233123
0.0222406
0.02226394
0.022245241
0.022229144
0.02213634
0.022113914
0.02201068
0.022214837
0.022158718
0.022189213
0.02231726
0.022269756
0.022260012
0.022214675
0.022300785
0.022218548
0.022211118
0.022221876
0.022077184
0.022230681
0.022176897
0.022145148
0.022210598
0.022040507
0.02223241
0.02221983
0.021916771
0.022104217
0.022055747
0.022125836
0.022251226
0.022140505
0.022010501
0.022091482
0.022210425
0.022115763
0.022288553
0.022082815
0.022213731
0.022163212
0.022152994
0.022183526
0.022121716
0.02218777
0.022043945
0.022319179
0.022140821
0.022122936
0.022185478
0.022132458
0.02214639
0.02206344
0.022123009
0.022219114
0.022040555
0.022087805
0.022169275
0.022207547
0.02222629
0.022345696
0.022264048
0.022199275
0.02219972
0.022195034
0.022077026
0.022157643
0.022190195
0.022118673
0.022130689
0.022107292
0.02210358
0.022033041
0.022181842
0.022048669
0.022048514
0.022117496
0.022170624
0.022061683
0.022241633
0.022206595
0.0221634
0.022237951
0.02218831
0.022186114
0.022183726
0.022105174
0.022111274
0.022232156
0.022198793
0.022205895
0.022208137
0.022232093
0.022298366
0.022268677
0.02218045
0.022101881
0.021961365
0.021961719
0.021946797
0.022090472
0.02208723
0.022073198
0.022029705
0.02221777
0.021966776
0.022109132
0.021975953
0.022053191
0.022173835
0.021949988
0.021953676
0.022019671
0.022092089
0.022019155
0.021966668
0.021974968
0.022095455
0.021981435
0.022059934
0.022076048
0.022070313
0.02212463
0.022021543
0.022132117
0.022217304
0.022119984
0.022340477
0.022212889
0.022217952
0.022066658
0.02191608
0.022123504
0.02224321
0.022201547
0.022181958
0.022166451
0.022215856
0.02217732
0.022194311
0.022028727
0.022132229
0.02219564
0.022317307
0.022375928
0.02211068
0.022142973
0.022179974
0.022111814
0.021991076
0.022248538
0.022057837
0.022035047
0.022213181
0.022111472
0.022181064
0.022373993
0.022018982
0.022087209
0.022157047
0.022243254
0.022122463
0.022060076
0.022012044
0.021986324
0.022010764
0.022039816
0.022093827
0.021987218
0.022005027
0.02206675
0.021973114
0.02207012
0.021984786
0.021951009
0.022117576
0.022046838
0.021935262
0.022121808
0.021931132
0.022032551
0.021955524
0.022080803
0.021941258
0.022160877
0.022023316
0.022102203
0.02193367
0.022067834
0.022093538
0.021936443
0.021972947
0.022241665
0.021971943
0.02195803
0.022032201
0.022009356
0.021952264
0.021996928
0.022057295
0.021954115
0.022072496
0.022263015
0.022096675
0.022017987
0.022039132
0.022144359
0.022122495
0.022114493
0.022238808
0.022113582
0.022030933
0.021970285
0.021969598
0.022068435
0.02201636
0.022104677
0.021984935
0.022062132
0.021965137
0.022137757
0.021983162
0.022031412
0.022057837
0.022151612
0.022298967
0.022147017
0.022214895
0.021955367
0.02207987
0.021870546
0.021964546
0.022006238
0.021999428
0.022118518
0.022133972
0.021990199
0.022155678
0.022168538
0.022063907
0.022078717
0.022145566
0.022096954
0.022223935
0.022114499
0.022100938
0.022137996
0.022061368
0.022148734
0.022121564
0.0220422
0.022124644
0.022004135
0.022181548
0.02215062
0.022192279
0.022047592
0.022077236
0.022148864
0.021903833
0.022001626
0.021868393
0.02208315
0.022244863
0.022094974
0.022160143
0.022130748
0.022016713
0.022133488
0.022158235
0.0221389
0.022213133
0.022075122
0.022173803
0.021975989
0.022090962
0.022001559
0.021975154
0.02207019
0.022033572
0.022000369
0.021859813
0.022095451
0.022174023
0.021984288
0.02199941
0.02207968
0.021813896
0.02194697
0.0221283
0.022047266
0.022066228
0.021913733
0.022077832
0.022097845
0.021975124
0.022044988
0.021967253
0.021993399
0.022020103
0.021959374
0.022074534
0.021986436
0.022083588
0.02210074
0.022129497
0.022245277
0.022169372
0.022072416
0.022194281
0.021937722
0.02201547
0.022043917
0.022049237
0.02202071
0.02195008
0.021899868
0.021934204
0.02207319
0.021965722
0.022090064
0.022077668
0.021766216
0.02198168
0.02200382
0.021965608
0.02207289
0.022074267
0.022105683
0.02209717
0.021978214
0.022051474
0.022029854
0.021896312
0.02197688
0.021898195
0.021956654
0.021977922
0.021906387
0.022067748
0.022036457
0.022325601
0.022231165
0.02204233
0.022054661
0.022038423
0.022053745
0.02195424
0.022162454
0.022006044
0.022103895
0.022011682
0.022049917
0.021870246
0.02205908
0.022169607
0.022113984
0.022022432
0.022137055
0.022003787
0.021966679
0.02215489
0.022079313
0.022060387
0.022095984
0.021921027
0.021998629
0.022084165
0.02208223
0.022056593
0.022172457
0.022142552
0.022123754
0.022002436
0.021980485
0.022053385
0.022107325
0.022111202
0.021904362
0.022039833
0.021976281
0.022041397
0.022058675
0.022096114
0.021977302
0.02197821
0.022142708
0.022211298
0.022172429
0.022128042
0.02212043
0.022036178
0.02197156
0.021759572
0.021928763
0.02202512
0.022043424
0.02206546
0.022175513
0.0220671
0.022230294
0.022052968
0.021983072
0.02199272
0.022001924
0.022110842
0.021946888
0.021991286
0.022072097
0.022064904
0.022013105
0.022074342
0.022166291
0.022087954
0.02182196
0.021884691
0.021875538
0.021957856
0.021955134
0.021969514
0.021904107
0.02212644
0.021930438
0.021948399
0.022060141
0.021960773
0.021940904
0.02201919
0.022120459
0.02210516
0.02203401
0.022016559
0.02205113
0.022013523
0.022192609
0.022087386
0.022157084
0.021988008
0.022118896
0.022227773
0.022265391
0.022061558
0.021976687
0.022030434
0.022020089
0.021994973
0.02211878
0.022211224
0.02200348
0.022115355
0.021980828
0.02199475
0.021943593
0.02203315
0.021917982
0.021930287
0.021902189
0.021906856
0.02201254
0.022070877
0.021919863
0.021992646
0.021988755
0.02192602
0.02204449
0.021983692
0.02200129
0.021843875
0.021987708
0.022104992
0.02201366
0.022111323
0.022032004
0.022066236
0.022055723
0.021965632
0.02211139
0.021954434
0.021976957
0.022135131
0.022066802
0.02217556
0.022113988
0.022057198
0.022034816
0.021917254
0.021972632
0.022096373
0.022190068
0.022178585
0.022116521
0.022289412
0.022155048
0.022153331
0.022134826
0.022125509
0.021945156
0.02208678
0.021896292
0.021856721
0.021951174
0.021909578
0.022075595
0.022050386
0.02203736
0.022154324
0.022101315
0.022063019
0.022068394
0.022017559
0.022140553
0.021929706
0.021948852
0.022171916
0.02208776
0.02197548
0.022041433
0.02200814
0.022117995
0.022181584
0.022033025
0.021957686
0.02203408
0.022021623
0.022135621
0.022027032
0.02192592
0.022032024
0.02176715
0.022010883
0.02204691
0.022074873
0.022234043
0.022155408
0.021993909
0.021925703
0.02203312
0.02200012
0.021993475
0.021975892
0.021955078
0.021919796
0.02205524
0.021942966
0.022105988
0.022018094
0.021931656
0.021988563
0.021926304
0.02192554
0.02198656
0.02180932
0.021907069
0.021938344
0.022004038
0.021728203
0.02178886
0.021804389
0.021872826
0.021913368
0.021789365
0.021911455
0.021728257
0.021940487
0.02192619
0.021903042
0.021809326
0.021836724
0.021951864
0.022001952
0.022048911
0.021965249
0.021818873
0.021905815
0.021930302
0.022002669
0.021913394
0.02195038
0.022073831
0.021922745
0.021791538
0.021993658
0.021942908
0.021849656
0.021972895
0.021891238
0.021997647
0.02203087
0.021985285
0.021862095
0.022005107
0.022117604
0.021945396
0.022158394
0.022010734
0.022051122
0.022135036
0.022082798
0.022015106
0.022166412
0.021928193
0.0219864
0.021995744
0.021931184
0.022077188
0.02194606
0.021989768
0.02215779
0.022122996
0.021986628
0.02207981
0.022130178
0.022121117
0.02209807
0.02200095
0.022067728
0.021993408
0.022107653
0.022042051
0.02194967
0.021979572
0.021987634
0.021882733
0.02194211
0.022043873
0.022001721
0.021878684
0.022057379
0.02195153
0.021848088
0.022028299
0.02202346
0.022045868
0.022114957
0.022034599
0.021993244
0.022174593
0.022183869
0.022190874
0.022048749
0.022042217
0.022107823
0.022184927
0.022123957
0.021999154
0.022044763
0.021916809
0.021973306
0.02181576
0.021846596
0.02190258
0.021979133
0.022018228
0.021924078
0.022146484
0.02225212
0.022319378
0.022140596
0.022293905
0.022010904
0.02200965
0.022129882
0.02226584
0.022264577
0.022069758
0.022048255
0.021957643
0.021816164
0.022014145
0.022081297
0.022115072
0.022008134
0.02184123
0.021918198
0.021843085
0.021745306
0.021840276
0.021826852
0.021989614
0.02162136
0.021766134
0.021953413
0.02188449
0.02190621
0.021849258
0.02179037
0.021980308
0.021947386
0.022025878
0.022027565
0.022102006
0.021979673
0.022062857
0.022096753
0.022104468
0.0221268
0.02222778
0.02205196
0.022031622
0.022019776
0.021953823
0.021865878
0.021913009
0.02197669
0.022139415
0.021986693
0.022085499
0.02205403
0.02214108
0.021933222
0.02174765
0.02194944
0.021958608
0.021926468
0.021903804
0.022137929
0.021957297
0.022066548
0.022015918
0.021901667
0.021909878
0.021892581
0.021933032
0.021905057
0.02201415
0.021926695
0.022283409
0.022075623
0.021930989
0.022197617
0.022043461
0.022055976
0.02195673
0.021928482
0.021962915
0.022163888
0.022202171
0.021988822
0.022197668
0.022099946
0.022146171
0.022175793
0.022015648
0.02205077
0.022187125
0.022063678
0.022017347
0.021973932
0.021894902
0.022047525
0.022062853
0.022173123
0.021962738
0.021924
0.022037264
0.022046793
0.021912297
0.02191012
0.022092214
0.021898517
0.022024542
0.02199071
0.021905955
0.022068987
0.021982905
0.022004494
0.022077402
0.02197606
0.021877816
0.02184452
0.021824878
0.021911925
0.02194332
0.021993265
0.021954661
0.021761378
0.021957673
0.022076715
0.022068966
0.02204191
0.021937419
0.022223914
0.021909678
0.021891523
0.021949718
0.022021033
0.021946857
0.022191247
0.021935444
0.021989757
0.021883206
0.021863652
0.021855708
0.02187148
0.021951217
0.021952929
0.021998378
0.022116108
0.022015335
0.02192004
0.021982929
0.022104006
0.022171114
0.021917643
0.021886487
0.021865916
0.02199947
0.02181304
0.021779396
0.021907097
0.02182792
0.022008218
0.02194859
0.02186714
0.021857278
0.02183034
0.021975907
0.021971628
0.022046674
0.02203158
0.021859396
0.021924594
0.021960514
0.022061802
0.02206909
0.021895116
0.021903735
0.021818109
0.021882236
0.02191295
0.0219858
0.021989802
0.021906484
0.021927182
0.021904878
0.021932095
0.022058556
0.022068601
0.0218851
0.022003317
0.022119831
0.021982107
0.022049278
0.022055238
0.021864066
0.021794097
0.021946212
0.021849506
0.021927271
0.021994587
0.021876447
0.022118278
0.021842146
0.022083731
0.021977939
0.021949267
0.021907276
0.021898445
0.02186286
0.021987595
0.02196556
0.021991616
0.02198458
0.02193919
0.021837128
0.022051403
0.02205747
0.021975655
0.021998355
0.022069344
0.021846319
0.022041028
0.021957876
0.021933895
0.021932572
0.022142947
0.02210022
0.021909226
0.022061171
0.021956135
0.022033593
0.022117134
0.022084698
0.02202772
0.02206092
0.021943986
0.022058718
0.022086391
0.022093626
0.022007706
0.02196609
0.021869743
0.02177766
