===================== Time: [Thu Aug 11 16:51:19 2022] ========================0.06092223
0.058842655
0.05856354
0.057393555
0.05820763
0.057618953
0.057868723
0.05784715
0.058935855
0.058717616
0.05768257
0.057790976
0.056996442
0.057322193
0.05729984
0.057096366
0.05693978
0.056587167
0.05622717
0.056178268
0.055923384
0.056392916
0.05584164
0.056687295
0.056601897
0.056364372
0.056446463
0.05696893
0.057094842
0.057999846
0.057823867
0.05765163
0.057746183
0.057218708
0.05678484
0.05700622
0.05719912
0.056954436
0.057846755
0.057389963
0.05716916
0.0565285
0.05720382
0.056990158
0.056385938
0.05636351
0.055889975
0.055827845
0.05600409
0.05569872
0.05612415
0.05607466
0.05602053
0.055628095
0.05510387
0.05485368
0.054911673
0.055103306
0.05489251
0.05490727
0.05407959
0.053992126
0.053932007
0.053738136
0.053765707
0.054031856
0.053949814
0.05379902
0.053717613
0.05356379
0.053715765
0.053160638
0.0529025
0.053268403
0.053331647
0.053284127
0.05319303
0.053723354
0.05374057
0.05397932
0.05481495
0.05552622
0.055367254
0.054786272
0.055656366
0.05537817
0.05497099
0.05424694
0.055785347
0.05673198
0.057076983
0.057421964
0.057022933
0.057124864
0.056836355
0.05634414
0.05503178
0.055700082
0.05564393
0.05656506
0.05658587
0.05629126
0.05604366
0.05618755
0.05585412
0.055919297
0.055948492
0.056102328
0.054803513
0.055242795
0.054630067
0.054879785
0.054665003
0.05488709
0.05465186
0.05446244
0.05408192
0.054089278
0.054011557
0.053773995
0.054110367
0.053949017
0.0540065
0.053534478
0.053889714
0.05424053
0.053763613
0.053161383
0.054029953
0.053418115
0.054099493
0.053519692
0.053469993
0.053516597
0.054387912
0.054520324
0.054922897
0.05500822
0.054912634
0.054739304
0.05514097
0.0547718
0.054447986
0.054897826
0.055091582
0.05516767
0.054740336
0.05514883
0.05533878
0.05529574
0.05432609
0.054373823
0.05407336
0.053835887
0.05357048
0.05393705
0.054039363
0.054505296
0.05496647
0.055071294
0.055531822
0.05467022
0.053868487
0.05409023
0.053671986
0.05364826
0.053100977
0.052360594
0.052844815
0.053253565
0.053818744
0.053595636
0.053430736
0.054330193
0.055112604
0.054530647
0.054648813
0.05467227
0.054734256
0.05438677
0.054331042
0.05550923
0.05614883
0.057580005
0.05741983
0.057888106
0.057627857
0.058687452
0.057859678
0.058121037
0.05853855
0.059022572
0.059415724
0.058974292
0.060417444
0.06134976
0.061906
0.06195594
0.061911855
0.06248267
0.061645623
0.061993662
0.06168164
0.06096313
0.061557535
0.06143056
0.060618706
0.06024744
0.0603185
0.059878692
0.059828464
0.05949157
0.059043046
0.05924787
0.058871217
0.05877498
0.058460254
0.05845137
0.05801303
0.05796013
0.058173288
0.05817446
0.058441937
0.058829978
0.057474468
0.058757085
0.06167913
0.062135596
0.062311336
0.062052872
0.062467203
0.06191658
0.061089464
0.0585191
0.05949976
0.05954784
0.059956748
0.059494097
0.059797727
0.059680432
0.05881343
0.058981016
0.05876205
0.05849172
0.05819627
0.05849829
0.058623705
0.05831416
0.05863423
0.058340736
0.05823792
0.058413524
0.05832542
0.058262542
0.057991307
0.05777236
0.057868432
0.057125412
0.0580975
0.05747329
0.05758409
0.057635035
0.057817172
0.057417475
0.057363283
0.057701293
0.057355534
0.0572202
0.056950238
0.0572388
0.057431437
0.05727806
0.057716183
0.057778575
0.057902563
0.058039337
0.057848927
0.058028247
0.058017217
0.057562713
0.05772974
0.057326287
0.057232473
0.057480764
0.05725
0.05675838
0.056786977
0.056872804
0.057241254
0.05702437
0.05645725
0.056231413
0.0565055
0.05683876
0.056878116
0.05673667
0.056642592
0.056288972
0.056040637
0.056390554
0.056672823
0.056565512
0.056926943
0.056666564
0.055940583
0.056556888
0.056827705
0.056307144
0.056300778
0.05559156
0.055915438
0.056104947
0.055849932
0.05661404
0.05628133
0.055975433
0.05611555
0.05621218
0.05594644
0.05612024
0.055988014
0.05608093
0.05564627
0.05556936
0.05590679
0.05548414
0.05573658
0.05559796
0.055909216
0.055528443
0.05546696
0.05507317
0.055169497
0.055055883
0.055349775
0.055012602
0.054988865
0.05552117
0.055003967
0.05546822
0.05534446
0.05519861
0.05498683
0.05491784
0.055352386
0.055057023
0.054968465
0.054954488
0.054814406
0.05453856
0.05450876
0.054391
0.054696254
0.05439059
0.054560374
0.054473832
0.054234657
0.054308183
0.05410767
0.054192968
0.054344177
0.054230325
0.054427695
0.0543961
0.05414923
0.05392496
0.053705543
0.05357989
0.053524297
0.054053143
0.053984843
0.05441523
0.053949587
0.053624954
0.053448774
0.053159613
0.053484928
0.053206276
0.053514548
0.05335007
0.053376812
0.053172812
0.05336198
0.053353712
0.05383348
0.05365493
0.053435996
0.05305075
0.0529683
0.052918334
0.053166058
0.052963726
0.05331038
0.053382535
0.052902345
0.053317845
0.05381741
0.053583954
0.05349691
0.053963788
0.05414584
0.05357764
0.05319727
0.052945346
0.052859206
0.053330127
0.053354513
0.053735904
0.053362936
0.053533684
0.053254154
0.053977802
0.053504955
0.053446054
0.05399444
0.053882834
0.05368257
0.05356548
0.053054642
0.053132672
0.05283131
0.052914973
0.052678794
0.052765653
0.05324608
0.052424915
0.052873548
0.052827623
0.05260296
0.052799623
0.052719556
0.052721344
0.052742247
0.05310632
0.05302931
0.052873515
0.05270381
0.05248023
0.05314873
0.053373467
0.053291023
0.05271166
0.05313839
0.05293588
0.05336784
0.053227015
0.053558648
0.053039093
0.05354113
0.053305525
0.053505655
0.052967574
0.05352448
0.053738326
0.053194597
0.05358819
0.05355201
0.052844774
0.053240094
0.05289389
0.053137943
0.05297838
0.052661397
0.052832916
0.05273952
0.052780185
0.052702326
0.05310282
0.052918702
0.05269657
0.052845344
0.053152207
0.053168684
0.05309033
0.05330316
0.05409696
0.05509516
0.05519167
0.05511133
0.05449925
0.05448515
0.053936765
0.054141972
0.053768553
0.05349997
0.053397678
0.053197753
0.053523853
0.053079035
0.053188853
0.053843103
0.053551003
0.05341604
0.053538818
0.053836226
0.0536745
0.053943526
0.05379627
0.05363268
0.053453114
0.053351182
0.053116277
0.052921355
0.053001087
0.052992657
0.05300162
0.052696645
0.052463096
0.05256227
0.053317446
0.053509198
0.053807776
0.053745624
0.053667836
0.053500265
0.05331938
0.05337193
0.052538674
0.053021338
0.05315138
0.053349726
0.052779417
0.052764036
0.052938066
0.05264091
0.052653775
0.052851938
0.052804526
0.05241759
0.052003615
0.05246275
0.052070722
0.05286217
0.05251682
0.05235009
0.051761128
0.051905967
0.0523959
0.051878426
0.051610064
0.0513723
0.051898498
0.051972266
0.05150635
0.051727727
0.0523381
0.051667493
0.05171645
0.051690377
0.0516924
0.051670473
0.051789448
0.051603474
0.05143365
0.05233904
0.05244754
0.052519556
0.053109054
0.05274875
0.053461276
0.053572517
0.05457487
0.052840933
0.05278114
0.053070016
0.053199515
0.053568095
0.053687677
0.05390435
0.054591578
0.05500298
0.05464459
0.0549647
0.05492248
0.05456572
0.054939456
0.055740613
0.055012953
0.054789357
0.054427657
0.054407552
0.05414475
0.05383502
0.05399024
0.05381706
0.053347945
0.053488497
0.05370247
0.05381152
0.05288887
0.053473536
0.05341324
0.053434607
0.05340113
0.053455945
0.053312972
0.053702075
0.05395877
0.054133274
0.05390852
0.053759847
0.053524435
0.053582314
0.053930875
0.053561103
0.053724747
0.053087782
0.053802505
0.052790135
0.052767407
0.052967083
0.05302656
0.05296044
0.05274139
0.052311987
0.05213478
0.05219939
0.05186188
0.052041672
0.052165076
0.05226943
0.05248165
0.052464895
0.051946636
0.052063555
0.051988572
0.05163825
0.05193058
0.05221733
0.05266335
0.05307819
0.053634796
0.053033695
0.053068347
0.052467246
0.052360028
0.052514445
0.052019298
0.05205172
0.05235259
0.05294625
0.053833153
0.053324535
0.053051416
0.053240668
0.053274207
0.053098414
0.053106334
0.052289344
0.05281824
0.05241254
0.052208543
0.051680654
0.051028248
0.05062954
0.050907467
0.050511133
0.050278157
0.05146696
0.051120553
0.05158414
0.05250891
0.053820882
0.054460384
0.054194342
0.054089837
0.052921012
0.052127108
0.052197978
0.05217007
0.052299805
0.05245156
0.052262317
0.051975064
0.052132398
0.05219895
0.052664936
0.052086994
0.052824482
0.052618284
0.052410144
0.05304076
0.05264325
0.053169586
0.054167584
0.053119875
0.05422652
0.053238317
0.05286248
0.052698847
0.052144587
0.052534517
0.051860567
0.052295465
0.05236309
0.052473016
0.052655473
0.052133583
0.05206056
0.05224597
0.051829673
0.05281503
0.052612226
0.052615575
0.052604023
0.05239102
0.052278224
0.052407086
0.051948123
0.051567018
0.051557794
0.051711828
0.05189767
0.051514335
0.051550716
0.051181372
0.051484533
0.051401753
0.051078394
0.05133924
0.05141074
0.05109556
0.0509505
0.051348846
0.05154834
0.051289927
0.050488696
0.050322797
0.050490454
0.050791536
0.050868955
0.050650757
0.050931297
0.05032113
0.05079443
0.051011644
0.051107947
0.051416796
0.051625174
0.051600188
0.051053073
0.052390195
0.052191444
0.05243304
0.052466124
0.052684955
0.052731298
0.052813523
0.05236146
0.053081132
0.0531944
0.0528303
0.052293852
0.052078694
0.053117663
0.05438924
0.054819904
0.054474883
0.05509043
0.055529002
0.055344768
0.05562686
0.055023473
0.054731727
0.054719172
0.05564244
0.056053706
0.0557123
0.05540577
0.055353504
0.055023156
0.05499685
0.054520983
0.05476347
0.053989336
0.054157093
0.054698948
0.05475328
0.05425429
0.054411974
0.054071262
0.054246824
0.05473195
0.05505481
0.055335667
0.05472181
0.055026744
0.05496407
0.055131074
0.05454115
0.05480611
0.05412289
0.05441683
0.05409336
0.0539127
0.05396121
0.054378077
0.05462649
0.0549708
0.054974735
0.05506018
0.05513341
0.055267192
0.05546425
0.05475403
0.054091513
0.0545499
0.055107582
0.05523309
0.05545437
0.0554884
0.055922356
0.055941395
0.05623108
0.057520002
0.058851562
0.05961157
0.059880912
0.059640262
0.059591107
0.058304317
0.057394534
0.057636175
0.057223354
0.058051057
0.057594992
0.058433685
0.058504585
0.060092345
0.058974873
0.058565285
0.056789096
0.05907808
0.057527203
0.059164364
0.060258385
0.059387
0.059048064
0.058922052
0.05856384
0.058736775
0.05817636
0.058776207
0.057874758
0.05653236
0.057610143
0.0570728
0.05761126
0.05723546
0.056952238
0.059085943
0.060371306
0.060251452
0.060474567
0.060663704
0.06057628
0.060914043
0.061412774
0.0604998
0.06064457
0.061102852
0.06151663
0.06093212
0.060929786
0.06027316
0.05979356
0.059118275
0.05928969
0.059050508
0.05868856
0.05829717
0.057865776
0.05767961
0.0572319
0.058073357
0.0581716
0.057928342
0.057988394
0.05730391
0.05695471
0.05687506
0.056610126
0.05697575
0.056442216
0.05635712
0.05637173
0.056401126
0.05672421
0.055971175
0.05746206
0.056650933
0.056526236
0.05686951
0.056808863
0.055880986
0.055503808
0.055761658
0.056390967
0.056825593
0.056437496
0.056733757
0.057074312
0.056759924
0.05664682
0.056251854
0.055857994
0.055845167
0.055111054
0.055848517
0.056004137
0.056879304
0.05703649
0.056244686
0.05618319
0.05676002
0.0562855
0.05680245
0.056326874
0.056574527
0.056621816
0.056435417
0.056670725
0.056890752
0.0569311
0.056521058
0.056511354
0.05627673
0.055839036
0.055392485
0.05523861
0.055414498
0.054286964
0.054054745
0.054825485
0.05529538
0.054891597
0.054228928
0.054254595
0.053617474
0.05426956
0.054933257
0.05474157
0.053955376
0.054692302
0.054508727
0.054343615
0.054446287
0.0543114
0.05480565
0.054507207
0.054866645
0.054263465
0.05430689
0.054418758
0.055226862
0.055553097
0.056192398
0.057025816
0.057005357
0.057196915
0.05630933
0.05605109
0.056205723
0.056068473
0.05541355
0.054677576
0.05440686
0.054725256
0.05470711
0.054232482
0.05423361
0.055075772
0.05480947
0.05482183
0.055038568
0.054559402
0.05496193
0.054170255
0.054487526
0.054010052
0.054380205
0.054553892
0.054030117
0.054655172
0.054225907
0.054290842
0.053290807
0.05389786
0.053293437
0.05415121
0.05443062
0.053997796
0.054133903
0.053765036
0.053850457
0.054770876
0.054660045
0.05366081
0.053699497
0.05398162
0.053942747
0.05401128
0.05416675
0.054190926
0.053766705
0.053633157
0.05364613
0.05366167
0.053861655
0.054162417
0.053538088
0.053435747
0.053395543
0.053299382
0.053388137
0.053818643
0.053959228
0.05355879
0.053928643
0.053730484
0.05359606
0.05340296
0.053743683
0.05426211
0.053698093
0.05399018
0.054168206
0.053685468
0.054141216
0.0539845
0.054045934
0.05428546
0.05420358
0.05433949
0.054397237
0.053465094
0.05318264
0.053165346
0.05383654
0.05379907
0.05403903
0.053865295
0.053113833
0.053173337
0.053490523
0.054011405
0.053582884
0.053607687
0.053968176
0.05351917
0.05369778
0.05338581
0.053475704
0.053376254
0.053775348
0.053440705
0.053338412
0.05320666
0.05292179
0.05288276
0.052966807
0.05333903
0.05351154
0.05329157
0.052926447
0.05267688
0.053318176
0.052906007
0.05317872
0.053564876
0.05336541
0.053143542
0.052975833
0.053263903
0.052826088
0.053037114
0.053140383
0.053001866
0.053351883
0.053059835
0.053515803
0.05338096
0.053089008
0.05300617
0.05280057
0.053208068
0.052823666
0.053030476
0.0534623
0.053203754
0.053270772
0.05337612
0.05363484
0.05335025
0.054169197
0.054920055
0.05531906
0.05489572
0.054207888
0.053249065
0.05319111
0.053496514
0.054683093
0.055297885
0.05433327
0.053187925
0.05317877
0.05363416
0.053305604
0.05350321
0.053669076
0.05375523
0.054405104
0.05408343
0.054485746
0.054215267
0.053893927
0.05383727
0.05354964
0.053484
0.053387046
0.053088613
0.05278255
0.05286194
0.052616872
0.05282366
0.051881693
0.052533135
0.05235036
0.052616186
0.0528159
0.05290106
0.052596133
0.053155117
0.05270931
0.052887086
0.05229409
0.052429743
0.05249657
0.053133562
0.052769005
0.052611962
0.05295005
0.052751813
0.05262378
0.05300434
0.052754674
0.052289013
0.05287255
0.05322494
0.052841384
0.052550193
0.05355001
0.053703386
0.054285377
0.054424208
0.054038987
0.053480636
0.052969538
0.053060934
0.052934412
0.05278906
0.053226806
0.052987784
0.05253038
0.0533737
0.053500332
0.053246774
0.05429257
0.05428577
0.054592386
0.05608121
0.05602961
0.055097964
0.053788386
0.054049518
0.0558052
0.05555942
0.055740353
0.056171373
0.05566736
0.054839764
0.053798202
0.05403074
0.054163627
0.054657526
0.054231685
0.054011162
0.054171238
0.05404712
0.05365091
0.054397743
0.05361632
0.05434964
0.053980857
0.05365638
0.054212242
0.05399491
0.054232284
0.054268196
0.053582937
0.05393834
0.0536848
0.054010443
0.053245094
0.053362634
0.053717684
0.053658914
0.053682014
0.053409204
0.053499456
0.053628907
0.053185556
0.052903187
0.052290495
0.053125598
0.053025566
0.053176925
0.0530878
0.05322621
0.05360362
0.053482503
0.052579787
0.052498512
0.052388605
0.05270344
0.052901406
0.05251239
0.05251094
0.052576832
0.052619822
0.052879874
0.05270542
0.05303798
0.053130057
0.052782375
0.05273567
0.052649
0.052408308
0.05264558
0.05246627
0.052650657
0.05285717
0.052457113
0.052182328
0.05268214
0.052612457
0.05307924
0.052917402
0.052897234
0.05295323
0.052703314
0.052958205
0.05257176
0.052455805
0.05253378
0.05315947
0.05320478
0.053045634
0.05384665
0.05544186
0.05759664
0.057363324
0.05701313
0.05724429
0.05727312
0.056993097
0.057471104
0.057468988
0.056841422
0.05647119
0.055689026
0.054686025
0.05385935
0.054419845
0.0547525
0.05568274
0.056113515
0.05677139
0.056315802
0.05586061
0.05561919
0.055135366
0.055184457
0.05586856
0.055582732
0.056086965
0.05617507
0.056079008
0.056893498
0.057188313
0.059437953
0.059970684
0.059280984
0.058239248
0.059425466
0.059343647
0.060324587
0.058578454
0.057705335
0.05675446
0.057458397
0.05774933
0.05790896
0.057785213
0.057910435
0.05747588
0.05648319
0.057019543
0.057758573
0.05786144
0.058160808
0.057500046
0.056420535
0.055716265
0.055743933
0.0554144
0.055167355
0.055098187
0.05550338
0.05474407
0.05532775
0.05545149
0.05549667
0.055451024
0.054669973
0.05484091
0.05505359
0.05427074
0.05496992
0.054349806
0.054695785
0.055173784
0.055118587
0.0544984
0.054518994
0.055013396
0.054480102
0.05482687
0.05511001
0.05489058
0.054494165
0.05471717
0.05471992
0.05491065
0.05483873
0.054856967
0.054673348
0.054894626
0.05482055
0.0547893
0.05436482
0.054934252
0.055164326
0.057918776
0.057350114
0.057645775
0.057406895
0.057460736
0.057717517
0.05762706
0.058796305
0.059049148
0.058444798
0.058061037
0.059092026
0.058867782
0.05929348
0.059235793
0.058749694
0.058356017
0.05864413
0.058119245
0.057473473
0.056939397
0.05698696
0.056917973
0.056966685
0.056752533
0.057716504
0.057921983
0.05850015
0.05829926
0.05871016
0.05851862
0.05868486
0.058664333
0.057686355
0.05790079
0.05745671
0.05764553
0.057543337
0.057966255
0.057713334
0.058290396
0.058491033
0.058607746
0.058327783
0.058749758
0.058492336
0.058675427
0.0587268
0.05874856
0.05880627
0.05861153
0.058436897
0.05813915
0.058231246
0.05798849
0.05811041
0.05768141
0.05769194
0.058277693
0.057896793
0.058329586
0.05819425
0.05775847
0.057826523
0.057660133
0.05771174
0.057928238
0.05750012
0.057787407
0.0578003
0.057494786
0.057591967
0.057693604
0.057806242
0.057614587
0.057422854
0.057188086
0.05765706
0.057479464
0.05744985
0.057224218
0.057342444
0.05792153
0.057815593
0.057457414
0.05754882
0.057813045
0.05755978
0.057574645
0.05727811
0.057066094
0.057429466
0.057635542
0.057517808
0.05769308
0.05737696
0.05766833
0.05787028
0.05735824
0.05746631
0.057210177
0.05736821
0.057918876
0.057756323
0.058170337
0.05839791
0.057958316
0.058247935
0.058245614
0.058040097
0.05825009
0.05814672
0.05786797
0.058155365
0.057823353
0.05794058
0.058162887
0.057718843
0.058360573
0.05823562
0.057760265
0.057588454
0.05772193
0.05706634
0.057033796
0.0570043
0.056815952
0.05681769
0.056964573
0.057378326
0.05741052
0.057685886
0.057633545
0.057624187
0.057290707
0.05744828
0.057572085
0.057528682
0.057035774
0.057162557
0.057325542
0.056889914
0.057282053
0.056935742
0.056988843
0.056788098
0.05664264
0.056884866
0.05666436
0.056821797
0.056305308
0.056011837
0.055720598
0.055643976
0.055989917
0.055802517
0.055663634
0.055489272
0.055151306
0.054949656
0.05513115
0.055088244
0.055031095
0.054777462
0.054496344
0.055491325
0.055550195
0.056161914
0.055817977
0.05557098
0.055513594
0.05489835
0.055009115
0.054823298
0.055394445
0.055318333
0.055047985
0.055130444
0.05536661
0.055036683
0.054845665
0.05521837
0.05528323
0.055251308
0.05585793
0.055842046
0.05559557
0.05525309
0.05558365
0.05557926
0.055807352
0.056122374
0.055611294
0.055580873
0.055513266
0.055107288
0.055346373
0.055167686
0.055406656
0.055135667
0.05504638
0.05527947
0.054833375
0.054874223
0.054784037
0.054668847
0.0544919
0.054384615
0.054188456
0.05443222
0.053978126
0.054335114
0.05456052
0.0543459
0.054369
0.0543514
0.05460509
0.054462764
0.053968996
0.05414769
0.05426565
0.05469459
0.054211628
0.054470908
0.05450755
0.053912252
0.054534517
0.05455148
0.054299586
0.053721223
0.054528393
0.054213222
0.054083373
0.053969752
0.054024514
0.05395487
0.053985815
0.053916886
0.053912546
0.05374026
0.054188684
0.05414429
0.05432304
0.054497845
0.054157402
0.054508153
0.05428321
0.05419789
0.054146722
0.054151587
0.054392643
0.053956185
0.05432066
0.054394778
0.054134514
0.05433718
0.054249506
0.054504637
0.05400122
0.053977184
0.05403395
0.05406281
0.05368759
0.053791564
0.053792838
0.054097842
0.053845163
0.05371442
0.05394289
0.054017317
0.054038044
0.054044582
0.053675823
0.054075867
0.053978633
0.05378435
0.054050166
0.05371607
0.054081716
0.053853147
0.053661056
0.053956892
0.05390397
0.05394322
0.054084085
0.053550866
0.053944487
0.05400317
0.05387982
0.053928155
0.053644653
0.053836517
0.053699974
0.05361704
0.053217467
0.053551957
0.05359673
0.053339325
0.05336167
0.053466864
0.053653046
0.053616293
0.053533874
0.053573173
0.05366621
0.053085927
0.053113956
0.053598788
0.053542554
0.053755857
0.05365039
0.053504683
0.053468708
0.053838
0.054027773
0.053455036
0.053616025
0.053622186
0.054094426
0.053704597
0.053360812
0.053607147
0.05347059
0.053391457
0.053082995
0.053248324
0.05367522
0.053221855
0.053609017
0.053208116
0.05346963
0.053532716
0.053566273
0.05346342
0.05329339
0.05365154
0.05315045
0.053341575
0.05338961
0.053776827
0.053183455
0.053434156
0.053180832
0.05314503
0.0531251
0.0533051
0.05328444
0.05297442
0.053434066
0.053441133
0.05293902
0.05314171
0.053187482
0.053221297
0.053524133
0.053181462
0.05376742
0.05340052
0.053585548
0.053370338
0.05332522
0.053385593
0.053445574
0.05380912
0.053451363
0.053397134
0.05320877
0.05349366
0.05322887
0.053459384
0.053418275
0.053267665
0.053327817
0.052882493
0.053498637
0.053408306
0.053426005
0.05387567
0.0535428
0.053689245
0.053577274
0.0535516
0.05364744
0.053411957
0.053004585
0.053123977
0.053803436
0.053167727
0.05285091
0.05336869
0.053271975
0.05349646
0.05335081
0.053407203
0.05327485
0.053123787
0.053139236
0.053143963
0.05317046
0.05310097
0.05335195
0.05312845
0.053076074
0.053127125
0.053389486
0.053361904
0.05323715
0.053177275
0.053044554
0.053325504
0.053170513
0.053072613
0.05307003
0.05313109
0.05290584
0.053063706
0.053190354
0.05336408
0.05332504
0.05311936
0.053080842
0.05291428
0.053250596
0.052914243
0.05293353
0.053300537
0.053237442
0.052964643
0.05294904
0.053027578
0.05281722
0.053194672
0.053125393
0.0527661
0.052997313
0.053014338
0.052908733
0.05293095
0.05283752
0.052741062
0.052980747
0.053179745
0.05297157
0.052904498
0.053054813
0.05324151
0.052946363
0.053330224
0.05283378
0.052921362
0.052574977
0.052584063
0.05285075
0.05333326
0.052747827
0.052750867
0.05276784
0.05326703
0.053184416
0.05312374
0.053110562
0.05304009
0.05322431
0.05318308
0.05323269
0.053217087
0.053052727
0.053083565
0.053026136
0.053670496
0.053336535
0.053598624
0.053157177
0.053017657
0.0528737
0.05297058
0.053303957
0.053269103
0.053305324
0.053533033
0.05321318
0.05375745
0.053769037
0.053895608
0.053839695
0.053801037
0.054222815
0.053754278
0.05383302
0.053671844
0.05368135
0.05373212
0.053161066
0.052933056
0.053082243
0.05292981
0.05297848
0.053059556
0.053280503
0.053161934
0.053565316
0.053857204
0.053638484
0.05366091
0.05379004
0.053115465
0.05382319
0.053422827
0.053674318
0.053921346
0.05378465
0.05362078
0.053482823
0.053544976
0.05341021
0.05334917
0.05352396
0.053637646
0.05347555
0.05347171
0.053499408
0.053536266
0.053490054
0.053292643
0.05279547
0.052922077
0.052964173
0.052761655
0.052877884
0.0527781
0.052847728
0.052707285
0.052736364
0.052755255
0.05280219
0.052627847
0.052502733
0.05303883
0.052939996
0.052931156
0.05294095
0.052586693
0.05278761
0.053030647
0.0525674
0.052918166
0.052660625
0.052540015
0.05266453
0.0527584
0.052613046
0.0526214
0.05269856
0.052394863
0.052640036
0.05269225
0.052813724
0.05296754
0.05283735
0.052652165
0.05226983
0.052437987
0.05276797
0.052750688
0.05270683
0.052682642
0.052413907
0.052418184
0.052828968
0.05271314
0.052811816
0.052632295
0.052513022
0.05233274
0.052661628
0.052716523
0.05268689
0.05234523
0.052558724
0.052510735
0.05238476
0.05283684
0.05277782
0.052526023
0.052372918
0.052412
0.052379515
0.052435677
0.052727006
0.05253785
0.05269767
0.05248871
0.05245155
0.05238516
0.052650247
0.05291498
0.05256173
0.052746315
0.0527754
0.052296784
0.052470006
0.05203321
0.052259073
0.052290075
0.052414156
0.05224488
0.052486677
0.052482784
0.052399036
0.052069556
0.052305773
0.052082974
0.05234672
0.052482102
0.052388027
0.05242936
0.05219986
0.05204253
0.052343156
0.052510273
0.052597087
0.052426543
0.05270246
0.052514613
0.05222076
0.052280914
0.052321117
0.052461427
0.0528043
0.052824438
0.052598353
0.05280346
0.052667916
0.052630555
0.05220842
0.051914927
0.05247372
0.052456886
0.05251497
0.052656688
0.052222375
0.052450184
0.05252647
0.052464362
0.05242196
0.052228294
0.052368276
0.052369706
0.052943867
0.05207175
0.052194744
0.052157715
0.052690096
0.052126806
0.05245245
0.05248566
0.052533295
0.052569073
0.052500974
0.052774318
0.052081443
0.052305784
0.052061602
0.052313194
0.052062504
0.052460473
0.052180342
0.052283317
0.052284554
0.051936105
0.052160513
0.052129745
0.052485343
0.05234519
0.052100614
0.052179903
0.05257775
0.052438326
0.05249911
0.052359514
0.05206501
0.052199773
0.052245468
0.052284412
0.052396998
0.052459076
0.052503295
0.052470915
0.0524309
0.05220633
0.05248395
0.05225285
0.05248153
0.05225384
0.05236085
0.052334853
0.052034263
0.052171163
0.052229486
0.05230294
0.05205282
0.052248236
0.05229728
0.052445598
0.052506167
0.052500967
0.052754644
0.05272017
0.05247152
0.052324623
0.05279489
0.05270127
0.052277345
0.052117128
0.052119624
0.052240286
0.05223344
0.052156642
0.052624427
0.052125197
0.05242909
0.052227292
0.052248247
0.0524831
0.052298382
0.052369095
0.052442744
0.052287772
0.05257269
0.052260045
0.05235622
0.052272998
0.05248569
0.05225333
0.052369773
0.052335445
0.05276588
0.052711245
0.0525007
0.052718516
0.052822385
0.05247936
0.052453816
0.052212123
0.052450985
0.052369088
0.052645773
0.05270103
0.052314356
0.052166622
0.05269354
0.052689627
0.052351873
0.05257054
0.052690066
0.05290143
0.052500635
0.052314878
0.052076977
0.05195376
0.05247772
0.052480638
0.05238164
0.052384205
0.052264385
0.052109413
0.05219877
0.05192985
0.05209622
0.052589387
0.05230596
0.052910134
0.052716527
0.052511662
0.052301537
0.05230654
0.05241018
0.052655693
0.05252106
0.0521504
0.052397873
0.052451145
0.052548036
0.052017972
0.051974356
0.052143797
0.051777057
0.052277006
0.052420523
0.052350406
0.052524265
0.051937446
0.0522606
0.05260882
0.052523106
0.05279682
0.052720733
0.052541524
0.05255987
0.05219715
0.05218066
0.05269612
0.052459344
0.0525245
0.052487187
0.052078526
0.05214356
0.051941667
0.05248104
0.052570682
0.052594896
0.052476943
0.052710455
0.05219819
0.052015528
0.05203629
0.052020732
0.052043505
0.05238918
0.05227551
0.052219935
0.05224621
0.05235449
0.05218204
0.052198846
0.052067354
0.052113336
0.05184556
0.052126307
0.05215607
0.052221358
0.051999994
0.05190135
0.05157038
0.052328892
0.0523699
0.051830094
0.052155685
0.052060615
0.05236263
0.052110415
0.05192211
0.051953908
0.052048147
0.051800366
0.051986557
0.051899604
0.05199052
0.052294914
0.051936135
0.05212165
0.052317854
0.052180562
0.052464873
0.05227442
0.051963266
0.052664544
0.052320033
0.05199641
0.052065138
0.052154854
0.05205615
0.051979896
0.05173149
0.051712003
0.05154404
0.052129112
0.052200284
0.052129343
0.05188977
0.05190762
0.0525867
0.052346237
0.05192528
0.05224873
0.052728996
0.052192792
0.052287042
0.052537784
0.052523274
0.05207016
0.052061766
0.05227146
0.052400272
0.05191322
0.05234559
0.051841855
0.052132394
0.052190322
0.05207762
0.052197214
0.051909488
0.051896326
0.052131068
0.052038316
0.051907312
0.052035224
0.05223269
0.05245263
0.05265005
0.05221244
0.05196414
0.051826432
0.052128866
0.05221237
0.05229453
0.052547347
0.052130915
0.052744202
0.052456148
0.05229647
0.05276735
0.052135296
0.052016154
0.052243236
0.052032314
0.052178554
0.052139957
0.052168593
0.051964577
0.052224122
0.052176636
0.05190873
0.051939998
0.05212818
0.051924143
0.051979735
0.05210608
0.052272946
0.05239699
0.051860448
0.052195407
0.052364733
0.052190695
0.051989175
0.051949274
0.051887807
0.05211701
0.05211392
0.052332215
0.05187279
0.051977135
0.05174962
0.052048057
0.051549736
0.051652655
0.051923946
0.051978957
0.051972486
0.05198327
0.052044965
0.051919647
0.051950347
0.052121308
0.051848564
0.05206897
0.051987235
0.05202838
0.05211701
0.051849324
0.05201988
0.051934585
0.05189899
0.05210964
0.05198786
0.05185461
0.051713042
0.052015137
0.05171956
0.051908653
0.052055795
0.052036457
0.051927444
0.052016165
0.05174385
0.051799282
0.05179858
0.05198376
0.052151326
0.051888034
0.051745147
0.052211534
0.05205451
0.05225893
0.052346654
0.05218531
0.05178898
0.05189609
0.051652346
0.051553506
0.05170784
0.051776025
0.051847808
0.051961366
0.05219749
0.052090615
0.052138474
0.052081563
0.052015282
0.051574778
0.05163294
0.051500537
0.051741943
0.05136796
0.051897593
0.051832337
0.051643014
0.051507857
0.05158365
0.052022096
0.051852655
0.051704004
0.05166682
0.051953625
0.052204754
0.051511593
0.051826052
0.051595986
0.052054673
0.052334838
0.05162978
0.05208234
0.051932428
0.052307162
0.0519618
0.052331045
0.052043807
0.051688246
0.052135024
0.05183388
0.05182124
0.052016314
0.05184876
0.0518163
0.05178369
0.05189229
0.051601738
0.05162636
0.051985893
0.05202845
0.052032545
0.05163945
0.05219549
0.051870253
0.05175262
0.051610097
0.05192746
0.051405963
0.051478975
0.051728472
0.052125618
0.052294582
0.052668165
0.052625477
0.05299156
0.0526168
0.053223144
0.052958637
0.05277294
0.052835822
0.05319072
0.05301792
0.052762266
0.05249739
0.052135125
0.052098274
0.05189305
0.051771857
0.05191275
0.051776346
0.05187897
0.052389387
0.05196996
0.052423958
0.051820155
0.05208406
0.05215916
0.05192187
0.05186014
0.051615264
0.051978853
0.05159634
0.051867973
0.051590744
0.051822983
0.0524368
0.05214134
0.05221265
0.051856816
0.05172837
0.05180714
0.05173258
0.051869158
0.052529506
0.0522101
0.05196845
0.05185099
0.051735003
0.051820576
0.05198425
0.05244288
0.052292485
0.051953673
0.052418895
0.052765645
0.052854314
0.052557923
0.052502863
0.052713983
0.05252002
0.052299023
0.0523947
0.0524171
0.052146595
0.051905613
0.052246097
0.052213192
0.051899895
0.051879715
0.05232796
0.05248448
0.05286914
0.052879434
0.052833926
0.053213697
0.05320137
0.053688433
0.05324187
0.053197514
0.053587582
0.053210713
0.053234175
0.053016
0.053129002
0.052787844
0.05318514
0.052334625
0.05265877
0.05262877
0.052984152
0.05242317
0.052469175
0.052626938
0.052768726
0.05240231
0.052511655
0.052520636
0.052667588
0.05241748
0.0525597
0.052264594
0.05238062
0.052198984
0.0526166
0.052289315
0.052539464
0.052139744
0.05216021
0.052162737
0.0519132
0.052024838
0.052092433
0.051994834
0.052151367
0.05206968
0.052050967
0.052537758
0.051690646
0.05203756
0.051950194
0.05199284
0.052081253
0.05149666
0.052125107
0.051641364
0.0521228
0.052192047
0.051919457
0.051774282
0.051917944
0.0521614
0.05181231
0.05194968
0.05195649
0.052080575
0.052156728
0.052110642
0.052025273
0.051967286
0.051614907
0.051703416
0.051058643
0.052212235
0.051908385
0.052036025
0.052246094
0.052403763
0.05197143
0.051858462
0.052014146
0.051625367
0.05177544
0.05189771
0.05201758
0.051828004
0.051843733
0.052122366
0.051636912
0.05192909
0.051671587
0.0514634
0.0515253
0.051443167
0.051545758
0.05139681
0.051734935
0.051477578
0.05187183
0.05171774
0.051509246
0.05155504
0.051658522
0.05156514
0.051959924
0.052109785
0.052065644
0.051840104
0.051972743
0.05210676
0.052063063
0.05273374
0.052720394
0.05206241
0.052008078
0.05167087
0.051846534
0.051944237
0.05195929
0.05218467
0.052254044
0.051648896
0.051872477
0.052070957
0.052091673
0.052381452
0.052050292
0.052517444
0.052189432
0.05192572
0.052101526
0.05215108
0.051740896
0.051873725
0.05175814
0.052373897
0.051852196
0.05167485
0.051805586
0.05199049
0.051998522
0.051747832
0.05144375
0.05189767
0.05143445
0.051810317
0.05178366
0.051890627
0.051414113
0.051491383
0.051778972
0.051418807
0.051371798
0.05138983
0.051649947
0.05138606
0.051850673
0.05129142
0.051232167
0.051565442
0.051068358
0.051740076
0.051469043
0.05118591
0.05138627
0.05131729
0.05183268
0.051429052
0.05140891
0.05169735
0.051588695
0.05161289
0.05176287
0.051661696
0.051658105
0.051771462
0.051503234
0.051576786
0.051168278
0.05166367
0.051527407
0.05144628
0.051559117
0.05124132
0.051540405
0.051278345
0.051342767
0.051424943
0.05171111
0.05125994
0.051547475
0.051583342
0.05114915
0.05124286
0.050988328
0.051431708
0.05136003
0.051488176
0.051432867
0.051776025
0.05101902
0.05153156
0.05151262
0.05155303
0.051506784
0.051520195
0.05133915
0.051109657
0.05120749
0.051434703
0.051294543
0.05130104
0.0515945
0.051374383
0.05125212
0.050854746
0.050724342
0.05155496
0.05088428
0.051555898
0.051383473
0.05147011
0.05116006
0.051357113
0.052169062
0.05158613
0.051361483
0.05134591
0.051587753
0.05127502
0.051366296
0.052010577
0.051449794
0.05135464
0.051944114
0.051458687
0.05131668
0.05155105
0.051636856
0.051794294
0.05136842
0.051446587
0.051613297
0.051470146
0.051396463
0.050978605
0.05113104
0.051320676
0.051241547
0.051304486
0.05121547
0.051352266
0.05135146
0.05173245
0.051523943
0.05154242
0.051932864
0.05167245
0.05137886
0.05107888
0.051363066
0.051514953
0.051635914
0.051713258
0.051043205
0.05156779
0.05148725
0.051579453
0.051339205
0.051705245
0.051461358
0.051568653
0.05099431
0.051104564
0.051354084
0.051378366
0.051004358
0.050931867
0.051616967
0.051478352
0.051117018
0.05106084
0.051291972
0.051353235
0.051033832
0.05115858
0.051143784
0.050914608
0.05153641
0.05120922
0.051466364
0.051042452
0.05160506
0.051638972
0.051816486
0.051333223
0.0514449
0.051183283
0.051086348
0.05153364
0.051236268
0.051788706
0.0516822
0.051574416
0.05133585
0.051403962
0.051504973
0.051883914
0.051666103
0.051467307
0.05165872
0.05159241
0.051858034
0.051839188
0.05238959
0.05241849
0.052840658
0.052493878
0.052304048
0.052563015
0.052334808
0.052508984
0.052338485
0.052101765
0.05220253
0.051871955
0.051993456
0.051623885
0.05190501
0.051686995
0.051561065
0.05137732
0.05157328
0.051295616
0.050936565
0.051502522
0.05116351
0.05111657
0.05137452
0.052068505
0.051381495
0.05150923
0.05138907
0.051710896
0.05148456
0.051255103
0.0514701
0.05127742
0.051372632
0.051302403
0.051463738
0.051383704
0.05140601
0.05172404
0.051181074
0.051546317
0.051908728
0.051345646
0.051559165
0.051540177
0.05117829
0.050828174
0.05145183
0.051429424
0.05128771
0.051722866
0.051273413
0.051314674
0.051501207
0.051518053
0.051497214
0.051275875
0.05123223
0.051109433
0.051059682
0.051491614
0.0512442
0.051404316
0.05118143
0.051197574
0.051115893
0.05117032
0.050978433
0.051069017
0.05099724
0.05101821
0.051197957
0.05105351
0.051275868
0.051640403
0.05162182
0.05158052
0.051437117
0.051394574
0.051120084
0.051415112
0.051308617
0.051060338
0.051081926
0.051642675
0.051524475
0.051091027
0.051363677
0.050708838
0.051543538
0.051408067
0.051365674
0.051288538
0.051283505
0.05133572
0.051408835
0.05121829
0.05132229
0.051382933
0.051168613
0.051182102
0.05152277
0.05089944
0.051007077
0.05104716
0.051332857
0.050902616
0.05112323
0.050929587
0.05146904
0.050979726
0.050755557
0.05118014
0.05102107
0.05110359
0.0510869
0.05118027
0.051253185
0.051201683
0.05126196
0.05103064
0.050947938
0.05090348
0.05120824
0.051058248
0.051297
0.051609255
0.051948622
0.05163583
0.05148234
0.052240506
0.05123153
0.05157743
0.05138014
0.051668815
0.05103508
0.051538225
0.051614743
0.051303167
0.05110272
0.05143039
0.051008914
0.05122025
0.050774552
0.050720703
0.051277958
0.051388275
0.05096139
0.051513158
0.05096087
0.05098413
0.05096846
0.051404245
0.05129268
0.05113011
0.05172265
0.0517072
0.05163673
0.05100496
0.05113407
0.050779242
0.050897382
0.050728902
0.05062404
0.050641533
0.051013213
0.05103628
0.05117246
0.050812602
0.05087021
0.051235218
0.0508288
0.050577994
0.051395707
0.050808225
0.051238142
0.050953366
0.051184937
0.050759282
0.05040897
0.051065084
0.051407646
0.05116427
0.051496107
0.051272355
0.050692473
0.050903838
0.050945498
0.051335115
0.050876804
0.050982516
0.051052783
0.05072213
0.05127479
0.051373437
0.0513137
0.05137427
0.051104844
0.051040597
0.050903417
0.050766136
0.050731923
0.05105801
0.051237203
0.050797395
0.051039737
0.05123456
0.050854407
0.051052626
0.05117586
0.051237598
0.051049806
