===================== Time: [Thu Aug 11 03:51:27 2022] ========================
0.026323307
0.02538252
0.02638165
0.025620108
0.024909554
0.024096273
0.023319436
0.02273897
0.022571536
0.022656254
0.022353048
0.021994626
0.021729898
0.021628726
0.02154781
0.021471526
0.021195997
0.020919744
0.020573508
0.020620843
0.020357702
0.020267244
0.020159142
0.0203671
0.020294588
0.020364586
0.020139428
0.0201169
0.019865748
0.01987529
0.019714864
0.019683588
0.020265179
0.020079194
0.020116292
0.020147737
0.020000257
0.01997908
0.020019198
0.019809477
0.019786838
0.019754665
0.01962214
0.019714551
0.019722195
0.019726159
0.019648364
0.019454833
0.019426037
0.01927816
0.019217532
0.019178478
0.019120643
0.019072812
0.019204315
0.019112797
0.01888057
0.019089706
0.019165918
0.019078711
0.019059505
0.019154128
0.019204224
0.019039944
0.019092139
0.019099537
0.019156927
0.019076945
0.018989053
0.018991118
0.018873148
0.018801881
0.018852748
0.018720474
0.018647114
0.018654149
0.018713431
0.018870486
0.018941758
0.018878074
0.018935585
0.019106664
0.01907961
0.019089462
0.01902808
0.019101808
0.019178404
0.019164661
0.018904986
0.018854387
0.018858807
0.018999193
0.01888651
0.018987468
0.019010248
0.018868543
0.018944655
0.018900944
0.018980885
0.018902624
0.0188696
0.018860875
0.018848691
0.018966574
0.018853644
0.018911354
0.01880253
0.01868825
0.018659933
0.018511944
0.018428097
0.018542387
0.018634837
0.018493442
0.018421836
0.018472355
0.018491663
0.01841631
0.018274015
0.018462997
0.018444015
0.018528821
0.018426495
0.018228756
0.018353162
0.018462084
0.018432437
0.018501965
0.018325834
0.01828336
0.018180821
0.018216934
0.01806661
0.018189816
0.018129
0.018161647
0.018278422
0.018295877
0.018195972
0.01802565
0.01806766
0.018222142
0.018162554
0.018337946
0.018346267
0.018198093
0.018285993
0.018189378
0.018202659
0.018361006
0.01836854
0.018310774
0.018260656
0.018287363
0.018228466
0.018310314
0.018227773
0.018315114
0.01833066
0.01829904
0.018261509
0.018450595
0.018442106
0.01829804
0.018153569
0.018168565
0.01805802
0.017983498
0.018051403
0.018013705
0.017960045
0.017886447
0.018047463
0.01801779
0.01798345
0.017953446
0.018081622
0.017946769
0.017970437
0.017914815
0.017978005
0.018003087
0.017994322
0.01788081
0.017867377
0.017774185
0.017804837
0.017830305
0.017829852
0.01781399
0.0178192
0.01792135
0.01786079
0.017984523
0.017814614
0.01796613
0.018044643
0.017978359
0.017933879
0.017851107
0.017838698
0.017780105
0.01781628
0.01790175
0.017920714
0.017857024
0.017803606
0.017823288
0.017942775
0.017775394
0.01773741
0.017800162
0.017894646
0.017990896
0.018037802
0.017999448
0.017896665
0.017877746
0.017943606
0.017978957
0.017931705
0.017746473
0.017993905
0.017835736
0.018116679
0.017894438
0.017833464
0.018041186
0.018159991
0.018242734
0.018191444
0.018143287
0.01817785
0.018107232
0.018048294
0.017999852
0.018029794
0.017898533
0.017973201
0.01799733
0.017936723
0.01788472
0.017976189
0.017794533
0.017729288
0.01794853
0.017924784
0.017808812
0.017894838
0.01789822
0.01786325
0.017988596
0.018044163
0.017950572
0.017826146
0.017797623
0.017975511
0.017799623
0.017779313
0.017741125
0.017679144
0.01778346
0.017653838
0.017712269
0.0176974
0.017828867
0.0178452
0.0177281
0.017622007
0.017708082
0.017690634
0.017594097
0.01776149
0.017581983
0.017620567
0.017629791
0.017647402
0.017481219
0.017665371
0.01754263
0.017528115
0.01758866
0.01754781
0.01751966
0.01756938
0.017657822
0.017621605
0.017601805
0.017707594
0.017587222
0.017755035
0.01780481
0.017858015
0.017713917
0.017730908
0.017635103
0.017681632
0.017762277
0.017824147
0.017757487
0.017740961
0.017830277
0.017713532
0.01771628
0.017667945
0.017597165
0.017794838
0.0175983
0.01768232
0.017818093
0.017835049
0.017842066
0.017863775
0.017834391
0.017856233
0.017887417
0.017735226
0.017780282
0.017804282
0.01770759
0.017685331
0.017592594
0.01773027
0.017605564
0.017551322
0.0175374
0.017455725
0.017514586
0.017600624
0.017514676
0.017463991
0.017477993
0.01748315
0.017551655
0.017483443
0.017416852
0.017519692
0.017353255
0.017513588
0.017518401
0.017439986
0.017424319
0.017677026
0.017738264
0.017457264
0.017509647
0.017627534
0.017709622
0.017691698
0.01755893
0.017559934
0.017558152
0.0174587
0.017614031
0.017571684
0.01753782
0.017592896
0.017544663
0.017645637
0.017628357
0.017587684
0.017559601
0.017507015
0.017500242
0.017413544
0.017300978
0.017301628
0.017317114
0.017364005
0.01728317
0.017191367
0.017217683
0.017273467
0.017282156
0.017246038
0.017322045
0.01736874
0.017468546
0.017327202
0.017165542
0.017388178
0.017292941
0.01721873
0.017180495
0.017170267
0.017267216
0.017264578
0.01722887
0.017196266
0.017206777
0.017109124
0.016982505
0.017015506
0.01716239
0.017151488
0.016962001
0.017076181
0.017055111
0.01703374
0.01696819
0.017015183
0.017109372
0.017173605
0.017224662
0.017192995
0.017258536
0.017240832
0.017138043
0.017153498
0.017137198
0.0170755
0.017109089
0.016984452
0.01706158
0.017135566
0.017132988
0.017151253
0.017082911
0.017267574
0.017287664
0.017236765
0.017185677
0.01722882
0.017057167
0.01719994
0.017104145
0.017219866
0.017090082
0.017089937
0.017052608
0.01702945
0.01701579
0.017018238
0.017066048
0.017233267
0.017246645
0.017103545
0.017054358
0.01709428
0.017238801
0.017209535
0.017218191
0.017193964
0.017076856
0.017160965
0.017013883
0.01714449
0.0171507
0.01722767
0.017140703
0.017151285
0.01720718
0.017179824
0.016987469
0.017073773
0.01709901
0.017034404
0.017075194
0.017065203
0.0171046
0.01691432
0.016987497
0.016993277
0.01698445
0.016981222
0.017134499
0.016949741
0.016940271
0.016880238
0.016974298
0.016846173
0.017028742
0.017105218
0.017064368
0.01700949
0.017026957
0.01700052
0.017004471
0.017031226
0.016977597
0.017006624
0.016985785
0.016983077
0.01696696
0.017006956
0.016923802
0.01682433
0.016912505
0.016960816
0.016976636
0.017072417
0.017029112
0.017003434
0.017016156
0.016974576
0.016942846
0.016905658
0.016874095
0.016959613
0.016991269
0.016807806
0.016861087
0.016796952
0.016868066
0.016842464
0.016855845
0.016892044
0.016871715
0.016854767
0.016995328
0.016976604
0.01681505
0.01687054
0.016872559
0.016925896
0.016783947
0.016801175
0.016877318
0.016857535
0.016869983
0.016833311
0.016793596
0.017031133
0.016943432
0.01692405
0.016912784
0.016959084
0.016981507
0.016924698
0.01685051
0.016880343
0.016804282
0.016758189
0.016750205
0.016860045
0.016808137
0.016885847
0.016939191
0.016895004
0.01681902
0.016776497
0.016798219
0.016783401
0.016829861
0.016865611
0.016780404
0.016857604
0.01685162
0.016701942
0.01684801
0.016744392
0.01678533
0.016767196
0.016758157
0.016785324
0.016779443
0.016805463
0.016728798
0.016616512
0.01686325
0.016801959
0.016852438
0.016837316
0.016916651
0.016783755
0.01681051
0.016783146
0.016886588
0.01698722
0.017040217
0.01691476
0.017098028
0.017009959
0.016941624
0.016891316
0.016910955
0.016984003
0.017082911
0.016981358
0.017020252
0.016914038
0.017033366
0.016989935
0.016952688
0.016977955
0.017044667
0.016835375
0.017006379
0.016966783
0.016853647
0.016867416
0.016943855
0.016934687
0.016887728
0.016866436
0.016839175
0.016801592
0.01680143
0.016823715
0.016758025
0.016701626
0.016737282
0.016833644
0.016778195
0.016718078
0.01671764
0.016719216
0.016733428
0.016779296
0.016703427
0.016774325
0.016671447
0.016744398
0.016726505
0.016758611
0.016882591
0.016846439
0.016790364
0.01673874
0.016789412
0.016858326
0.016886381
0.01688046
0.016857164
0.01692314
0.016905257
0.016931947
0.016944636
0.01688225
0.016920708
0.016806949
0.016840693
0.016984245
0.016803514
0.016907763
0.016766608
0.016736865
0.016656023
0.016645208
0.016716812
0.01675828
0.01681711
0.01680453
0.016720891
0.0168906
0.016886797
0.016857091
0.016850945
0.016607272
0.016781427
0.016880428
0.016777454
0.016857378
0.016723484
0.016962137
0.016781922
0.016814278
0.016836975
0.016820546
0.016702035
0.016932087
0.016729185
0.016648946
0.016782379
0.016731668
0.016811276
0.01680663
0.016661374
0.016777588
0.016697092
0.016776357
0.016794726
0.016749326
0.016665256
0.016826756
0.016816646
0.016753886
0.016839024
0.016805906
0.016857037
0.01673304
0.016648337
0.016750531
0.01692025
0.016658671
0.016602809
0.016780328
0.016791603
0.016706347
0.016639939
0.016704787
0.016808758
0.016744101
0.016616026
0.016588274
0.016777968
0.016763855
0.016919097
0.016949773
0.016865259
0.016917735
0.016837705
0.016745284
0.016847627
0.016905595
0.016918665
0.016972244
0.016878448
0.016979508
0.016866859
0.017031468
0.017064366
0.016952317
0.01705811
0.01691265
0.016826676
0.016907742
0.016823692
0.01676513
0.016862286
0.016822744
0.016721778
0.016752018
0.016685102
0.016716676
0.016731
0.016740879
0.016624317
0.016626064
0.016584959
0.016605236
0.016560404
0.016807534
0.016647408
0.01678066
0.016714474
0.016652714
0.016812218
0.01662081
0.016726969
0.016803516
0.016774032
0.016672704
0.016627908
0.016616816
0.016587919
0.016692035
0.016632572
0.016759163
0.016891949
0.016889002
0.016801339
0.016658437
0.016687449
0.016639436
0.016724914
0.01678997
0.01682143
0.016784934
0.016791202
0.016763445
0.01669738
0.016683094
0.0165201
0.0167002
0.016621092
0.01654768
0.016598381
0.016572915
0.016634902
0.016545447
0.016656635
0.01662357
0.01672793
0.016677449
0.016602198
0.01658573
0.01659492
0.016517943
0.016430406
0.01647875
0.016483536
0.01643986
0.0164948
0.01651866
0.016477397
0.016428389
0.016448876
0.016433777
0.016512632
0.01649612
0.016486207
0.016439134
0.01652278
0.016420862
0.016450034
0.016585907
0.016456375
0.016529677
0.016540784
0.016632259
0.016511198
0.016557224
0.01654916
0.016597718
0.016563341
0.016618606
0.016491432
0.016585466
0.01646471
0.0165794
0.016496193
0.016503539
0.016457217
0.016454687
0.01655764
0.016568152
0.016533002
0.016551709
0.016538769
0.0164113
0.016566701
0.01649175
0.016629629
0.016609307
0.016422337
0.016417801
0.016519947
0.016591506
0.016578723
0.016658956
0.01654993
0.016523138
0.016587645
0.016649403
0.01674047
0.01670981
0.016692365
0.01650887
0.0165783
0.016483303
0.016513094
0.016413389
0.016441336
0.01659417
0.016476596
0.01646992
0.01648235
0.016561575
0.016484972
0.016589396
0.01648546
0.016519815
0.016421884
0.016551673
0.01651463
0.016496379
0.01647043
0.016432151
0.016498698
0.016546825
0.016488543
0.016470985
0.016332611
0.016496789
0.01649528
0.016408052
0.016298588
0.01637414
0.016428377
0.016457329
0.016517973
0.016516842
0.01637799
0.016496172
0.016489279
0.016508583
0.01644442
0.016474754
0.016456809
0.016403625
0.016409421
0.016407732
0.016484132
0.016352551
0.016347133
0.016478322
0.016496697
0.016465086
0.01646616
0.016513212
0.01648409
0.016424283
0.016402239
0.01646794
0.01646999
0.016469978
0.016381614
0.016294492
0.016477989
0.016358335
0.016466452
0.016494958
0.01659351
0.016557664
0.016466714
0.016350165
0.01651307
0.016420456
0.016552962
0.016485972
0.016598029
0.01659971
0.016486771
0.016617812
0.016497875
0.01644155
0.01655946
0.016452737
0.016309917
0.016435338
0.016320761
0.016394261
0.016401976
0.016383827
0.016458552
0.016475964
0.016332945
0.01633918
0.016332634
0.016369425
0.016409146
0.01640191
0.016377209
0.016379157
0.016357815
0.016367242
0.016379882
0.016448935
0.016387234
0.016413357
0.016449733
0.016351927
0.016329322
0.016329754
0.01630067
0.016273256
0.016246647
0.016240148
0.016314741
0.016326955
0.01631519
0.016358385
0.016251594
0.016454488
0.016362004
0.016396193
0.0163816
0.016406067
0.016380325
0.016381761
0.016440537
0.016440848
0.016403591
0.016476635
0.016420264
0.016279943
0.016371613
0.016438697
0.016462136
0.016522596
0.016483376
0.016516794
0.016417516
0.016479531
0.01645486
0.01642786
0.016456174
0.016298363
0.016496284
0.016471483
0.016421882
0.016359424
0.016310621
0.016365012
0.01637808
0.01628442
0.016484953
0.01645305
0.016331661
0.0163463
0.016291074
0.016407339
0.016313765
0.01632809
0.016309988
0.016386025
0.01646428
0.016352147
0.016490385
0.016328663
0.016274719
0.016423658
0.016424049
0.016318597
0.016433543
0.016371848
0.016367735
0.01641562
0.016460193
0.016389031
0.016523369
0.016395897
0.016340816
0.016449833
0.016384337
0.01634768
0.01636844
0.016451359
0.01635444
0.016294284
0.016363319
0.016326211
0.016300585
0.016378429
0.016393973
0.016395397
0.016344294
0.016366228
0.016412102
0.016439928
0.016474305
0.016431144
0.016563624
0.016364854
0.016421774
0.016377503
0.016434416
0.016348848
0.0163817
0.016470606
0.016313484
0.016381407
0.016353894
0.016347516
0.016507234
0.016311763
0.016433379
0.016304562
0.016353717
0.016346592
0.016435785
0.01640361
0.016395312
0.016446956
0.016418546
0.016366519
0.01637332
0.016368018
0.016366456
0.016380174
0.016279152
0.016297054
0.016289068
0.016426649
0.01632925
0.01627621
0.01638091
0.016406273
0.01644876
0.016355895
0.016393041
0.016415678
0.016513936
0.016342787
0.016283123
0.016307378
0.016333021
0.016365835
0.016329704
0.016315857
0.016282752
0.01637914
0.016417585
0.01629745
0.01638494
0.016246935
0.016279822
0.016425122
0.016336635
0.01628807
0.016320758
0.01631599
0.016296968
0.016392536
0.016387908
0.016329043
0.016383665
0.016378654
0.016361859
0.016426496
0.016422538
0.016414521
0.016369939
0.016384294
0.016267356
0.016381659
0.016339093
0.016384715
0.016337847
0.016336508
0.01637908
0.01632083
0.016289214
0.016325155
0.016358415
0.01636987
0.016324382
0.016305443
0.016310006
0.016398007
0.016308445
0.016312245
0.016335022
0.016363347
0.016254706
0.016316233
0.016479053
0.016446568
0.016361441
0.01639634
0.016377237
0.016316283
0.016394144
0.01630494
0.016372502
0.016361967
0.016292222
0.01638188
0.016370699
0.016403034
0.016475687
0.016367087
0.016256994
0.016393468
0.016397458
0.016404312
0.016420588
0.016399454
0.016332641
0.016313147
0.016315985
0.016267126
0.01628793
0.016398758
0.016320968
0.016522013
0.016395144
0.016306795
0.016370574
0.016309656
0.016268687
0.016270481
0.016327098
0.016350176
0.01627636
0.016296092
0.016249975
0.01624029
0.016302861
0.016255012
0.016289786
0.016297335
0.016338995
0.016382813
0.016313242
0.016316015
0.01635735
0.016342154
0.016254256
0.01636706
0.016407944
0.016506482
0.016305171
0.016256195
0.016275503
0.016270354
0.016345674
0.016331876
0.016283019
0.016382782
0.016353969
0.016314507
0.016312532
0.016198559
0.016262459
0.016303392
0.016358035
0.016262298
0.016354628
0.016321424
0.016356813
0.016334051
0.016303664
0.0164059
0.016411714
0.016346144
0.016344536
0.01629216
0.016315829
0.016298763
0.016217567
0.016276097
0.016305009
0.016323254
0.0162652
0.016363729
0.01633841
0.016231306
0.016207332
0.016162638
0.016270919
0.01624566
0.01633799
0.016287573
0.016375383
0.01621873
0.01626504
0.016182045
0.016196748
0.016377132
0.01628707
0.016236303
0.016309643
0.016389443
0.016247563
0.016454076
0.016285477
0.016256133
0.016216487
0.016253602
0.016159937
0.016187191
0.016146895
0.016259043
0.016332055
0.016413016
0.016150417
0.016271168
0.01635288
0.01630463
0.016158435
0.016288606
0.016360292
0.01632434
0.01623539
0.016295293
0.016321097
0.01622384
0.016259138
0.016303435
0.016308058
0.016145753
0.01615057
0.016186351
0.016223792
0.016227081
0.016190486
0.016195837
0.016254824
0.016268078
0.016082391
0.016059624
0.016257042
0.016203893
0.0161668
0.016162831
0.016244924
0.016118001
0.016280754
0.016206132
0.016247487
0.01626555
0.016138041
0.016191153
0.016234009
0.016214332
0.016291104
0.016288212
0.016251182
0.016245207
0.016311044
0.016253538
0.016123278
0.016229672
0.01635592
0.01625358
0.016190192
0.01618052
0.0163516
0.016362382
0.016331363
0.016243204
0.016208353
0.016348999
0.016302506
0.016208109
0.016247375
0.01632316
0.016246311
0.01629585
0.016271142
0.0162917
0.016341416
0.016286526
0.016377876
0.016277393
0.016339827
0.016259573
0.016344137
0.016385356
0.01628903
0.016250422
0.016280726
0.016267264
0.016214529
0.016180806
0.016221244
0.016214667
0.016182883
0.016134767
0.016181406
0.016258603
0.016257793
0.016253604
0.016230458
0.016327852
0.016236678
0.016181558
0.016172864
0.016204966
0.016174441
0.016166963
0.016165484
0.01622372
0.016194317
0.016271222
0.016301354
0.016258907
0.016308146
0.016198767
0.016327111
0.016276034
0.016206268
0.01630089
0.016358955
0.016324755
0.016297387
0.016132824
0.016199518
0.016281962
0.016256072
0.016300881
0.016225524
0.016309487
0.016224198
0.016295638
0.01621915
0.016230792
0.01618443
0.016236061
0.01626914
0.016217059
0.016149795
0.016174182
0.016141845
0.016177043
0.016226143
0.016281234
0.016238293
0.016157508
0.016176803
0.01618566
0.016197875
0.016122036
0.0161629
0.016156968
0.016222535
0.016130878
0.016238632
0.016155005
0.016231941
0.016157612
0.016162768
0.016189288
0.016273249
0.016120648
0.01616765
0.016160257
0.01608294
0.016154228
0.016225498
0.016379148
0.016160289
0.016336754
0.016223557
0.016358092
0.016263554
0.016258392
0.016129935
0.016045516
0.016175404
0.01613689
0.016120112
0.016325817
0.016083488
0.01622722
0.016312074
0.016194168
0.01622792
0.016153673
0.01616442
0.01622131
0.016114896
0.016165797
0.016185982
0.01624708
0.016172685
0.016112924
0.01625037
0.016117495
0.016257228
0.01627493
0.016136525
0.016237047
0.01617505
0.016187336
0.016142413
0.01605562
0.016106678
0.016198361
0.0161057
0.016144676
0.016143564
0.016194899
0.016141396
0.01610677
0.016124556
0.016159948
0.016152069
0.016162982
0.016210703
0.016091006
0.016144581
0.016131336
0.016203977
0.016067326
0.01616752
0.016077023
0.016112827
0.016073963
0.016069759
0.016091686
0.016198747
0.016104992
0.016109195
0.016165158
0.01623353
0.016138112
0.016094964
0.016201247
0.01621752
0.016126908
0.01614649
0.016149953
0.016093045
0.016040128
0.016064031
0.016092774
0.016134316
0.016111586
0.016146485
0.01614978
0.016069924
0.016132936
0.016267572
0.016135253
0.016109018
0.016222794
0.016069816
0.01612353
0.016037425
0.016159503
0.01610055
0.016262429
0.015953563
0.01604449
0.016140036
0.01611649
0.016147597
0.016156113
0.01618507
0.016162025
0.016104728
0.016052432
0.016053855
0.016123675
0.016191196
0.016144032
0.01605404
0.016146658
0.01602882
0.01603762
0.016150674
0.016068606
0.016127545
0.016065694
0.016110547
0.016043685
0.016201789
0.016124591
0.016074114
0.016102387
0.01600503
0.016069865
0.0160733
0.016034441
0.01609411
0.016055677
0.015988719
0.016069675
0.016013946
0.01607195
0.016146643
0.016106375
0.01609637
0.016081162
0.016127212
0.016135482
0.016097069
0.016105697
0.016119195
0.016106395
0.016163476
0.016201185
0.016165717
0.01618724
0.016113987
0.016170654
0.016183136
0.016097508
0.016025435
0.016093459
0.016097894
0.01612674
0.016025243
0.016077721
0.015988342
0.01608982
0.016072858
0.016144708
0.01598952
0.016035344
0.016077828
0.016067803
0.016182428
0.016099509
0.016100835
0.016093144
0.01604852
0.016031524
0.016067563
0.016191926
0.016098
0.01615165
0.016117787
0.01628752
0.016222043
0.016194513
0.016217673
0.016120369
0.01614267
0.016173815
0.016203811
0.0162851
0.016253876
0.016275661
0.01621582
0.01615521
0.016155373
0.016273694
0.016198905
0.016257834
0.016116552
0.016243383
0.016132388
0.016051345
0.016192386
0.016178695
0.016142437
0.016119136
0.01612176
0.016158778
0.016165286
0.016063586
0.016143162
0.01606588
0.016114969
0.016202407
0.016117077
0.016032524
0.016103573
0.016163563
0.016037723
0.016126964
0.016042553
0.01602291
0.016093217
0.016082702
0.01595057
0.016143445
0.016181145
0.016021365
0.016138071
0.0161357
0.015994437
0.016144207
0.016177768
0.016140798
0.016097032
0.016191792
0.016117796
0.01611264
0.016086735
0.016125739
0.016232245
0.016081799
0.016147485
0.016054459
0.016120074
0.016135428
0.016170118
0.016067212
0.016043395
0.0161103
0.016131477
0.016044913
0.016101673
0.016192276
0.01602519
0.01597327
0.016189482
0.016103437
0.016138643
0.016189266
0.016204622
0.016161833
0.016140092
0.01608019
0.01600323
0.01597536
0.016021186
0.016137127
0.016199952
0.01609811
0.015981596
0.016031802
0.016108576
0.01609273
0.01606953
0.01603822
0.016090332
0.016140759
0.01611352
0.01611384
0.016094461
0.01595838
0.01612712
0.01613466
0.016127802
0.016004529
0.016092554
0.01611571
0.016086869
0.016148046
0.016079439
0.016139863
0.016087262
0.016058967
0.0160857
0.016048208
0.01597812
0.016061049
0.016033003
0.015954593
0.016186824
0.016042281
0.01616036
0.016100632
0.016192697
0.016222518
0.016280258
0.016212074
0.01620113
0.016210342
0.016218133
0.016210744
0.016156599
0.016104441
0.016171426
0.01603354
0.01607544
0.016120126
0.015992427
0.016128516
0.016096795
0.016216611
0.016097696
0.016061146
0.016106144
0.016118702
0.016073251
0.01603042
0.01607241
0.016122306
0.016014049
0.01608612
0.016121294
0.015966352
0.016015552
0.016120322
0.01617793
0.016149966
0.01614253
0.016022095
0.016114267
0.016012616
0.015976243
0.016122187
0.016053582
0.01611859
0.01609993
0.016049808
0.016035803
0.016039692
0.01604653
0.016068783
0.016150458
0.016152514
0.016165808
0.016025132
0.0160718
0.016113678
0.016065313
0.01597717
0.016100451
0.016126761
0.016106334
0.016097689
0.016072262
0.016129335
0.01605451
0.016088763
0.016017888
0.016027216
0.016238078
0.016218234
0.016087826
0.016166871
0.016157309
0.016154816
0.01601203
0.016144054
0.01612733
0.016118566
0.016165325
0.016178733
0.016023332
0.016023075
0.016084203
0.01614317
0.01606368
0.016051453
0.016103772
0.015939547
0.015985418
0.016151616
0.016095515
0.016034832
0.016069662
0.016098458
0.016096054
0.01604977
0.016029872
0.015973678
0.016091913
0.015983501
0.01605999
0.015922813
0.016074961
0.016052727
0.016128186
0.016073223
0.01599186
0.016023524
0.016020969
0.015934292
0.015982397
0.016018372
0.016162185
0.01600997
0.015995152
0.016135028
0.016016815
0.015949838
0.016089132
0.016042342
0.016026406
0.015946547
0.016035302
0.016013052
0.016022246
0.015976712
0.015996128
0.016040778
0.01601409
0.016111193
0.016131062
0.016058056
0.01604625
0.01598238
0.016004795
0.015968746
0.01593533
0.016045958
0.016050082
0.016024187
0.016000565
0.015929712
0.016110698
0.015945805
0.015871314
0.015941007
0.015957138
0.01602508
0.015993003
0.016105145
0.016075306
0.016021177
0.016000176
0.015982179
0.01602562
0.01593756
0.015880127
0.015931997
0.015989617
0.015947547
0.01610515
0.01602043
0.015936878
0.015942324
0.015961368
0.01601803
0.015929917
0.015992336
0.015978625
0.015961925
0.016087782
0.01597919
0.015908178
0.015954025
0.016084231
0.01594421
0.015947621
0.01607835
0.015945418
0.015968386
0.015956856
0.015970852
0.015990522
0.015954792
0.016060904
0.015962563
0.01590473
0.016034793
0.015890094
0.015904775
0.015932355
0.015946979
0.015919216
0.015907606
0.015847372
0.015959706
0.016020501
0.015860496
0.01589789
0.016057026
0.015877808
0.015899293
0.015782643
0.015906984
0.016039083
0.016026108
0.015836526
0.016037088
0.01588611
0.015933862
0.015919592
0.016004765
0.015891021
0.015908368
0.015997
0.01588856
0.01595037
0.015997792
0.016032584
0.015949408
0.015980674
0.016071692
0.016101787
0.01595579
0.01596931
0.015950667
0.015979478
0.016019601
0.015925609
0.015993997
0.015980272
0.015933195
0.015841125
0.015966333
0.015854124
0.015926177
0.015959714
0.01598021
0.015940035
0.015973845
0.015928334
0.015996989
0.015903661
0.015975196
0.015844144
0.015909867
0.015994709
0.015918715
0.01592673
0.015843745
0.015893564
0.015906183
0.016027858
0.015968733
0.016016472
0.016005257
0.015974328
0.016048515
0.01603141
0.01597917
0.016067019
0.016030388
0.015993796
0.015879545
0.015940687
0.015956985
0.015994325
0.015959628
0.016041594
0.015907677
0.015993144
0.015992347
0.016007384
0.015986437
0.015996164
0.016099446
0.016033208
0.015980724
0.016009128
0.016058845
0.016109314
0.015958846
0.016050812
0.016024001
0.015910113
0.015944416
0.016069982
0.016089305
0.01610888
0.016187537
0.016163127
0.016177492
0.0160563
0.01611025
0.016021632
0.01617051
0.016050491
0.015972132
0.0160523
0.015940828
0.015933087
0.016038666
0.016058262
0.016063161
0.016164638
0.016169496
0.016134571
0.01606074
0.016154928
0.016075624
0.016062073
0.016045857
0.01599213
0.016079195
0.016119018
0.01610664
0.016147405
0.016102472
0.016055694
0.016044281
0.016046256
0.01603006
0.01599961
0.01611349
0.016025715
0.016083293
0.016091252
0.016019689
0.016068354
0.01606084
0.016034544
0.01610641
0.016104732
0.01607999
0.015986972
0.01594492
0.015979853
0.01594852
0.016043277
0.01608141
0.015975378
0.015969515
0.01597601
0.01594995
0.015912006
0.016065743
0.016065812
0.015972206
0.016060231
0.015937317
0.015950287
0.016024737
0.015955439
0.016026834
0.01602664
0.015962549
0.015938528
0.015977068
0.015990505
0.015891993
0.015938481
0.01588797
0.015931701
0.015889425
0.015856754
0.015887203
0.01593112
0.015921231
0.015903205
0.015979853
0.015816832
0.015864426
0.015866881
0.015768938
0.01601481
0.01597586
0.015890896
0.015952624
0.015918536
0.01601924
0.01588346
0.01584479
0.015943773
0.01593529
0.015901992
0.015978582
0.015952464
0.015916074
0.01590257
0.015882414
0.015946552
0.015929375
0.015868155
0.015951958
0.016020546
0.016067278
0.016085949
0.016001044
0.015955662
0.015962249
0.016016718
0.015889546
0.015947636
0.015878027
0.016038056
0.015949517
0.015848953
0.016018592
0.015919616
0.015974488
0.01593002
0.015815957
0.015912086
0.015901254
0.015913293
0.015939528
0.016021436
0.015936073
0.015966453
0.015976192
0.016062576
0.016055122
0.016027313
0.015935762
0.016008139
0.016106492
0.015942106
0.015933644
0.015891027
0.015906222
0.015928145
0.01593345
0.016000979
0.01585405
0.016017491
0.015983572
0.016026808
0.015940858
0.016018538
0.016014138
0.015957443
0.01611322
0.016029073
0.016024908
0.015925188
0.01594821
0.015983408
0.0159078
0.015949138
0.01595388
0.01598095
0.015916506
0.016026495
0.015964203
0.015928715
0.015999075
0.015918454
0.015976204
0.015959349
0.01592366
0.015928915
0.015964346
0.015965944
0.015970929
0.01589169
0.015949598
0.015975975
0.015949106
0.015859192
0.015886743
0.015951134
0.015955329
0.01603784
0.01597708
0.015881993
0.015807875
0.015912864
0.015950486
0.015937934
0.015866112
0.015912767
0.015831836
0.015987245
0.015878823
0.015849441
0.015915642
0.015963946
0.015891174
0.016023152
0.01596662
0.015953654
0.015870132
0.015915252
0.015849281
0.016057767
0.015887871
0.015799968
0.016040236
0.016063638
0.01604461
0.016009076
0.015968073
0.016001761
0.01587001
0.016028447
0.016047493
0.015801305
0.01591332
0.015936445
0.015872208
0.015952786
0.015828572
0.016025174
0.0159776
0.016040709
0.016006863
0.015964134
0.015952861
0.01586385
0.016019827
0.015808694
0.015987147
0.015958892
0.015948828
0.016077977
0.015865425
0.015927255
0.015832787
0.015895508
0.015956532
0.016004791
0.015889248
0.015758809
0.015686665
0.015888965
0.015952563
0.015902668
0.015906408
0.015913054
0.01593323
0.015919564
0.015931014
0.015944349
0.01583473
0.015956242
0.015764413
0.015915556
0.015822522
0.01584037
0.015828658
0.015865946
0.015820716
0.015859613
0.015886541
0.015926335
0.01588832
0.015964974
0.01595732
0.015791317
0.015841382
0.01590262
0.015904587
0.015785746
0.015848912
0.015942026
0.015800362
0.015977139
0.015894825
0.015958264
0.015836528
0.015846899
0.01584619
0.015839769
0.015870092
0.01583689
0.015882056
0.015795646
0.016018916
0.015849203
0.015881104
0.01598407
0.015844747
0.01587456
0.015911896
0.01595879
0.015810752
0.015871642
0.015935885
0.015967948
0.015798599
0.01594368
0.015889246
0.015932038
0.01580816
0.01585462
0.01590956
0.015899647
0.015968287
0.01591107
0.015933765
0.01585878
0.015762726
0.015835624
0.015836231
0.01579979
0.015879834
0.01592399
0.015855057
0.015856734
0.015932804
0.015942436
0.01585113
0.015946176
0.015875269
0.015834922
0.015977878
0.015914032
0.015891543
0.016018441
0.015957715
0.015973194
0.015897317
0.015899349
0.015958898
0.015853133
0.015926091
0.0158367
0.015976314
0.01589179
0.015831005
0.015897868
0.01594775
0.015886582
0.015899036
0.015929896
0.016012603
0.015907481
0.015943158
0.015823195
0.015854254
0.01596751
0.015897594
0.015822757
0.015801359
0.01595164
0.015963664
0.015868012
0.015879042
0.015976015
0.015880158
0.015858993
0.015963905
0.015887156
0.016001051
0.015799189
0.01580877
0.015756812
0.015798222
0.01575498
0.015794223
0.015806017
0.015793016
0.01592258
0.015830277
0.015932895
0.015849266
0.015946025
0.015849821
0.01604174
0.015928136
0.015900763
0.015893798
0.01589049
0.015828628
0.015794622
0.015896134
0.015856175
0.015873205
0.015904266
0.015773267
0.015865404
0.015882049
0.015934898
0.015824018
0.015863175
0.015781157
0.015926506
0.015939409
0.015837992
0.015885158
0.015857246
0.01584718
0.015775822
0.0158137
0.015824633
0.015852448
0.01591084
0.01580789
0.015793305
0.015903402
0.01574926
0.015907362
0.015828693
0.015800774
0.015832886
0.015881572
0.015809393
0.015800266
0.015786856
0.01582338
0.015877126
0.015828844
0.015781034
0.01579582
0.015835844
0.015851608
0.015876008
0.015913578
0.015917249
0.01583227
0.015866732
0.015755765
0.015864264
0.015970532
0.015865047
0.015947208
0.015926603
0.0159349
0.015846508
0.015814869
0.0159062
0.015850227
0.015995223
0.015939422
0.015944388
0.015847513
0.015879627
0.015987333
0.015944455
0.015967911
0.015882412
0.015848266
0.015905702
0.015823223
0.015853602
0.01586363
0.015845394
0.0157971
0.015782036
0.015822176
0.015895456
0.015883872
0.015837578
0.015863065
0.015819836
0.015837714
0.015872516
0.015848545
0.015849981
0.01581399
0.015889598
0.015865808
0.015903039
0.015852435
0.015717227
0.015755039
0.01579537
0.015815673
0.015906543
0.015838943
0.015819153
0.015858946
0.015922124
0.015821908
0.015896106
0.015922338
0.015853163
0.015766427
0.01575299
0.015863566
0.015834536
0.015878182
0.015863648
0.015857032
0.0158707
0.015901258
0.015814684
0.015813896
0.015908925
0.015836675
0.015793554
0.015858121
0.015888054
0.015835064
0.015797932
0.015768861
0.015880903
0.015860144
0.015897706
0.01583208
0.015914444
0.015776413
0.015871704
0.01580338
0.015867539
0.015931051
0.015798442
0.01588159
0.015897442
0.015847392
0.015874177
0.015754908
0.015820287
0.015802264
0.01592932
0.015828537
0.015686736
0.015814258
0.015807617
0.015803818
0.015727045
0.015839567
0.015827244
0.015722863
0.015797304
0.015792575
0.015900383
0.015803197
0.015799878
0.015747642
0.015782455
0.015800461
0.015734397
0.015758803
0.015796755
0.015801072
0.015876394
0.015783248
0.015888019
0.01582336
0.015862007
0.015824748
0.015840735
0.01599523
0.015875177
0.015938442
0.015892861
0.015912602
0.015867308
0.015830494
0.015914902
0.01594898
0.015948383
0.015934696
0.01586123
0.015923208
0.01595057
0.015930224
0.015842473
0.01592092
0.015879631
0.015931576
0.015807876
0.01589485
0.015833834
0.015872912
0.01599571
0.01579075
0.01583133
0.015829504
0.015888674
0.015947064
0.01590179
0.015898533
0.015994478
0.015894987
0.015879704
0.015952822
0.015943991
0.015897922
0.015733713
0.015788859
0.01578501
0.015825022
0.01581916
0.015907533
0.015910365
0.015737142
0.015886486
0.01578238
0.015806342
0.015814565
0.015848743
0.015641866
0.015725639
0.01581991
0.01581485
0.015759379
0.01574388
0.01575409
0.015858915
0.015842538
0.01582827
0.015903177
0.015787967
0.015799452
0.015840463
0.015868025
0.01597772
0.015915582
0.015815254
0.015886182
0.015919218
0.015738565
0.015755132
0.015792547
0.015758121
0.01585238
0.015809853
0.015638227
0.01570649
0.015709398
0.015812898
0.015741825
0.015852686
0.015798056
0.015834982
0.015788361
0.015812246
0.01579574
0.01589184
0.01581649
0.015825417
0.015804987
0.015724055
0.015840352
0.01582524
0.015786968
0.015787717
0.01573585
0.01582629
0.015839897
0.01577613
0.015773287
0.015816405
0.015895678
0.015830997
0.015840158
0.015888982
0.015838785
0.015864186
0.015951904
0.015818503
0.016025575
0.015942408
0.015960911
0.01577992
0.015886433
0.015912939
0.016081346
0.015877077
0.015851425
0.015807036
0.015825804
0.015920624
0.01594574
0.015907027
0.015936792
0.015806055
0.015944073
0.015886137
0.015907591
0.015819602
0.015839122
0.015840858
0.015755361
0.015872272
0.015866233
0.015798092
0.015839396
0.0158428
0.015732985
0.015764555
0.015813326
0.015839051
0.015774032
0.015790952
0.015802078
0.015903395
0.015926287
0.015857825
0.015826432
0.015808592
0.015720682
0.015786832
0.01574842
0.015750749
0.015923325
0.01582416
0.015800092
0.015871355
0.015707044
0.015878135
0.015857503
0.015881006
0.015914803
0.015867267
0.015876556
0.015916014
0.015830478
0.015816113
0.015816541
0.015936222
0.015775437
0.016023545
0.01580359
0.015866777
0.015906623
0.015787844
0.015806973
0.015865462
0.015904732
0.0157976
0.015837304
0.015782135
0.01593732
0.015813477
0.015849147
0.015739048
0.015706277
0.01579503
0.015711393
0.015755428
0.015812583
0.01582646
0.015882218
0.015906932
0.015888229
0.015853245
0.015887571
0.01577218
0.015743472
0.015836688
0.015792534
0.015844492
0.01575093
0.015806075
0.015834387
0.015756097
0.015750771
0.01585568
0.01569016
0.015751611
0.015773503
0.015749114
0.015873615
0.015760336
0.015716407
0.015735257
0.015876394
0.015826203
0.01580798
0.01570834
0.015811674
0.01575108
0.015607842
0.015811652
0.015732387
0.015774354
0.015785187
0.015784744
0.015753584
0.015693305
0.01584744
0.015734386
0.01576732
0.015828837
0.015760656
0.015759466
0.01587708
0.015783725
0.01589994
0.015788486
0.015783379
0.01585217
0.015643813
0.015730746
0.015749965
0.01586315
0.015815118
0.015885577
0.015847208
0.015692988
0.015826866
0.015828935
0.015886063
0.015942145
0.01585008
0.015790151
0.015819792
0.015811961
0.015815865
0.015788421
0.015833266
0.01581581
0.015793294
0.015782332
0.01585718
0.015840052
0.015723234
0.015821215
0.015864858
0.01576386
0.01578885
0.015750282
0.015709965
0.01573239
0.015781637
0.01577373
0.015833631
0.015772307
0.01579524
0.015830455
0.0157589
0.015747974
0.015784996
0.015791096
0.015670009
0.015732942
0.015664522
0.015773939
0.015740203
0.015786896
0.015782919
0.015779797
0.015689481
0.015747806
0.015711932
0.015660312
0.015689475
0.015713034
0.015835121
0.015832612
0.0157894
0.015800066
0.01571205
0.015852299
0.015807737
0.015830355
0.015877098
0.015886353
0.0158595
0.015779356
0.015869496
0.015814168
0.015791789
0.015783127
0.015721971
0.015732106
0.015770778
0.015792737
0.015719485
0.015908616
0.015744139
0.015786603
0.015745621
0.015833506
0.015696477
0.01574016
0.01594295
0.015755989
0.015658509
0.015779672
0.01573195
0.015896311
0.015695808
0.015751151
0.015828129
0.01589316
0.015864661
0.01574665
0.01581011
0.015778627
0.015920484
0.015832424
0.015983783
0.015832849
0.015904078
0.01582843
0.015821906
0.0157978
0.015872456
0.01581662
0.015801609
0.015761694
0.015769877
0.015751163
0.01569329
0.015813552
0.015812133
0.01570249
0.015861098
0.01578829
0.015705457
0.015779017
0.01572344
0.015767494
0.01569559
0.015735324
0.015744988
0.015739722
0.015791092
0.015885442
0.01591896
0.015717091
0.015717162
0.015749676
0.015663324
0.015659288
0.015727388
0.015710019
0.015755245
0.015735744
0.01579345
0.015779242
0.015841996
0.015715068
0.015709229
0.015793372
0.015711654
0.015690638
0.015710004
0.015739746
0.01571438
0.015841922
0.01577186
0.015687834
0.015912943
0.015807558
0.015822884
0.01578231
0.015708847
0.015698737
0.015935933
0.015802009
0.01581658
0.015791036
0.015719855
0.015599355
0.015620427
0.015678812
0.015757697
0.015724367
0.015796069
0.015720094
0.015724353
0.015719077
0.01563732
0.015717007
0.015663682
0.0156098
0.015665257
0.015679957
0.015762305
0.015723752
0.015748786
0.015707597
0.015671313
0.015780428
0.015703693
0.01571683
0.015687546
0.015691994
0.015753025
0.015676804
0.015757421
0.015750535
0.015753642
0.015621665
0.015631448
0.015754405
0.01564417
0.015607404
0.015673272
0.015717188
0.015676247
0.015701381
0.015760621
0.015532729
0.015603026
0.015650792
0.01568215
0.015749723
0.015740465
0.015590452
0.015655773
0.015675401
0.015685426
0.015647441
0.015668264
0.015614009
0.015686622
0.015679145
