===================== Time: [Thu Aug 11 16:30:55 2022] ========================0.040707834
0.040192522
0.042119592
0.038438067
0.04125402
0.041920576
0.04150787
0.042174317
0.040378455
0.040160052
0.040373527
0.04009841
0.039946266
0.040841587
0.03966764
0.03945734
0.039669435
0.039844614
0.039551467
0.0389958
0.03999777
0.03966605
0.040997967
0.040642217
0.041828252
0.04192742
0.041404385
0.041402187
0.041308116
0.04189227
0.04209315
0.04141001
0.041518025
0.04183038
0.041390248
0.041716002
0.040817548
0.040318828
0.040867046
0.039437205
0.039796658
0.03910094
0.04029564
0.040775873
0.04001924
0.040030193
0.04084833
0.040232893
0.040723696
0.041398756
0.041039128
0.040874332
0.040537823
0.040481295
0.040368613
0.04007404
0.04009471
0.03990385
0.039648183
0.039713006
0.03950937
0.03927683
0.039358296
0.03928986
0.039090294
0.039452914
0.039829105
0.03972443
0.039004605
0.038904987
0.039173607
0.03895274
0.0390379
0.038849022
0.03881631
0.03852219
0.038578376
0.038419016
0.038341254
0.038479783
0.039073665
0.03903254
0.038509566
0.0385314
0.038782764
0.039361514
0.03891103
0.039124895
0.038275976
0.038717292
0.038397077
0.038600143
0.038948618
0.03892115
0.040550686
0.040503297
0.039919894
0.04020698
0.04109306
0.041099235
0.041289568
0.04044838
0.040577177
0.040951595
0.040396936
0.041073423
0.040938403
0.040384892
0.041119397
0.040494002
0.040135127
0.03990068
0.04036557
0.03987155
0.03989463
0.03984317
0.03987303
0.03937275
0.03921097
0.03949537
0.039246466
0.0387003
0.03898762
0.038996764
0.03882921
0.0385214
0.039095268
0.03827391
0.038149912
0.038778093
0.038569715
0.038438015
0.038341865
0.038601097
0.038185045
0.03818177
0.038034055
0.038248446
0.038434077
0.03852261
0.03855108
0.03834072
0.03850909
0.03831072
0.037710425
0.038444776
0.0378057
0.03823785
0.037615977
0.03758891
0.037883192
0.037681345
0.037831582
0.037703652
0.038126394
0.03837607
0.0380286
0.037835773
0.037608
0.03749094
0.03772052
0.03764466
0.03784711
0.038094193
0.037703022
0.037931368
0.037420012
0.03761109
0.037400488
0.03748326
0.037738483
0.03782802
0.03769823
0.037339896
0.037447654
0.03759377
0.03742708
0.038045753
0.037307773
0.037562333
0.037392624
0.03765716
0.037327476
0.03744794
0.037428226
0.03711818
0.03732
0.037362102
0.037494503
0.037493806
0.037409794
0.03787692
0.03791747
0.037780505
0.037363786
0.037183575
0.037567094
0.03740337
0.03802873
0.03826274
0.038244735
0.03877153
0.03838908
0.038779948
0.038039632
0.03804647
0.03765081
0.037752796
0.03736148
0.03773655
0.03815033
0.03748556
0.03788129
0.037722893
0.037962493
0.037741095
0.037668247
0.03727671
0.037384164
0.037772793
0.037549693
0.037476186
0.037486397
0.037406553
0.037735928
0.037633102
0.03783781
0.03757731
0.037409388
0.03780254
0.037876654
0.038174924
0.038038738
0.037903246
0.037543394
0.03800673
0.037624415
0.037531275
0.037783902
0.037710596
0.037322566
0.03793271
0.037286803
0.037585422
0.037811123
0.036516238
0.037476797
0.037312802
0.037202135
0.037212994
0.03688579
0.037188414
0.036983356
0.037057552
0.037288524
0.03709357
0.037626628
0.037409734
0.03676138
0.036840107
0.037033185
0.037244122
0.036916398
0.037231486
0.036831852
0.036961477
0.03711234
0.03689516
0.037446793
0.036656775
0.03701571
0.03776867
0.03728951
0.037024684
0.037122868
0.037633333
0.036888327
0.037230436
0.037003383
0.037253007
0.037781287
0.036908742
0.03724286
0.037425205
0.037247278
0.03749904
0.037386473
0.03784176
0.038208615
0.037717376
0.037448198
0.037347805
0.037298076
0.037629295
0.03749055
0.037544124
0.037722018
0.037624188
0.03735314
0.037092775
0.037537143
0.037197314
0.03742024
0.037493914
0.037318543
0.03743225
0.036689498
0.03684581
0.03673086
0.037608482
0.037540123
0.036834147
0.036878325
0.037039097
0.037519988
0.037371542
0.038202528
0.037939712
0.03780891
0.038117837
0.037474327
0.0375078
0.037434284
0.03665064
0.03701418
0.037315525
0.037030615
0.03748158
0.037477504
0.037059624
0.03758557
0.037658885
0.037700742
0.037182
0.037161462
0.03652653
0.037135176
0.037344206
0.03775053
0.038373034
0.038871758
0.040249206
0.042486496
0.04000451
0.03838157
0.037950255
0.038757715
0.038567416
0.037267048
0.038747143
0.038710322
0.038917605
0.039146435
0.038068537
0.038083445
0.038522024
0.038512066
0.03871906
0.038774993
0.038607012
0.03861666
0.038642697
0.0386416
0.038343947
0.038970567
0.040215787
0.04034146
0.040226772
0.03955169
0.039672457
0.039154954
0.039673083
0.039204568
0.04020602
0.04128045
0.04196442
0.04376972
0.04372627
0.043307524
0.043634474
0.043915752
0.043200225
0.04224223
0.042442523
0.042954907
0.043123886
0.043788746
0.04257091
0.0419912
0.04082595
0.040495645
0.039518397
0.03975809
0.03932863
0.038831193
0.038541347
0.03807086
0.03821793
0.03908228
0.03868506
0.03922646
0.039247688
0.038620062
0.03909098
0.03905111
0.03859637
0.03878916
0.038259435
0.038275924
0.038530797
0.03814287
0.038049
0.037533786
0.037140388
0.038032904
0.03762511
0.038274813
0.0372766
0.03808806
0.03806257
0.037984207
0.03789839
0.037812844
0.038064554
0.037701648
0.03772674
0.03780166
0.03750512
0.03766899
0.037712976
0.037693422
0.037565727
0.03751142
0.037416752
0.037630897
0.03723199
0.03681834
0.037244044
0.037262507
0.03683623
0.037461083
0.037552528
0.037363183
0.038163856
0.037586324
0.037745412
0.037437458
0.037683193
0.03757901
0.038450167
0.037948024
0.037857633
0.03792168
0.037417226
0.037733596
0.03767054
0.03754021
0.03757582
0.037806615
0.03737339
0.037525363
0.03741824
0.037337966
0.037868146
0.037927143
0.037339363
0.037397627
0.037380666
0.037928734
0.03767892
0.037498437
0.03720567
0.03755433
0.037635036
0.03706764
0.037301
0.03685109
0.037765093
0.037170358
0.03695082
0.037198115
0.03701754
0.03701158
0.03658456
0.03715575
0.037096966
0.037093647
0.036700975
0.036611162
0.037030444
0.036955167
0.03669494
0.03749618
0.0368632
0.03736102
0.0371345
0.037403326
0.03697141
0.037555672
0.03695032
0.037270185
0.037324343
0.036970466
0.03667998
0.036770083
0.03679435
0.03677705
0.036476888
0.0373489
0.036432587
0.03681319
0.036930338
0.03655623
0.03703408
0.03701297
0.037406757
0.037118956
0.03819826
0.03785352
0.036800615
0.036750045
0.036710598
0.03715264
0.037368674
0.036882173
0.03691196
0.036817353
0.0372748
0.037056837
0.036486223
0.03703393
0.03710871
0.03672766
0.03682466
0.03705133
0.037018027
0.037257895
0.036996167
0.037146434
0.037428055
0.037589554
0.037496883
0.037352555
0.03803698
0.037855968
0.03820218
0.037637237
0.037836555
0.037410077
0.03731827
0.037406534
0.03700873
0.03692867
0.036973216
0.037184455
0.036399685
0.036479395
0.037201986
0.037223365
0.03677462
0.036890015
0.037003122
0.03714539
0.037177667
0.036963988
0.03753158
0.037387326
0.037618533
0.037554592
0.037146013
0.037184782
0.03703237
0.037204277
0.03697367
0.037203923
0.037643243
0.03823951
0.038267154
0.03848872
0.03891707
0.038406525
0.039237987
0.039137866
0.038810775
0.038822543
0.03894275
0.038717538
0.03894307
0.03875338
0.039336883
0.039007243
0.03856668
0.03829292
0.03812126
0.03809071
0.03742781
0.03716947
0.037130825
0.036979288
0.0367357
0.03719378
0.037439097
0.03691824
0.03651062
0.037513487
0.037391797
0.0375499
0.037638396
0.037647083
0.037717056
0.037481975
0.03796708
0.03763113
0.037502762
0.037459522
0.037693135
0.037590895
0.03754202
0.038380846
0.037704248
0.038189936
0.038928226
0.03933028
0.039813016
0.0398845
0.040917516
0.040456727
0.040744685
0.040320788
0.040837433
0.04105344
0.040663697
0.04049011
0.04135627
0.042394303
0.0433497
0.045637555
0.047657616
0.047989316
0.048139248
0.04910014
0.048451483
0.047614012
0.04589724
0.045570217
0.04411318
0.04307875
0.042773683
0.042931836
0.04250195
0.041938405
0.041859843
0.041599236
0.04133462
0.041258633
0.041138567
0.04109178
0.041354112
0.041343905
0.04123867
0.041156616
0.041074626
0.04110959
0.041347675
0.04123009
0.041235942
0.041071504
0.041192193
0.041005056
0.040765528
0.040850602
0.040461924
0.040703584
0.04076942
0.0406473
0.041117527
0.041180037
0.040985618
0.040803276
0.0405913
0.040393922
0.04062969
0.040751282
0.040632956
0.04062857
0.040410012
0.040125184
0.040137008
0.040184565
0.040278208
0.040188782
0.04015399
0.040344704
0.040309407
0.0404481
0.040444765
0.040375117
0.04050425
0.040304057
0.040461782
0.04077268
0.04039958
0.040272836
0.04020336
0.040142022
0.03971793
0.04003676
0.03977782
0.03987937
0.03996854
0.039739363
0.04009302
0.0398334
0.040033348
0.039948918
0.040237438
0.04004896
0.040054657
0.040010605
0.040052794
0.040188525
0.040068075
0.040130466
0.039828166
0.040076535
0.039801944
0.039428983
0.03970491
0.039790936
0.03981597
0.03968766
0.04058975
0.040176895
0.040519956
0.039733537
0.039942678
0.039797593
0.040077467
0.04006921
0.039878093
0.040060196
0.039734084
0.039612606
0.039981656
0.03995088
0.04009868
0.040070068
0.040621325
0.040206324
0.03995349
0.0402888
0.040457405
0.040346593
0.0402847
0.040306516
0.040644024
0.04069917
0.0401919
0.040161557
0.04018825
0.04044544
0.040083207
0.04071962
0.040959537
0.04095824
0.040848184
0.040677734
0.040562972
0.040343538
0.04014871
0.039662085
0.039568093
0.040047195
0.039869882
0.039827097
0.039996337
0.039464436
0.039885473
0.03981294
0.03974119
0.039722126
0.03949545
0.039340083
0.039452277
0.03975523
0.03970601
0.03965741
0.03951342
0.039843127
0.039628323
0.040049102
0.039460313
0.03976108
0.039976966
0.040071063
0.040147442
0.040077005
0.03986012
0.039954927
0.04016073
0.039601117
0.039931603
0.039741565
0.040942688
0.040727086
0.04163979
0.041647334
0.041688543
0.041288156
0.041777495
0.04127581
0.040996976
0.041281525
0.04130157
0.040801678
0.04080954
0.041093495
0.041259386
0.04107182
0.04110362
0.04099615
0.04097963
0.041086055
0.040861666
0.040345725
0.040679447
0.04073787
0.040426817
0.04046642
0.04054235
0.04044853
0.04002108
0.039751284
0.04002425
0.039663244
0.039790902
0.03945799
0.03946869
0.039191924
0.04032956
0.040665295
0.040764254
0.040628523
0.04077388
0.040598556
0.03952827
0.03941402
0.039421026
0.03897386
0.038862422
0.039221272
0.039261457
0.038989525
0.03886837
0.03914894
0.03941709
0.039068226
0.039578725
0.03954871
0.039509702
0.03965266
0.040350292
0.039885167
0.039963607
0.039276928
0.038972445
0.039673395
0.039030436
0.039070893
0.03905743
0.039281204
0.0388299
0.039025627
0.03920844
0.039369687
0.03950186
0.039142255
0.039427765
0.039245434
0.039681856
0.039229833
0.03887296
0.038856357
0.03905524
0.038859203
0.038985636
0.03902663
0.03870733
0.038552754
0.038925473
0.038782615
0.039286815
0.039093193
0.03899891
0.03897082
0.03903008
0.038956556
0.038726393
0.038480673
0.038556
0.039061923
0.039156936
0.040099703
0.039482597
0.038826834
0.038516436
0.03828962
0.038392562
0.038170464
0.03811455
0.038027726
0.037958886
0.038195964
0.03838834
0.038674064
0.03880859
0.03883826
0.038889293
0.039289452
0.03885651
0.038718943
0.03850231
0.038614117
0.03891543
0.038907442
0.038987245
0.038748134
0.03870632
0.039063044
0.03846515
0.038450927
0.038525797
0.03851178
0.038083985
0.03804226
0.038615745
0.038244687
0.038209822
0.038113706
0.038301416
0.03847139
0.038404807
0.03822152
0.03844376
0.038560633
0.038766745
0.038566638
0.038425677
0.038404673
0.03805183
0.038061135
0.038173947
0.03767641
0.038081102
0.037920345
0.038361706
0.03827739
0.03841511
0.038303345
0.038710333
0.03818129
0.03840309
0.038688146
0.038154714
0.038634174
0.038227513
0.038697768
0.03833009
0.0386232
0.038562227
0.038606886
0.03831963
0.038562674
0.03902681
0.03919968
0.039136954
0.038892932
0.03891893
0.03847423
0.03859592
0.038632516
0.038410507
0.038887717
0.038447846
0.038776163
0.039002072
0.039036836
0.039519843
0.03925944
0.039473217
0.039297726
0.03949023
0.04031649
0.04035043
0.04033697
0.0409253
0.041290402
0.04103432
0.041043133
0.041456748
0.040725373
0.040890172
0.04059178
0.04005001
0.04004811
0.04054557
0.040803757
0.040651508
0.04010166
0.03992652
0.039845575
0.04010729
0.04016872
0.04006749
0.040518295
0.040524833
0.040647708
0.040569555
0.040225152
0.0404395
0.040264178
0.04022298
0.040213913
0.040400222
0.04073888
0.040435627
0.039757825
0.03976719
0.039477535
0.039262574
0.03885967
0.039469168
0.04031389
0.039990745
0.039724715
0.039217994
0.03920198
0.039139003
0.039096445
0.039276294
0.03910719
0.039303433
0.039800193
0.039893337
0.039582405
0.039685804
0.039859034
0.040326923
0.04022441
0.039659843
0.040113572
0.039490025
0.03978822
0.039441768
0.039219763
0.039211325
0.03913459
0.038800545
0.039081536
0.03894227
0.039443403
0.039515253
0.039271347
0.039737593
0.03908924
0.038900886
0.039238907
0.039083697
0.03945865
0.038857773
0.03882674
0.038827844
0.039123625
0.03927913
0.039085653
0.039219175
0.038943525
0.038974874
0.038760994
0.038861904
0.038700398
0.039224867
0.038597815
0.038325287
0.038198363
0.03820717
0.037854426
0.03809014
0.03819699
0.038135376
0.03778343
0.038317874
0.038360666
0.038138814
0.037815068
0.03807823
0.038358543
0.03804373
0.037759956
0.03797429
0.03845134
0.037896868
0.037816215
0.038027767
0.038243424
0.038193077
0.038082644
0.037685663
0.037631687
0.038149226
0.037650514
0.037723616
0.037855964
0.037587058
0.037667148
0.038045578
0.03819133
0.037815344
0.03801013
0.037940796
0.038041238
0.03750465
0.03784833
0.037782315
0.037984747
0.03805767
0.03789671
0.03802896
0.037706837
0.03745238
0.037586503
0.03765114
0.037754245
0.038592324
0.03820669
0.03843414
0.038306955
0.03842834
0.03826739
0.03755092
0.037560903
0.03816197
0.037786316
0.038011614
0.03778683
0.03803238
0.038247183
0.03866948
0.038864624
0.038772777
0.03926502
0.038929675
0.03922663
0.039249677
0.039781693
0.03906282
0.038342014
0.03908411
0.038969964
0.03888259
0.03860834
0.03858294
0.03868138
0.03892781
0.038786385
0.038624097
0.038278885
0.038271986
0.03840155
0.038714215
0.038543712
0.038646583
0.038618196
0.038915314
0.03854693
0.03812261
0.038576875
0.038139716
0.038417872
0.03845157
0.038889617
0.038610294
0.038476843
0.038668834
0.038430538
0.038068496
0.038924128
0.038495604
0.037881576
0.038160756
0.03871446
0.039044533
0.0390605
0.03879561
0.039578862
0.039355908
0.03924923
0.038714927
0.03897228
0.038649872
0.03884032
0.038833067
0.039107043
0.038919777
0.03887505
0.03834204
0.038325377
0.03835436
0.038476903
0.03839396
0.038674377
0.03834699
0.038729068
0.038133115
0.038426645
0.038578253
0.038260184
0.03812196
0.038023584
0.038185485
0.03840482
0.038288698
0.038350884
0.038182024
0.038080458
0.038442
0.03835715
0.038202424
0.038056385
0.038609643
0.03819794
0.037902884
0.038538024
0.038465846
0.03812832
0.038397644
0.038284965
0.03767542
0.03782364
0.03755737
0.0380037
0.037784632
0.037630476
0.037674233
0.037823047
0.03776372
0.038587842
0.037937555
0.038726546
0.03842654
0.038240578
0.03802337
0.038626276
0.03867748
0.03812078
0.03839955
0.037965134
0.038346577
0.038419284
0.038198646
0.03808668
0.038577836
0.0384324
0.038641956
0.03799485
0.03853454
0.037943445
0.0381979
0.038116805
0.037950467
0.038559806
0.03876557
0.038235653
0.038316462
0.038002137
0.038580913
0.03826478
0.038275037
0.037838064
0.03790584
0.038253445
0.038289916
0.03810573
0.03760266
0.0382129
0.03727328
0.037799917
0.037632164
0.03789992
0.037666164
0.03729069
0.037375797
0.038025342
0.03768064
0.037706245
0.037751302
0.0373115
0.03785521
0.037835013
0.03766214
0.037950795
0.037570868
0.03788431
0.037943665
0.03808821
0.037699804
0.037955746
0.03835804
0.038705084
0.03893525
0.038979072
0.039029773
0.03876918
0.038744863
0.037616234
0.037673857
0.037685763
0.03811093
0.03786709
0.037564266
0.037682034
0.03739784
0.037680533
0.037820555
0.037764575
0.037537824
0.037931815
0.0375888
0.03786004
0.03771802
0.03773959
0.03757311
0.037594844
0.037542857
0.03761546
0.03882786
0.03924602
0.039406467
0.039747193
0.040026635
0.03983478
0.039338507
0.04009842
0.03973427
0.03968865
0.039329562
0.039118785
0.039467987
0.039652795
0.03958134
0.0402296
0.039476197
0.039921913
0.040013354
0.039937276
0.039996523
0.039981414
0.03934839
0.039404284
0.039876122
0.039449736
0.039909817
0.03957789
0.038937427
0.03839258
0.038846735
0.03896431
0.039157405
0.03874072
0.039268583
0.038627833
0.038668416
0.038612608
0.03847303
0.039201155
0.03895789
0.039022192
0.039201625
0.038707945
0.03925768
0.038862392
0.03884039
0.038722135
0.038448747
0.039289676
0.03843004
0.038308226
0.03846781
0.038681235
0.03842737
0.03892975
0.038505934
0.039020747
0.03936662
0.038537815
0.03904486
0.03873941
0.03918787
0.03907757
0.038798336
0.038833164
0.039085336
0.039164383
0.03934445
0.038710084
0.038930375
0.039246496
0.03896421
0.03876285
0.038733985
0.038519576
0.038826864
0.038465727
0.038590543
0.03885055
0.038793113
0.03814665
0.038289517
0.038614698
0.038240522
0.038806017
0.038860448
0.039112754
0.0385988
0.038520925
0.038728964
0.03857532
0.03859217
0.038922712
0.03905865
0.038190175
0.038313664
0.038501337
0.038238022
0.038720496
0.03822667
0.03830766
0.038693286
0.038300358
0.038274147
0.038334306
0.03860944
0.03772453
0.038194336
0.03826139
0.038130436
0.03821467
0.03816024
0.038377658
0.038294267
0.037920915
0.038059402
0.038106833
0.03858359
0.037716534
0.03832407
0.03830518
0.038469285
0.038343
0.038713448
0.038829673
0.03810083
0.03783067
0.037807565
0.037962895
0.038506098
0.03884671
0.038578916
0.038337104
0.038601447
0.03843228
0.039092343
0.03844231
0.038556546
0.03852844
0.03853191
0.038285878
0.03807923
0.03840757
0.038125835
0.038760386
0.038010992
0.038372032
0.03793811
0.037648212
0.038294166
0.038026582
0.038387388
0.038359627
0.03855177
0.038392648
0.038268108
0.03795136
0.038432434
0.038439948
0.038212024
0.0382958
0.038044177
0.038199276
0.038094636
0.03853657
0.038259063
0.037867986
0.03761992
0.037617534
0.03775299
0.038429562
0.03781476
0.038561705
0.038164306
0.038489472
0.037742957
0.03835086
0.038533498
0.038875345
0.038819913
0.038521633
0.038528476
0.038301893
0.038584627
0.038610104
0.038448747
0.03864927
0.03846171
0.0383841
0.03770985
0.0377932
0.03813614
0.037674278
0.037934497
0.037880834
0.03825616
0.038187277
0.038472805
0.039109126
0.038539495
0.038537815
0.03872805
0.03883072
0.038719688
0.038680356
0.03861728
0.038745027
0.038305197
0.0381957
0.038870703
0.038718253
0.03875182
0.039144956
0.03876115
0.03900979
0.039689258
0.040187668
0.040267877
0.041189954
0.039599515
0.040327687
0.04055772
0.04018553
0.03951659
0.03955026
0.039331406
0.038983118
0.039277054
0.039106067
0.039055336
0.03912167
0.038925327
0.0389832
0.038566384
0.03887792
0.038360007
0.03849833
0.038380492
0.03806193
0.037889548
0.03797154
0.037930112
0.037564002
0.037390776
0.037299324
0.037336756
0.037598412
0.037650615
0.03767256
0.037489925
0.03775423
0.037407883
0.03767613
0.03741833
0.037689526
0.037559155
0.037515152
0.038023096
0.037292283
0.037168987
0.03751526
0.03734568
0.03746832
0.03708366
0.0372846
0.037296515
0.037410773
0.037058823
0.037242256
0.037541326
0.03702927
0.037538733
0.037170816
0.037373014
0.03751132
0.03757349
0.037205167
0.03728347
0.037392214
0.037404254
0.037577078
0.037194036
0.03721427
0.037333272
0.037370183
0.03711817
0.03771117
0.037596293
0.038086187
0.037865624
0.038241055
0.038022466
0.038215347
0.037845366
0.03751116
0.038014572
0.037380118
0.03780707
0.038382586
0.03864495
0.039355487
0.039412867
0.03958265
0.03877176
0.0387122
0.03853689
0.03800266
0.03803974
0.03804161
0.037997935
0.03825914
0.038292304
0.038689695
0.03830296
0.038306683
0.038961157
0.03848075
0.038459577
0.03812721
0.037741393
0.037869915
0.038243324
0.038196392
0.038165633
0.0385434
0.038618732
0.038080677
0.03791891
0.03768284
0.037338268
0.03773888
0.037780546
0.03759436
0.038194176
0.037802894
0.038305808
0.037958965
0.037672576
0.037705503
0.0374866
0.03705478
0.037087135
0.037127275
0.03750388
0.0377282
0.03756614
0.037775002
0.0378701
0.037498724
0.03702003
0.03741237
0.037180856
0.037119906
0.037135597
0.037308354
0.037412204
0.037491586
0.037262153
0.037294418
0.03712396
0.037347715
0.036863413
0.037180856
0.037623614
0.03704692
0.037267815
0.037324604
0.036814123
0.03732523
0.037089463
0.036762346
0.037214413
0.037126254
0.03743773
0.03730056
0.03707072
0.037192475
0.037530225
0.037305046
0.037406567
0.03744595
0.03800348
0.037622478
0.037463464
0.037271723
0.037057415
0.03737535
0.037365247
0.037178002
0.03692164
0.03724313
0.037346218
0.03720299
0.037021253
0.037010714
0.036825128
0.036897633
0.036717784
0.037150376
0.037109304
0.03743573
0.036905523
0.036769677
0.036884226
0.037235253
0.037400942
0.03675333
0.037186474
0.037322562
0.03699639
0.03697357
0.03712801
0.036905512
0.037045263
0.037135318
0.037193354
0.037093166
0.03719755
0.037280645
0.037021734
0.037243776
0.037409075
0.03706601
0.03733521
0.03700762
0.037405916
0.037477624
0.03741
0.03727789
0.03738924
0.037165325
0.03710351
0.03727371
0.037168235
0.037391003
0.037259795
0.03711453
0.03730691
0.036965337
0.036957715
0.03702793
0.03712403
0.037433185
0.037616238
0.037514005
0.037791606
0.037233036
0.037315585
0.037442192
0.037767943
0.037430864
0.03725429
0.036787655
0.036884993
0.03663943
0.036700238
0.03677935
0.036974184
0.03668163
0.03691029
0.036922306
0.03733
0.037493303
0.037186045
0.03720848
0.037143163
0.037127845
0.036900274
0.03745875
0.037105132
0.03704295
0.037159897
0.036884602
0.03694388
0.037069544
0.037061326
0.037518155
0.03702181
0.037291367
0.036996868
0.036656294
0.03689345
0.036882345
0.037090644
0.036960237
0.03712553
0.03745399
0.037462465
0.037075058
0.036747865
0.036565192
0.036958687
0.036654647
0.03687127
0.036999173
0.037087873
0.036580518
0.03664788
0.036679495
0.037058126
0.03691307
0.036966566
0.036730576
0.037028927
0.036999956
0.03737049
0.037364952
0.037713192
0.03744348
0.03756396
0.03707894
0.03707092
0.037448324
0.037689883
0.03742831
0.037439976
0.037592866
0.037569556
0.037739225
0.03783842
0.03833338
0.038499326
0.03858806
0.03884987
0.038998567
0.039096557
0.038908526
0.03879011
0.03894741
0.038105443
0.038167924
0.038453016
0.037906043
0.038152445
0.03828369
0.037969153
0.037887696
0.038116418
0.038041476
0.037935477
0.03806646
0.037469197
0.037732907
0.03755411
0.037479922
0.03755839
0.037494265
0.037074815
0.037290737
0.037305012
0.037563954
0.03762566
0.03746454
0.03730193
0.037020996
0.037142135
0.03710988
0.037008353
0.03683062
0.037219036
0.037333675
0.037160344
0.037255306
0.037086133
0.03741116
0.03724445
0.03745182
0.037167408
0.037191574
0.037028044
0.037033714
0.037385244
0.03745966
0.037114713
0.037377365
0.03712175
0.03758642
0.03690575
0.03738866
0.03730829
0.036879025
0.036845617
0.036533315
0.036899026
0.03699996
0.03704783
0.03722852
0.036987912
0.037312936
0.036976382
0.036934726
0.0370424
0.037082437
0.037221618
0.037079
0.037143677
0.037181515
0.036741525
0.036805943
0.036792185
0.03690734
0.03688013
0.03690298
0.036761943
0.036697205
0.03686155
0.036612198
0.036659736
0.0364767
0.036435764
0.036587115
0.036453083
0.036838856
0.036765274
0.036486752
0.036726717
0.0368394
0.03660485
0.036558162
0.036518935
0.036909543
0.036477502
0.03692572
0.036840644
0.036935084
0.037128843
0.03674857
0.036471065
0.036388956
0.03658348
0.036904465
0.036843166
0.036299597
0.0367967
0.03679536
0.03690441
0.036878683
0.036615714
0.036911123
0.037027363
0.03686268
0.036853537
0.036989372
0.037256047
0.03661636
0.0369514
0.03660879
0.036646523
0.036444817
0.036597125
0.03646995
0.036213744
0.036369875
0.036465377
0.03645483
0.036367197
0.036713593
0.03662495
0.0365529
0.0366008
0.035985496
0.036518972
0.036292695
0.036297705
0.036080282
0.03644883
0.035970625
0.03607109
0.036314625
0.036249273
0.036340687
0.036127873
0.036047526
0.03609249
0.036201645
0.03649885
0.03651709
0.03636809
0.03620574
0.036282983
0.036380637
0.036164936
0.03641306
0.03603569
0.036268093
0.036121324
0.036437053
0.036153898
0.03659069
0.036351293
0.03622468
0.036181606
0.035981875
0.036325205
0.036435097
0.035957173
0.036684323
0.036143646
0.036502574
0.036593772
0.036533426
0.03659197
0.036499236
0.036476996
0.036735073
0.037058212
0.037017576
0.036334127
0.036669515
0.036432885
0.036384765
0.036575478
0.036615904
0.03625223
0.036506005
0.036126703
0.036226735
0.036221948
0.036053017
0.03618919
0.036234822
0.036280017
0.03607986
0.035925787
0.03597447
0.036220927
0.037568763
0.037302267
0.037341483
0.038166024
0.038919277
0.038873844
0.038092986
0.03826328
0.037798807
0.03752531
0.03699046
0.03658007
0.03621722
0.036877327
0.037155904
0.037475742
0.037832152
0.037926525
0.03817351
0.037559696
0.037672706
0.037901193
0.037615437
0.03719518
0.03748883
0.037708547
0.037518684
0.03758859
0.037934314
0.037609525
0.038267937
0.03796109
0.038489603
0.038757917
0.037933175
0.037542854
0.038027253
0.037956495
0.037985954
0.038217347
0.038037937
0.03801462
0.037904523
0.037965685
0.03816695
0.038260635
0.03847523
0.038847264
0.03871422
0.03856729
0.038381625
0.038559433
0.038724463
0.038759656
0.039130945
0.038985223
0.039552495
0.03898087
0.0393061
0.039188217
0.039255876
0.03953468
0.040162303
0.039565533
0.038516562
0.039798025
0.039971918
0.040261112
0.03971549
0.03962474
0.040144127
0.04015236
0.040199913
0.03996572
0.040327355
0.040280074
0.04076839
0.040540792
0.04090723
0.040863056
0.04100327
0.041071128
0.04088019
0.0410941
0.041008785
0.040576547
0.04055097
0.040527266
0.040542375
0.04017124
0.04039477
0.04035887
0.040333718
0.040133543
0.04035924
0.04027452
0.040043775
0.04009597
0.040172767
0.040327143
0.03998701
0.040200528
0.040317856
0.040126517
0.04044306
0.040312156
0.040001165
0.04010764
0.04007518
0.03957714
0.04026926
0.04009815
0.039898787
0.039608616
0.039885
0.03957589
0.039812345
0.04001624
0.03976803
0.03946059
0.039499126
0.039459612
0.039749164
0.039181717
0.039910693
0.04002773
0.04015011
0.04013174
0.040156715
0.039958317
0.039573528
0.039882462
0.03942523
0.039339267
0.03908675
0.039144076
0.039240733
0.039162453
0.039261304
0.039642934
0.04000076
0.03957854
0.039627176
0.039725415
0.040272456
0.039409693
0.039497584
0.03947987
0.03958692
0.03934034
0.0395626
0.039769843
0.039681524
0.03957065
0.039676007
0.03904178
0.03931966
0.03959239
0.039476056
0.039197788
0.03920008
0.038885307
0.039527122
0.03910556
0.038887113
0.039333455
0.039434485
0.03976423
0.03979523
0.039893
0.039347578
0.03922523
0.039371792
0.03948056
0.039503403
0.039510254
0.039530408
0.03913126
0.03937637
0.0392238
0.03891724
0.039100613
0.039011095
0.039189745
0.039197106
0.039256867
0.039414257
0.03924831
0.03890652
0.038712665
0.03899744
0.03912283
0.039389994
0.03899689
0.03913484
0.039235976
0.039280426
0.039214812
0.038599733
0.03915485
0.039232392
0.039455328
0.039266914
0.038906917
0.038867213
0.039280284
0.038850006
0.03901547
0.039095715
0.039043166
0.039026406
0.0392655
0.03920333
0.03942797
0.039051406
0.039150406
0.038955465
0.038978856
0.039055303
0.039239418
0.039572097
0.03934781
0.03943448
0.039675776
0.03953522
0.039230302
0.038788494
0.038816527
0.038963325
0.039045908
0.03904652
0.03903467
0.03873238
0.039053775
0.03890451
0.039478496
0.039015893
0.039224792
0.038909305
0.038929116
0.038699467
0.038906924
0.039010547
0.03854244
0.03853545
0.03844343
0.03853872
0.037937723
0.038271017
0.038356144
0.038753383
0.038731877
0.03832934
0.03837518
0.038160533
0.038236376
0.038570408
0.038561694
0.038652636
0.03897314
0.038774688
0.03913515
0.038640346
0.039073233
0.03870129
0.03876756
0.038690723
0.03838169
0.03863992
0.03840088
0.039443806
0.0390382
0.039256375
0.039361306
0.03974141
0.039665874
0.039523367
0.039735097
0.039825432
0.040006366
0.039881207
0.03960205
0.040105417
0.040161084
0.039172504
0.038932547
0.0390413
0.038581878
0.03840554
0.03861375
0.038652334
0.038637053
0.039329402
0.03861882
0.03887373
0.03906902
0.039409883
0.03958041
0.03917024
0.039337523
0.03934728
0.03966461
0.039981987
0.03944578
0.039938893
0.03967287
0.03933019
0.039141092
0.039315537
0.039054047
0.039304744
0.03949103
0.039003033
0.039421074
0.039284006
0.03913805
0.039204028
0.038948428
0.039084427
0.039040633
0.03928838
0.039137457
0.038970143
0.039213464
0.039082147
0.03899495
0.038654998
0.039203472
0.03933683
0.039051484
0.03910859
0.039071854
0.0393058
0.039541367
0.0390121
0.03900448
0.03925673
0.039259132
0.039142005
0.039241444
0.038835444
0.03889947
0.03923914
0.038818356
0.038961664
0.038992554
0.039162543
0.039113756
0.038704652
0.038839605
0.038800485
0.038961902
0.039111063
0.03892852
0.03887717
0.038517192
0.038806524
0.038541947
0.03890265
0.038785126
0.038774733
0.03862853
0.038557507
0.039058514
0.039005265
0.038938962
0.039001714
0.03889912
0.038825806
0.039102856
0.038913578
0.03883737
0.038947288
0.03873633
0.038866833
0.03879709
0.0388576
0.039050113
0.038612396
0.038776383
0.038894784
0.038741175
0.0386895
0.038771503
0.039046355
0.038445402
0.0390057
0.038323365
0.038969938
0.03859742
0.038942847
0.039056104
0.03889961
0.03888957
0.0385675
0.039091524
0.039092883
0.03846336
0.038552996
0.038873028
0.03887128
0.038483463
0.038647417
0.03852872
0.038863286
0.038683146
0.038573813
0.03882779
0.038686436
0.038618296
0.038044326
0.038840517
0.038755193
0.03853368
0.03874118
0.038805496
0.038597424
0.038805887
0.03872127
0.038853027
0.038416356
0.038569875
0.03903917
0.038594887
0.03838051
0.038405474
0.038945075
0.038878724
0.03891703
0.03890177
0.038827684
0.038726784
0.038704094
0.03881422
0.03887414
0.038724035
0.038961723
0.03850572
0.038866755
0.038648304
0.038913038
0.0384113
0.038544483
0.038284633
0.038552366
0.038609497
0.03866692
0.038448498
0.03875933
0.038583264
0.038527112
0.038270697
0.038320296
0.038574666
0.038658343
0.03849112
0.03864202
0.038457032
0.03850318
0.03842796
0.038649525
0.038651932
0.03847287
0.038349327
0.038601823
0.038874894
0.03845262
0.0387079
0.03873226
0.03852086
0.038446646
0.0382555
0.03814416
0.038243122
0.038137842
0.038292833
0.038238272
0.038562395
0.03831455
0.038411815
0.0383352
0.03864005
0.03820015
0.038424045
0.038121145
0.03804783
0.038031593
0.038214162
0.037806783
0.03804265
0.03800615
0.03772733
0.03786153
0.038045432
0.03800742
0.03810676
0.037622005
0.037801865
0.03766417
0.03766351
0.0378925
0.03818602
0.037864234
0.038200147
0.038069036
0.038271397
0.0380939
0.038150877
0.038086496
0.037841197
0.038220678
0.03760943
0.037649482
0.03782423
0.037807513
0.037801452
0.038174823
0.038372315
0.03830262
0.038373068
0.03845099
0.038319938
0.038453527
0.03793674
0.037784714
0.037842166
0.037918385
0.038143974
0.038488578
0.03786964
0.038173523
0.037616987
0.038058467
0.037923086
0.03771291
0.037758756
0.038031433
0.038258336
0.03869016
0.03843697
0.038890008
0.03894654
0.038810216
0.038659304
0.038574047
0.038362406
0.03808682
0.03822591
0.038137842
0.038279567
0.038141128
0.037723176
0.03803081
0.037849467
0.03800426
0.038442895
0.038206954
0.03854499
0.03856757
0.038572043
0.038727503
0.038975343
0.03959899
0.039002918
0.039355803
0.039150856
0.039471667
0.03923541
0.03910277
0.039186385
0.03884365
0.039130487
0.039167423
0.038984045
0.038910825
0.038775787
0.03900219
0.038641617
0.038820203
0.03925034
0.039174885
0.03894901
0.038423937
0.038224503
0.038903303
0.03877131
0.038057026
0.038301293
0.038530353
0.03826632
0.03790103
0.037660163
0.037873793
0.0380046
0.038085654
0.037994508
0.0379674
0.03786934
0.037730854
0.03785206
0.03767879
0.03753599
0.03795329
0.038094908
0.038191188
0.038339928
0.038420156
0.03831364
0.03856297
0.038438167
0.038457815
0.03823971
0.038201
0.038228434
0.037754335
0.038311314
0.037892047
0.037848916
0.037981115
0.03773166
0.03781709
0.037905864
0.038105957
0.037700266
0.037900172
0.03780807
0.037771244
0.03739183
0.03804494
0.03845792
0.038166333
0.03797315
0.038152307
0.03794512
0.038237065
0.03842643
0.038606677
0.03831845
0.03831951
0.03819143
0.03825381
0.038026974
0.037869364
0.038170017
0.03781168
0.037704054
0.037987784
0.037959125
0.038135413
0.03874303
0.038921285
0.0391141
0.039043035
0.03960411
0.03952109
0.03942465
0.03920166
0.03903188
0.038757466
0.039012913
0.03908171
0.03932008
0.03938572
0.039055564
0.039011393
0.03905127
0.038819753
0.038626283
0.038874757
0.038509298
0.038960148
0.03863407
0.038503457
0.038365416
0.03868445
0.03863878
0.038922265
0.038567595
0.038399395
0.03812113
0.03906505
0.039201036
0.038512252
0.038685713
0.039309505
0.03917785
0.039200522
0.038907785
0.038596004
0.038126204
0.038133156
0.038367804
0.03839969
0.038057845
0.038077436
0.03822773
0.038097423
0.037980393
0.03814223
0.038301352
0.038495813
0.038466107
0.038092464
0.038242094
0.037788797
0.038517028
0.038805567
0.03844062
0.038610663
0.038605757
0.0383679
0.038769413
0.03835408
0.038408488
0.03831265
0.038332794
0.038434967
0.038263306
0.03851547
0.038105305
0.038158454
0.03832176
0.038304284
0.0382773
0.03828244
0.038184088
0.038209487
0.03789472
0.03784092
0.038018018
0.037862603
0.038001545
0.03817699
0.037909787
0.038042363
0.038004704
0.038107358
0.03785991
0.038239498
0.03822903
0.037809502
0.03804014
0.037854712
0.037751127
0.03843064
0.03818579
0.03771718
0.037826713
0.03803204
0.037963044
0.038104646
0.03801409
0.038172357
0.038111534
0.037886195
0.03805493
0.037760265
0.038322385
0.038287226
0.038003366
0.03795569
0.037826147
0.038229484
0.03822943
0.038337775
0.038237784
0.038272396
0.038344633
0.038273856
0.03821489
0.03844193
0.038475595
0.03816052
0.038131487
0.038439542
0.038347945
0.03864065
0.03848242
0.03789978
0.038393892
0.03844099
0.038491186
0.038514297
0.03853562
0.038412057
0.03874581
0.038739216
0.038875867
0.038723342
0.038652033
0.038835384
0.039093815
0.038809273
0.03899414
0.038830694
0.038627822
0.038149346
0.038850397
0.038211506
0.03806325
0.03820539
0.03785534
0.037928127
0.03849018
0.038046926
0.038193256
0.03804989
0.03844427
0.037910447
0.037283756
0.037689786
0.03744247
0.03770427
0.03757839
0.037616167
0.03803193
0.037244625
0.037754524
0.036860514
0.03754838
0.036967225
0.036786668
0.0373013
0.0368632
0.037169702
0.037720054
0.037547003
0.03784864
0.03765526
0.03750392
0.03717198
0.03742643
0.03697894
0.0370715
0.036681622
0.036734488
0.03672444
0.037047166
0.03666136
0.037477206
0.03720527
0.03704422
0.037059776
0.037153356
0.037036844
0.03651954
0.036602177
0.03669477
0.036382858
0.036487672
0.0365697
0.036308397
0.036297746
0.036432054
0.036542553
0.036926754
0.036296926
0.035713658
0.036348056
0.03660203
0.036394067
0.036481332
0.036858242
0.036280252
0.03654399
0.036570027
0.036483847
0.036275443
0.036651008
0.03649162
0.03622122
0.03649039
0.036766917
0.036785014
0.03647082
0.03682152
0.036434278
0.036382433
0.036419496
0.03690418
0.036874432
0.036439214
0.036367014
0.036853522
0.036577422
0.03651038
0.036415625
0.036191083
0.035864737
0.035869822
0.035936702
0.036241334
0.036091376
0.03604237
0.035980847
0.035922837
0.03600391
0.035956535
0.036475923
0.03623682
0.036370065
0.036348775
0.036211923
0.036239292
0.03673888
0.035969935
0.035767462
0.036152266
0.036343597
0.036025733
0.03607004
0.035986673
0.035839364
0.036079034
0.03626796
0.03621723
0.035691995
0.036070563
0.035883773
0.03594406
0.03631196
0.036278807
0.036166344
0.035756174
0.035750076
0.03571969
0.035977107
0.03623196
0.03572678
0.03631066
0.036196664
0.036076736
0.036466252
0.03641303
0.036534533
0.036643717
0.036156483
0.036181618
