===================== Time: [Thu Aug 11 06:38:36 2022] ========================
0.117813595
0.121218294
0.11727388
0.12034227
0.11736049
0.11981122
0.11827064
0.11877032
0.11951679
0.118009195
0.119755164
0.121390395
0.121182695
0.12077406
0.12142924
0.12103111
0.122057125
0.12019183
0.120440856
0.12020983
0.12057386
0.12030866
0.12018696
0.12085042
0.11983609
0.12054836
0.120497994
0.120356806
0.11944664
0.11952041
0.118974395
0.118062645
0.11739153
0.11676226
0.117415816
0.116258286
0.11642743
0.117039286
0.11566775
0.11589718
0.11556437
0.11404867
0.11501715
0.11533427
0.11490192
0.11595385
0.11698664
0.11542128
0.11564422
0.11707689
0.11790607
0.11683821
0.118095435
0.11654961
0.118670374
0.118403554
0.11781458
0.11770051
0.11772627
0.11757918
0.11905213
0.11699771
0.11798173
0.11767916
0.11637994
0.11740307
0.11532878
0.11658595
0.11646181
0.114818774
0.11549455
0.115402676
0.11442163
0.11316154
0.11318368
0.114272855
0.11431585
0.115851976
0.11624944
0.11592618
0.115585305
0.11543621
0.11504172
0.11337793
0.11426743
0.114651404
0.11487799
0.114664786
0.113925494
0.115159504
0.11311754
0.11366453
0.11352259
0.113583796
0.11309874
0.11267698
0.11409965
0.1145846
0.11541696
0.114937365
0.11563348
0.11595928
0.11283457
0.11433863
0.11315728
0.11327954
0.1137052
0.11315383
0.112944104
0.11276307
0.111308925
0.11234746
0.11224467
0.11141593
0.11170291
0.11117847
0.11107016
0.11031953
0.111626655
0.11055253
0.110927984
0.11144835
0.11091026
0.11150462
0.11149454
0.112198405
0.1119192
0.11169092
0.11082709
0.111076936
0.11075229
0.11129617
0.11208999
0.11248899
0.1133427
0.11312826
0.11288683
0.11322885
0.11196192
0.1133589
0.11301971
0.11230874
0.1136841
0.11277828
0.1127329
0.11165169
0.11217278
0.112508364
0.11104931
0.11160378
0.11116974
0.111902475
0.11148231
0.11130933
0.10984587
0.11058115
0.11008786
0.1113154
0.11084296
0.10991053
0.11034663
0.110783555
0.11042958
0.11147225
0.11086301
0.110375345
0.110983886
0.11118557
0.110401765
0.1097097
0.109678224
0.109348685
0.10886144
0.109023236
0.10796635
0.1085085
0.10858771
0.10931274
0.1085785
0.10796729
0.10853077
0.10915555
0.109991334
0.11006256
0.1093612
0.10844064
0.10915617
0.108697586
0.10953935
0.110046096
0.10937909
0.10909262
0.108688176
0.10784486
0.109172225
0.10755788
0.108711004
0.10799608
0.10824671
0.108157
0.10912684
0.10870916
0.107846335
0.10740387
0.10799498
0.107398644
0.10898437
0.108781695
0.10989622
0.10898686
0.107799955
0.10876062
0.1081951
0.109730855
0.10944766
0.110356994
0.1091028
0.110631585
0.10985995
0.10898632
0.109756395
0.109443106
0.108872645
0.108396135
0.10897969
0.10875644
0.10885805
0.10793742
0.1087463
0.108624056
0.108192965
0.107888125
0.10837685
0.10617686
0.10740176
0.108028084
0.1072195
0.10712673
0.10781953
0.10661341
0.10730035
0.10695778
0.10747425
0.10647543
0.107826315
0.10685019
0.106912546
0.106251374
0.10669601
0.107196175
0.10706153
0.10698314
0.107685015
0.10776724
0.10659864
0.10660573
0.107721105
0.10700352
0.10666406
0.10685999
0.106937535
0.10603692
0.106394306
0.10679858
0.10633804
0.1044851
0.10544868
0.105956346
0.10440137
0.104401864
0.10387232
0.10432261
0.10417564
0.10501889
0.10460414
0.10376455
0.10382379
0.104450196
0.10379954
0.10428888
0.10434651
0.1041987
0.105097026
0.10498135
0.10474177
0.10424268
0.10517717
0.1042598
0.103479855
0.10368797
0.10294246
0.10417581
0.10400882
0.105105214
0.10413671
0.10466713
0.10402578
0.10439184
0.105322875
0.10452184
0.10445061
0.10520893
0.105445705
0.104883805
0.104232445
0.104699746
0.10429011
0.10478716
0.105046734
0.104871765
0.10540541
0.10612226
0.10464453
0.10421064
0.10546034
0.104223
0.104638584
0.10382117
0.10462518
0.103981204
0.1047332
0.10575576
0.10457141
0.105732225
0.10425531
0.10325982
0.10504992
0.1037567
0.10471305
0.104790375
0.104696356
0.104984224
0.104073346
0.10353359
0.10328128
0.10402918
0.103492804
0.104199
0.10416164
0.10477275
0.10405229
0.10452198
0.10452519
0.104012966
0.104238406
0.1043868
0.10408831
0.10443337
0.10311976
0.103946686
0.103974976
0.10473903
0.104180545
0.10491135
0.10422082
0.105248205
0.10379702
0.10277418
0.103852324
0.10362533
0.10365226
0.103492565
0.10271874
0.102396235
0.10357084
0.10295069
0.10271151
0.102827966
0.10270166
0.10235838
0.10282315
0.10244667
0.10170598
0.101124346
0.10218384
0.10315661
0.10170616
0.103256054
0.10244112
0.10277024
0.10349345
0.1037862
0.10369744
0.105906315
0.10322778
0.105394095
0.1037079
0.105686255
0.106489316
0.105873734
0.10647177
0.105876386
0.106309354
0.10597962
0.105628915
0.10597759
0.10567638
0.10512045
0.10507074
0.10575398
0.10628324
0.10586394
0.105622485
0.107578285
0.10652235
0.10675497
0.10600348
0.10552785
0.10626139
0.10557458
0.10467886
0.10598323
0.10510126
0.10483297
0.10444893
0.10434591
0.10455561
0.1050332
0.10487275
0.10608852
0.104773656
0.104670726
0.10617448
0.10519405
0.1035414
0.10447695
0.1040061
0.10374712
0.1047888
0.103197545
0.10329668
0.10398477
0.103064194
0.10406455
0.103296205
0.10372215
0.1032904
0.10402521
0.102580026
0.103003986
0.10271138
0.10442548
0.10319765
0.10304121
0.103344336
0.10214452
0.10392284
0.10245624
0.10301077
0.10311491
0.1022966
0.10243446
0.103142396
0.102965325
0.10315643
0.10343976
0.1046877
0.105577394
0.105103925
0.104445636
0.10391588
0.10354871
0.10311544
0.1016814
0.1032753
0.102658056
0.1028308
0.103562124
0.103662446
0.10376828
0.104118034
0.10478993
0.10470201
0.102430105
0.10269208
0.10320413
0.102825806
0.10439217
0.10395201
0.10390538
0.10430642
0.104290694
0.10493301
0.102878444
0.10356854
0.10365793
0.104705594
0.10525231
0.10555767
0.10523909
0.10528507
0.104952
0.104685426
0.1058634
0.104455836
0.10422713
0.1041191
0.10430966
0.103858255
0.10367611
0.10426605
0.10462872
0.10563266
0.10531705
0.10553535
0.104359105
0.10422388
0.10435888
0.103283554
0.103711836
0.10338057
0.10356425
0.10369356
0.1025444
0.102690324
0.10336927
0.10322871
0.102284804
0.102387205
0.10343435
0.10292416
0.1021401
0.10269346
0.102484494
0.1022594
0.10285405
0.10209281
0.101361796
0.10279711
0.10277542
0.10259111
0.10302724
0.10259071
0.102640435
0.10196995
0.10197036
0.10089452
0.10384022
0.10314405
0.10400164
0.10386466
0.10403753
0.10293754
0.104257904
0.10316682
0.103803985
0.10251634
0.10411443
0.1029982
0.10383346
0.103708684
0.10450378
0.10343789
0.10460466
0.104652725
0.10527788
0.10565053
0.10519768
0.10525255
0.104450576
0.1044178
0.10487383
0.104998454
0.10538938
0.10481123
0.10515226
0.105119824
0.10522845
0.10659157
0.10507535
0.1053648
0.10766591
0.10594965
0.1057537
0.10590965
0.10453975
0.10447032
0.104896426
0.10603117
0.10595266
0.10599078
0.105678804
0.1056065
0.10577086
0.10693861
0.107440226
0.10654052
0.10593044
0.1065148
0.1063844
0.107324705
0.1072739
0.10509886
0.106208384
0.10545916
0.1061155
0.10588267
0.105872236
0.107600294
0.10619843
0.10649039
0.105798095
0.10463718
0.1049957
0.104401514
0.10493063
0.10544591
0.1045089
0.10445549
0.10447841
0.1048837
0.105233215
0.104151525
0.1040978
0.10462975
0.104732834
0.103719965
0.10486427
0.10438568
0.1041778
0.10363538
0.1037571
0.104079746
0.103825435
0.10343983
0.10451587
0.104015626
0.104124725
0.103328586
0.1046692
0.10265487
0.10289115
0.102454074
0.10372909
0.10390321
0.1030719
0.10404122
0.10538339
0.10311563
0.10384516
0.10457017
0.10414334
0.105575025
0.10364136
0.1046039
0.10467568
0.103831455
0.10454382
0.10388185
0.104329556
0.10365752
0.103645615
0.10308106
0.10405111
0.104565024
0.10444777
0.10332337
0.10329378
0.103376225
0.10347562
0.10376638
0.10300197
0.10331352
0.10310059
0.102375105
0.10357039
0.10382413
0.10200458
0.10259993
0.10231718
0.10337095
0.103857584
0.10373223
0.10403222
0.10241589
0.10312617
0.10315015
0.10279425
0.10165398
0.1031247
0.10259698
0.10271393
0.1026512
0.10299268
0.10135107
0.10276421
0.101568066
0.102261566
0.1032659
0.103339694
0.10326322
0.1037183
0.10269229
0.10270313
0.10158415
0.10292574
0.10240215
0.10249948
0.101328686
0.10231694
0.10280325
0.101598494
0.1026766
0.101907134
0.10294277
0.102892175
0.10268407
0.10227313
0.10311297
0.102996305
0.10401931
0.10410632
0.10392967
0.10542308
0.102961324
0.101685785
0.102312416
0.10258451
0.10289598
0.10305779
0.102856554
0.10318232
0.10403545
0.10309644
0.10267811
0.10285036
0.102572165
0.10237699
0.10271763
0.10301555
0.102700636
0.10272628
0.10410031
0.10214237
0.10303129
0.103770964
0.10131001
0.10428602
0.10219403
0.10331304
0.10359722
0.103982374
0.10340913
0.10407103
0.10434902
0.10359279
0.10335559
0.1038422
0.10392229
0.103283614
0.10299391
0.104030974
0.10228782
0.10278062
0.10274781
0.1031697
0.10315928
0.10387064
0.1033069
0.10389521
0.104050115
0.10404468
0.103992276
0.10354211
0.104292594
0.1035697
0.10324582
0.10419293
0.102882594
0.1030011
0.102660835
0.10238287
0.10314127
0.101880945
0.10224255
0.10208647
0.10255673
0.10264526
0.10322973
0.10277986
0.10356931
0.10296311
0.102242365
0.101178125
0.101758264
0.10140447
0.101963
0.10198151
0.10171393
0.10182206
0.10172343
0.101959184
0.102499664
0.10249833
0.10210557
0.10252811
0.1022834
0.10298813
0.10291854
0.10298394
0.10268449
0.10299192
0.10247011
0.10196149
0.10304721
0.102329694
0.10209745
0.10123837
0.10127783
0.10115274
0.10116769
0.10069825
0.10095753
0.10121629
0.10153271
0.10023191
0.09938549
0.101317205
0.10022372
0.101057105
0.10082875
0.100223824
0.10115029
0.10099765
0.10021103
0.100218415
0.100454465
0.09997731
0.099825986
0.10018914
0.10054488
0.09980695
0.099740684
0.10076755
0.10011465
0.10018098
0.100182556
0.10054526
0.10064304
0.099824645
0.10043779
0.09982496
0.10041943
0.10110554
0.10165563
0.100452855
0.100297876
0.10114246
0.099539585
0.100205965
0.09995011
0.10000685
0.09872843
0.09906843
0.09898526
0.1001309
0.10065061
0.10090121
0.09956802
0.09998276
0.10030734
0.10012313
0.10047486
0.10047311
0.09979884
0.10002929
0.098744035
0.09962442
0.100355014
0.10019942
0.10011764
0.10056978
0.100408375
0.1009576
0.09989148
0.09937477
0.09994643
0.09936595
0.099041626
0.10005069
0.09939299
0.09983082
0.099321134
0.09907593
0.099838704
0.09969552
0.09857517
0.09913652
0.0998807
0.09940628
0.09949784
0.10001286
0.099734604
0.10013601
0.09956203
0.100555696
0.10107367
0.10119051
0.10110634
0.098970495
0.10009402
0.09994655
0.0995814
0.100420065
0.10013371
0.10066322
0.100259274
0.09957795
0.100804195
0.10046225
0.10113898
0.10056121
0.10091906
0.10063143
0.10055136
0.10013048
0.09862727
0.09933932
0.09994787
0.10021382
0.09991284
0.099769026
0.09906289
0.09951559
0.09982842
0.09945874
0.09901116
0.09961394
0.10064164
0.10122098
0.10143403
0.10087886
0.10082234
0.10154022
0.10224935
0.101593494
0.10087707
0.1005471
0.10083356
0.10134193
0.100675225
0.101269074
0.100045785
0.100648
0.10088002
0.100054346
0.10021026
0.100414425
0.10087021
0.10005144
0.10031704
0.101610646
0.10108023
0.10027546
0.10106743
0.09992501
0.10052712
0.09953637
0.099830024
0.09940006
0.09982267
0.1001014
0.099632144
0.099080764
0.10064971
0.100322746
0.10046978
0.100369126
0.1003118
0.10001471
0.09916329
0.10015642
0.10094972
0.09937758
0.10035406
0.10074378
0.100946605
0.10084051
0.10074452
0.10134066
0.10042261
0.10096931
0.10016577
0.10122553
0.10239494
0.102012336
0.1019397
0.10248948
0.10139663
0.10173059
0.1028132
0.10168796
0.10218488
0.101495996
0.10110286
0.099923566
0.100481644
0.10087381
0.10163766
0.10124941
0.10040312
0.101329945
0.10084533
0.1012796
0.101876676
0.10139682
0.101788215
0.10165288
0.1012268
0.10042722
0.100488
0.10136408
0.10111894
0.100400776
0.10074582
0.102304906
0.10157966
0.10126925
0.1014515
0.10164132
0.10178908
0.10164337
0.100234866
0.10016261
0.10092303
0.10077731
0.101062335
0.10008538
0.10072537
0.100724086
0.1007917
0.10125666
0.100581236
0.10113295
0.10080413
0.10141022
0.10120266
0.10130554
0.1000714
0.100223914
0.09971752
0.10067517
0.099934146
0.10025849
0.09915981
0.100533634
0.10035149
0.10167591
0.101036154
0.10072517
0.10089875
0.10106298
0.10039973
0.100752085
0.10054293
0.099437214
0.100121535
0.101030216
0.09923654
0.100648984
0.09935533
0.10142863
0.10024516
0.100929014
0.100604765
0.10071618
0.09945547
0.10060047
0.100553595
0.10063967
0.09946622
0.10137304
0.1005237
0.09973784
0.10072559
0.1017411
0.09990034
0.10059769
0.100679
0.10080353
0.100869834
0.10043971
0.09904974
0.09897313
0.099787675
0.09990186
0.09940148
0.10051342
0.10012977
0.09951684
0.09994823
0.09984568
0.10051884
0.09936988
0.09999961
0.10006992
0.09971357
0.100436516
0.100590535
0.09988538
0.09959703
0.09944297
0.099141955
0.099635355
0.0985426
0.099853985
0.09929076
0.09868077
0.09913639
0.09985642
0.09898669
0.0988332
0.099697344
0.1003494
0.09940656
0.10072802
0.100156136
0.1008656
0.1008132
0.10099966
0.101903886
0.10155579
0.10262125
0.10129627
0.10207169
0.10139162
0.10207613
0.101912394
0.10253335
0.10148442
0.09989256
0.10087637
0.10015768
0.10113451
0.1019236
0.10178774
0.101280704
0.10177441
0.10280234
0.102647215
0.10105046
0.10150602
0.10234688
0.102483645
0.10184221
0.10094153
0.10192464
0.101672255
0.10202866
0.10293376
0.102051094
0.10320558
0.1022335
0.10148653
0.101635456
0.10268069
0.10149983
0.101396486
0.10171853
0.102033414
0.102922045
0.10339882
0.10294393
0.102396056
0.10207658
0.102373734
0.10180017
0.10240894
0.102338485
0.10224478
0.1016815
0.10117418
0.10102434
0.10106638
0.10120272
0.102233395
0.1021271
0.10137072
0.10071925
0.100627504
0.10195972
0.10220178
0.10032554
0.10159404
0.10112215
0.10043272
0.100274235
0.10083115
0.10142543
0.101413846
0.10221083
0.10201828
0.10219832
0.10136503
0.10077155
0.10128767
0.10124932
0.10192194
0.10103148
0.10013439
0.10196245
0.101896465
0.102263816
0.10258809
0.101318255
0.10179348
0.10263485
0.10231969
0.102372155
0.101653926
0.10133823
0.101276025
0.10186749
0.10173871
0.101414636
0.10062872
0.101403624
0.10111617
0.10038729
0.10005961
0.10038998
0.100454524
0.10148801
0.10038146
0.101672634
0.101818316
0.10131383
0.10080898
0.100304335
0.10082731
0.10032952
0.100135006
0.101498924
0.10137
0.10095228
0.10075569
0.10200983
0.100834735
0.10000638
0.101026356
0.100470655
0.10033091
0.100743055
0.1012813
0.100643024
0.09969127
0.10039313
0.099935524
0.10076936
0.10080713
0.10142286
0.100608274
0.1016889
0.102118514
0.10295121
0.10079078
0.10100318
0.10129054
0.10232271
0.1014475
0.10197368
0.102398895
0.101424605
0.10167723
0.10201009
0.10059813
0.10079997
0.101310514
0.10106599
0.10164368
0.102310374
0.10188307
0.10191575
0.101728305
0.10203583
0.10232417
0.10192636
0.10220066
0.10229326
0.10256369
0.10252204
0.1017342
0.101665795
0.10198094
0.10125302
0.10216515
0.1014147
0.10051328
0.10174106
0.1019415
0.10189315
0.10354569
0.101979375
0.102643065
0.1021583
0.102774546
0.10326952
0.10301033
0.10258758
0.10343262
0.10249525
0.10552388
0.10499655
0.10583131
0.1061986
0.106341526
0.10422213
0.10493262
0.105431594
0.105618544
0.10551002
0.104630195
0.10517953
0.10445687
0.10488744
0.10444284
0.1055445
0.10384604
0.10393019
0.10417536
0.1043055
0.103905514
0.10244079
0.10367215
0.102923654
0.10340268
0.102044165
0.10306041
0.102727115
0.10296301
0.10297068
0.10320877
0.103517324
0.10292562
0.10425726
0.10376577
0.10239655
0.1028699
0.10258701
0.10369864
0.10379048
0.101903684
0.102936104
0.10246433
0.10217332
0.10269232
0.10303431
0.10226209
0.10422516
0.101835005
0.10279889
0.10237416
0.10313129
0.102937564
0.10214555
0.101022564
0.10216755
0.101215385
0.10137047
0.10122112
0.101326264
0.100923255
0.10206315
0.101708524
0.10142358
0.10166291
0.10103513
0.10112631
0.10092488
0.101013064
0.10061081
0.101133116
0.10128526
0.101452336
0.10133943
0.10096078
0.10095164
0.10106745
0.101117216
0.10204618
0.1009431
0.101654954
0.10161635
0.101628564
0.10110059
0.102344245
0.10176436
0.101874724
0.101715796
0.10139339
0.101540774
0.10154227
0.10117644
0.101754636
0.101285994
0.10124366
0.10189778
0.10095342
0.100261025
0.10238625
0.101967104
0.102301165
0.101254895
0.10223048
0.10226311
0.10222196
0.101440184
0.102993675
0.10235253
0.10211304
0.103048764
0.10248339
0.102299966
0.10319909
0.102433756
0.101371214
0.10206469
0.10145524
0.101621374
0.1021723
0.10080455
0.10094299
0.100956805
0.10145218
0.10163979
0.10160916
0.10089854
0.1004647
0.10088435
0.100147575
0.100811176
0.10114092
0.10058208
0.101949856
0.101409584
0.10099561
0.101458676
0.101429805
0.10044119
0.10121211
0.10102154
0.101822175
0.101781294
0.10068489
0.10167097
0.10147596
0.100541726
0.10193364
0.100757115
0.10101193
0.10154694
0.100906216
0.10046949
0.09973072
0.10153352
0.10096182
0.10167565
0.101507954
0.101346225
0.10118922
0.10046532
0.100689486
0.10151662
0.101456046
0.101385675
0.10049962
0.100783534
0.1014425
0.100570634
0.10128657
0.1012813
0.100306906
0.10194058
0.10216967
0.10393459
0.10338296
0.10290012
0.103351936
0.10357522
0.102959365
0.10067855
0.103070885
0.10219976
0.103328615
0.10254471
0.10481827
0.10398077
0.10334623
0.10404839
0.10350517
0.10340704
0.10384636
0.102894545
0.10390854
0.104146145
0.103814416
0.10402295
0.104736805
0.10426796
0.10374156
0.104179166
0.104854725
0.1045104
0.103781775
0.10436267
0.10292569
0.103190504
0.10255198
0.10256317
0.1026421
0.1026717
0.10283781
0.10238864
0.10281192
0.1024235
0.10190956
0.10208817
0.10173466
0.10175569
0.1020718
0.10189063
0.10280756
0.10293478
0.10239549
0.102551706
0.10167278
0.10070213
0.1017572
0.10164067
0.10155585
0.1004626
0.10089659
0.101337805
0.10049485
0.10109085
0.10109228
0.10180892
0.10030979
0.100135684
0.100565016
0.09961722
0.10074412
0.10012376
0.10056741
0.09996839
0.10090387
0.10022002
0.100553595
0.10091201
0.099743895
0.099604495
0.10042974
0.0991097
0.1001442
0.100280784
0.100437805
0.099955484
0.09987628
0.099968664
0.10079801
0.100097805
0.10012274
0.1006421
0.10122685
0.10047152
0.10082115
0.10125086
0.09998045
0.09942507
0.09976845
0.09918619
0.098989636
0.100172825
0.0994199
0.10095673
0.100366555
0.100437984
0.09941157
0.10027542
0.10104254
0.10085221
0.10011546
0.1002902
0.09929733
0.10050153
0.09983195
0.09944261
0.10096273
0.10027903
0.09882316
0.09878342
0.100355044
0.099203415
0.09963613
0.098527506
0.09870725
0.09847653
0.100018546
0.09986549
0.09987891
0.10028598
0.09983497
0.09947596
0.10009677
0.10059117
0.09969135
0.09982868
0.10018267
0.10103127
0.10043882
0.099575475
0.10065412
0.10001965
0.09940157
0.10011526
0.0993047
0.0995732
0.100815125
0.10003582
0.09948738
0.099209584
0.100472756
0.09889372
0.09999072
0.10015406
0.09977178
0.09980741
0.09979948
0.099633634
0.09910584
0.09960729
0.09966842
0.09954483
0.09932107
0.099309325
0.09965654
0.100062564
0.100160286
0.100231096
0.09994417
0.10023787
0.09957523
0.09903101
0.09876133
0.09976192
0.10069901
0.099718705
0.101743355
0.101429455
0.10049929
0.10066292
0.10047775
0.10035604
0.10108399
0.10062301
0.09996473
0.10008698
0.09970907
0.09985113
0.100176096
0.09910304
0.09983721
0.09939787
0.09894148
0.10054327
0.09998378
0.09955327
0.09828096
0.10025381
0.099471934
0.09984586
0.100217395
0.09945233
0.098610155
0.09959595
0.100105844
0.099110074
0.09793451
0.09892124
0.10007554
0.09955787
0.10012925
0.0999654
0.10096704
0.099973805
0.10096245
0.10053198
0.10045197
0.099885195
0.100070626
0.09988343
0.09940771
0.099700145
0.10035691
0.09985616
0.09984233
0.10034134
0.0999113
0.099901095
0.09944587
0.09841025
0.0993286
0.10024546
0.099607885
0.09853525
0.09882767
0.09926645
0.10022599
0.09840653
0.09897902
0.098929055
0.098539025
0.09914303
0.09758141
0.097975545
0.09899334
0.09916398
0.09864354
0.09904697
0.09805402
0.09858984
0.09841
0.09918535
0.09753116
0.09803393
0.09835359
0.098753
0.09846749
0.09897957
0.098454386
0.09865776
0.09871717
0.0985699
0.098011404
0.09881659
0.09882022
0.09844038
0.09876098
0.09913437
0.09857231
0.09887469
0.09867413
0.09742714
0.09805704
0.09826469
0.09867311
0.09872726
0.098510146
0.0993311
0.09866899
0.09857008
0.09971256
0.098827854
0.098294504
0.0985344
0.09856104
0.097721
0.09762925
0.098667115
0.09906861
0.09800457
0.09864237
0.0979365
0.09837509
0.099344306
0.09716999
0.098038144
0.09809011
0.098923095
0.0985715
0.0988049
0.09926881
0.09738829
0.09819252
0.0984185
0.09794679
0.097386084
0.098460704
0.098002404
0.09727411
0.09748431
0.09758694
0.09734779
0.09803445
0.098207906
0.097922966
0.09800263
0.09703498
0.097751535
0.09808444
0.09715633
0.097540416
0.09799756
0.09697959
0.09754152
0.09792966
0.097646035
0.097221255
0.09770558
0.09752328
0.09775775
0.09734997
0.09790736
0.097912125
0.097026624
0.09816589
0.09817851
0.097723804
0.09808063
0.09775133
0.098197356
0.09677864
0.09808717
0.09597242
0.09750402
0.09698352
0.0972667
0.095722996
0.09661081
0.09818485
0.09712515
0.098299384
0.09828549
0.09716028
0.09794439
0.097702414
0.09818222
0.09792071
0.09774218
0.096654974
0.09793011
0.09719879
0.097397484
0.09827101
0.09832355
0.09831758
0.09738226
0.098413646
0.097595185
0.09827557
0.09731024
0.09736771
0.09828188
0.09790404
0.0978421
0.097790234
0.09634017
0.09751142
0.097058795
0.09847575
0.0982938
0.09552506
0.09809883
0.09704901
0.098510824
0.0977325
0.09744878
0.09693978
0.09751394
0.09795358
0.09822102
0.09760348
0.0978878
0.097559504
0.098039806
0.09702689
0.0979319
0.09785576
0.09686979
0.09754174
0.09732619
0.097947046
0.097779214
0.09704884
0.09800629
0.09809283
0.098128036
0.09800716
0.09839868
0.09852974
0.09786467
0.09807619
0.09825619
0.09789375
0.09831197
0.09801337
0.09917191
0.09803011
0.09756291
0.09778123
0.09824422
0.09789977
0.0985787
0.097876444
0.097900935
0.09772491
0.09808926
0.097777404
0.09793187
0.09676379
0.09670607
0.096835576
0.09842663
0.096080735
0.096906215
0.096387856
0.09660542
0.09724265
0.09731255
0.09727313
0.0973846
0.09750132
0.09730015
0.097420655
0.09728715
0.09819773
0.09805971
0.09718708
0.097405575
0.09723689
0.09721038
0.097961836
0.09713734
0.09607758
0.096990794
0.097625755
0.096861884
0.09692299
0.097093664
0.09700723
0.096910894
0.09611957
0.09692476
0.0973617
0.09787926
0.09755998
0.097391546
0.097041026
0.09720625
0.09732014
0.0963166
0.097385846
0.09774173
0.0985604
0.09828636
0.098834366
0.09854751
0.09740384
0.09848809
0.09905913
0.098154835
0.09858553
0.09817218
0.09955898
0.098769784
0.09847265
0.09878416
0.099385925
0.098258354
0.0996422
0.09842882
0.09903434
0.09893934
0.0984654
0.098346755
0.09754312
0.09755251
0.0980378
0.09817513
0.09829108
0.09761592
0.09845399
0.09764705
0.09835154
0.09897577
0.09771966
0.09799211
0.097402506
0.097030535
0.097111106
0.09696722
0.09693404
0.096626274
0.097495675
0.09720399
0.09751287
0.09709658
0.09787468
0.0976418
0.09878631
0.097698204
0.0982101
0.09764552
0.097721435
0.09881322
0.09785869
0.09776097
0.09809317
0.09730167
0.0972086
0.09697181
0.097792454
0.09695785
0.09797472
0.09754651
0.096779585
0.09763893
0.09799917
0.09779175
0.09751265
0.09697563
0.09709379
0.09734162
0.09722777
0.09717258
0.09686186
0.097354084
0.096708916
0.09756133
0.09698772
0.09736291
0.09621078
0.09808781
0.09772344
0.09709556
0.096147686
0.09702613
0.096650854
0.0976917
0.09732656
0.0970963
0.097370625
0.09714056
0.0972525
0.09665536
0.09735958
0.09703045
0.09705819
0.09724272
0.09698385
0.09705321
0.09656844
0.09769065
0.09741193
0.09739085
0.097426645
0.097328804
0.09783497
0.0967009
0.09729151
0.09698445
0.09589684
0.09698152
0.097345784
0.09714593
0.097637676
0.09760475
0.09749739
0.097105645
0.09651953
0.0971783
0.09659961
0.09674446
0.09696221
0.09771517
0.09698004
0.09737069
0.09689141
0.09646616
0.09666027
0.09669163
0.09726402
0.09661176
0.096557766
0.09622527
0.09647192
0.09720899
0.097441845
0.09806668
0.09696242
0.0972868
0.09705839
0.09638622
0.09720384
0.095874965
0.097464144
0.097737305
0.09776766
0.097324535
0.096846014
0.09690357
0.09666033
0.09703591
0.096206434
0.096371666
0.09763698
0.097006656
0.09847013
0.096932165
0.09812048
0.097410165
0.097013205
0.09675009
0.09737386
0.09702607
0.09689374
0.09670164
0.096898116
0.096668325
0.09609487
0.0961063
0.0971437
0.097049356
0.09657674
0.09760881
0.09629813
0.09616237
0.0974739
0.096668646
0.09631559
0.09668341
0.09699383
0.097097255
0.09668831
0.0967102
0.097228386
0.09685604
0.096343435
0.097627535
0.09655816
0.096262276
0.09598824
0.09715291
0.09646094
0.09694065
0.09609878
0.09593084
0.09596326
0.09579128
0.09602984
0.09587333
0.096382864
0.095832415
0.09516491
0.095523186
0.09559398
0.096274845
0.09722608
0.097371645
0.0969935
0.09770849
0.097750224
0.09828314
0.09702672
0.0968487
0.09611971
0.0961718
0.09514854
0.096160986
0.0960879
0.095731094
0.09650502
0.09612187
0.09673589
0.096809946
0.09651536
0.096803635
0.095889665
0.09551167
0.09557696
0.09561546
0.09595659
0.09650321
0.09576281
0.09573354
0.09573725
0.09590792
0.09524399
0.095829844
0.09554066
0.096511886
0.0950176
0.09598427
0.096438415
0.09557111
0.095661804
0.09569744
0.09583868
0.09529985
0.0954717
0.094925836
0.0953465
0.09509577
0.09617604
0.09575459
0.09585891
0.09622303
0.095762685
0.0970103
0.09615129
0.09593973
0.0963196
0.09508953
0.096402206
0.09487661
0.09627081
0.096632406
0.09531182
0.09543189
0.09692866
0.09550254
0.09670695
0.09656457
0.09570313
0.09667258
0.097960554
0.09732974
0.09781275
0.0988479
0.100229904
0.09959247
0.09921383
0.098101474
0.09869174
0.09888762
0.09818187
0.09866237
0.09941663
0.099339284
0.09935617
0.09750709
0.09896107
0.09873955
0.09801376
0.097897716
0.09748929
0.09794457
0.098199286
0.09619303
0.09807889
0.09750955
0.097301774
0.097584315
0.09815809
0.097940244
0.098200075
0.09791305
0.09842017
0.09714017
0.097345956
0.09821789
0.09722895
0.09750407
0.09700462
0.09672265
0.09727089
0.09622285
0.09735939
0.09672684
0.09685245
0.096534856
0.09666837
0.0972681
0.09666472
0.096942596
0.09589781
0.09657929
0.09727722
0.09685275
0.09631143
0.09638771
0.09644884
0.096125536
0.096700095
0.09618188
0.09719579
0.09631216
0.095929265
0.09654972
0.09570469
0.09708972
0.096332364
0.09717525
0.09677098
0.09722799
0.09684123
0.09666715
0.09673769
0.09659249
0.096518055
0.09678119
0.096363485
0.096151195
0.09716427
0.09609216
0.09665201
0.096147925
0.09630481
0.09649171
0.09651768
0.0961073
0.09572797
0.096077085
0.096248396
0.09551024
0.09641254
0.095974945
0.09595611
0.09611656
0.09613966
0.09679682
0.096416526
0.097466595
0.09529909
0.09728326
0.095996514
0.096874975
0.097083725
0.0957163
0.0958874
0.09584024
0.0969976
0.09590617
0.09584481
0.096549265
0.09588106
0.097103454
0.095994726
0.0959282
0.096678436
0.096317425
0.096278965
0.09754614
0.09712935
0.09709236
0.097064264
0.09781854
0.096992925
0.09639182
0.09607906
0.0959439
0.09772011
0.096903205
0.09698325
0.09654665
0.09673389
0.09686525
0.097291075
0.09631393
0.096179284
0.09673445
0.095506765
0.09661824
0.09569399
0.09589383
0.09605505
0.0963529
0.09594679
0.096739806
0.09647321
0.09680943
0.095704764
0.095357805
0.09587199
0.09598444
0.09661607
0.09641146
0.09654114
0.09642804
0.09776386
0.09600348
0.0950588
0.09592185
0.09595148
0.09702755
0.09616867
0.09635378
0.09588499
0.096312195
0.09557439
0.09683166
0.09622028
0.09693531
0.09627815
0.09623874
0.09702493
0.0980276
0.09670574
0.09725142
0.09594729
0.096579954
0.09711309
0.09645636
0.0963527
0.09612969
0.096745364
0.0970696
0.09672987
0.096236914
0.09750662
0.096847236
0.09731821
0.09659998
0.09659719
0.096580036
0.09603314
0.094206095
0.09633376
0.09636606
0.095784456
0.0976187
0.096198484
0.09652551
0.09784254
0.09661312
0.09661904
0.09759326
0.097029515
0.097087584
0.09695936
0.09675427
0.097004496
0.09799289
0.096568555
0.09637343
0.09688613
0.09568218
0.09621698
0.096925385
0.097179525
0.09647269
0.09584263
0.09650626
0.09564556
0.09534054
0.09612464
0.096182495
0.09635083
0.09659472
0.09625128
0.09683808
0.09636857
0.09574522
0.0959023
0.096267894
0.096904255
0.09664201
0.096650794
0.09659381
0.096628785
0.0965996
0.09598985
0.09602497
0.09593039
0.095757775
0.09622085
0.09692401
0.0968622
0.096315324
0.09639537
0.09770041
0.09688497
0.09568435
0.09536354
0.09597743
0.09626289
0.09540093
0.09606392
0.0960695
0.09558476
0.09528183
0.09571389
0.09624798
0.09644991
0.095262736
0.09580867
0.09596399
0.09659966
0.095521584
0.09515149
0.09511302
0.09590763
0.095527194
0.09583687
0.09574506
0.09635944
0.09569299
0.0956202
0.09565952
0.094448574
0.09599822
0.095784694
0.09543197
0.09580424
0.09604806
0.09501172
0.0957659
0.09548146
0.09623487
0.09567969
0.095348716
0.095308945
0.096092284
0.09505289
0.095744155
0.094714515
0.0955579
0.09655788
0.09691639
0.09665699
0.09595572
0.09625821
0.09555431
0.095905654
0.09585659
0.096237026
0.096218914
0.09646828
0.09558892
0.096326254
0.09626866
0.09700676
0.09751195
0.09632911
0.09659268
0.097245775
0.09737667
0.09662341
0.09716893
0.097223
0.09637437
0.09584544
0.09647492
0.09604919
0.09642956
0.09661766
0.09721203
0.095847085
0.096702784
0.09698073
0.09641877
0.096269436
0.096463874
0.095859386
0.09635937
0.095773846
0.0958814
0.09639747
0.09628172
0.09593498
0.09602689
0.096406735
0.09602749
0.09519355
0.09666583
0.095905356
0.09596557
0.096317664
0.09590059
0.09561719
0.09568423
0.09582263
0.09599265
0.096257016
0.095362194
0.09482497
0.096049115
0.09494145
0.09475071
0.0953439
0.09601974
0.095300585
0.09520906
0.09496443
0.095998675
0.096024156
0.09619219
0.09492377
0.09511566
0.09500452
0.09538416
0.09571819
0.09582458
0.095182106
0.095392026
0.09511932
0.095861055
0.096010834
0.09519815
0.094972014
0.095502764
0.094526835
0.096226506
0.09460879
0.095918134
0.095113054
0.094883405
0.09565443
0.094833985
0.09496468
0.09449894
0.09599316
0.094477594
0.09548687
0.095350526
0.0957509
0.095201634
0.0959353
0.095403664
0.095187284
0.096747234
0.09606101
0.095852315
0.09610817
0.094959036
0.095724605
0.09585006
0.09553083
0.095446035
0.09530907
0.09477144
0.09502834
0.09571502
0.09496677
0.09582277
0.095829256
0.09520513
0.09620499
0.09560422
0.09518937
0.09622178
0.0953757
0.09599366
0.09526158
0.09607791
0.09555472
0.09591053
0.094931774
0.09618183
0.09615541
0.09606453
0.096361905
0.09626123
0.095926605
0.0959474
0.09620461
0.095738545
0.09648185
0.09594315
0.09588223
0.09583598
0.0955827
0.09534327
0.09683751
0.09628499
0.09530216
0.09653615
0.09643509
0.09601549
0.09565664
0.095859244
0.09590688
0.095833324
0.09544142
0.096751936
0.09692096
0.09731578
0.09628968
0.095740944
0.09669608
0.09583784
0.09666221
0.09596992
0.09474675
0.09473238
0.09588532
0.095934674
0.09639132
0.095460385
0.09618062
0.09565392
0.095274895
0.095781796
0.09593398
0.096534446
0.095823936
0.096483536
0.09796466
0.09755688
0.09716827
0.09611536
0.09661255
0.0961729
0.09635076
0.096252635
0.096348695
0.09635259
0.09672957
0.09610521
0.09602441
0.09736818
0.09698642
0.096586026
0.09637838
0.09643606
0.09584309
0.095812
0.09693489
0.09635652
0.09602058
0.09652056
0.095363915
0.09602628
0.09609294
0.09651375
0.09701221
0.096665435
0.096947975
0.09630803
0.09795821
0.096105434
0.09650509
0.09801503
0.096732974
0.09694008
0.09635723
0.09798801
0.0965784
0.09586003
0.096759826
0.09660928
0.09689158
0.09740609
0.09549593
0.09673576
0.09626391
0.09679921
0.09664569
0.09687217
0.096838064
0.09759008
0.09768342
0.09632205
0.09715756
0.09723541
0.095567696
0.09725889
0.09623591
0.09586133
0.09683673
0.0971714
0.096755914
0.09613273
0.09601678
0.096205875
0.095813125
0.09786802
0.09639118
0.097309895
0.09656289
0.097863294
0.09669546
0.09762625
0.09668179
0.09690614
0.096104704
0.09584567
0.09530506
0.096095294
0.09699549
0.09714359
0.098129645
0.096513055
0.09757006
0.09690614
0.09751053
0.09681425
0.09676302
0.096823685
0.095955804
0.0962969
0.09706994
0.09693158
0.09603319
0.096998475
0.0967821
0.09675373
0.09711521
0.096631624
0.0967097
0.09760992
0.09849302
0.09877536
0.09883562
0.09886186
0.098020464
0.098301314
0.09926484
0.09828413
0.09828787
0.09892768
0.09888324
0.09832146
0.098509245
0.098192394
0.09876699
0.0981981
0.09892181
0.09914441
0.09844785
0.09846486
0.09952784
0.09939878
0.09869585
0.098610125
0.09898943
0.09861846
0.09880763
0.09913892
0.09859961
0.09767142
0.098377496
0.098167315
0.09827695
0.097654745
0.09771071
0.097698025
0.097309485
0.09716746
0.09793501
0.09855754
0.098002344
0.097382426
0.09720366
0.09768636
0.098528534
0.09873415
0.09901746
0.09885757
0.09825005
0.09859168
0.09930923
0.09782585
0.0975493
0.098005
0.098193064
0.09909556
0.09833564
0.0976915
0.09855778
0.098763935
0.09779242
0.09794339
0.09790435
0.09860124
0.09775156
0.097959764
0.09758127
0.097990505
0.09818852
0.09830863
0.098505534
0.09876411
0.09842733
0.098595016
0.09792417
0.097614564
0.09776487
0.09727761
0.09757117
0.09762774
0.09717196
0.0981106
0.09756446
0.09705696
0.09712077
0.09691783
0.097394764
0.09763769
0.0972183
0.09677224
0.09714375
0.09602323
0.09677272
0.09741791
0.096164785
0.09723168
0.09601605
0.09682503
0.096720725
0.09659758
0.09634751
0.096813835
0.09733873
0.09571079
0.096021034
0.09613699
0.09688893
0.09645295
0.09620326
0.09657469
0.0965859
0.09617753
0.09676185
0.09635657
0.09666074
0.09574878
0.09641705
0.09665067
0.095903195
0.09647041
0.09575773
0.09595291
0.09642424
0.096732534
0.09613198
0.096468545
0.09571788
0.09626121
0.0962528
0.095231354
0.0964814
0.09658178
0.09632867
0.09620561
0.09632178
0.09603019
0.0972124
0.096524976
0.095773876
0.09664983
0.09704617
0.09597427
0.09663242
0.09644007
0.09645114
0.09636889
0.09662489
0.09767346
0.0974083
0.09704567
0.09719532
0.09622964
0.095813796
0.09626513
0.09611291
0.09617807
0.09676331
0.09665948
0.098126985
0.09732954
0.0973156
0.09735122
0.09780948
0.09729928
0.09733333
0.097978875
0.09788065
0.09707409
0.09737425
0.097691
0.09685448
0.096851796
0.09717457
0.09613869
0.096360326
0.095062844
0.09596638
0.095771275
0.096410945
0.096313685
0.09574449
0.09569117
0.096384086
0.095953695
0.096915245
0.09736957
0.095351495
0.09545082
0.09509236
0.09525763
0.094688006
0.095283344
0.09512305
0.09539616
0.09433253
0.09580371
0.09630661
0.09657824
0.09525888
0.095519945
0.09548634
0.09594398
0.09609329
0.097108565
0.09661255
0.09610323
0.0958208
0.095881306
0.09532004
