===================== Time: [Thu Aug 11 17:36:33 2022] ========================0.11801422
0.12183874
0.122698404
0.12349706
0.119461566
0.11778317
0.11833864
0.11885215
0.11803422
0.117342256
0.11863168
0.11847591
0.11965896
0.118271545
0.11957993
0.11976516
0.118437864
0.11889139
0.1189707
0.11916114
0.119842075
0.121923804
0.12309931
0.121905066
0.12103703
0.11816803
0.119609475
0.1191128
0.1187465
0.11889302
0.117519766
0.11756306
0.11835847
0.11955556
0.11850039
0.118164524
0.11839443
0.1188448
0.11881641
0.11660111
0.11679642
0.11704562
0.115664124
0.11478485
0.11407956
0.11454168
0.11428254
0.11516746
0.11605741
0.11420735
0.115578406
0.11466646
0.113748856
0.11469207
0.11356131
0.113716416
0.11175567
0.11440399
0.11470445
0.113926925
0.113168895
0.11341003
0.11314903
0.11288364
0.11210859
0.11280938
0.11355539
0.11317481
0.113115154
0.113057636
0.11266474
0.11223264
0.11252283
0.112567715
0.11248277
0.11173071
0.11114968
0.11177743
0.112064354
0.112738
0.111625455
0.11127515
0.11200435
0.112111524
0.11172248
0.11246369
0.112329364
0.111435235
0.11119325
0.11143803
0.11174656
0.11291555
0.112224504
0.11124796
0.11059013
0.11161106
0.111250885
0.111822985
0.11067623
0.11097824
0.11180588
0.1106123
0.11062936
0.111714706
0.11096748
0.11201019
0.10992785
0.1110844
0.110100895
0.1100858
0.110319786
0.11047427
0.11029584
0.110556506
0.11044412
0.10986282
0.11063428
0.11089678
0.11085074
0.109878235
0.11095863
0.110716924
0.11152448
0.110103324
0.11085719
0.10935156
0.11017477
0.11077674
0.11062596
0.11046451
0.11127027
0.11016457
0.111877896
0.11126765
0.10991395
0.11031133
0.11019734
0.109872684
0.10937779
0.11007806
0.11016731
0.110902525
0.11039845
0.11085833
0.11102987
0.10994758
0.11037674
0.11006175
0.110598475
0.11076297
0.110374294
0.109873794
0.109922685
0.109773114
0.11040282
0.108709864
0.10945325
0.10949315
0.10957752
0.1088749
0.10847997
0.109805495
0.10963265
0.11010703
0.11057317
0.1091591
0.10852572
0.1084293
0.11002538
0.1090587
0.109558426
0.10801252
0.10908903
0.108409666
0.10856865
0.10889467
0.108650506
0.10878152
0.108750425
0.10842295
0.10894035
0.11028365
0.10875678
0.108328156
0.10855903
0.10776493
0.10778809
0.10752477
0.10786386
0.107216015
0.1090319
0.107345715
0.108300135
0.1075637
0.10832407
0.10786439
0.10758003
0.10825932
0.10775481
0.108208045
0.10723771
0.107207246
0.10771791
0.1090093
0.10947736
0.11043862
0.11004592
0.10934528
0.109051235
0.10784517
0.10732669
0.10811796
0.108385906
0.107912265
0.10736851
0.10778655
0.10763746
0.10772162
0.107396044
0.10756614
0.10850292
0.108507276
0.10775562
0.10731667
0.10708859
0.10940465
0.10848754
0.107715294
0.107838705
0.1078355
0.1071878
0.10711575
0.10755083
0.10733475
0.10722238
0.10783423
0.10811203
0.10782291
0.10775794
0.10889381
0.108132556
0.10708968
0.10824573
0.10830456
0.10727262
0.10711561
0.108353466
0.10656783
0.10862469
0.111126624
0.11160139
0.11277873
0.11429694
0.11261873
0.11396326
0.11070982
0.11039441
0.10945075
0.10916973
0.10973144
0.110858716
0.11173032
0.110532306
0.11157998
0.111631334
0.11152244
0.10997325
0.11004776
0.110189185
0.11106601
0.10950669
0.109902225
0.11103755
0.109850205
0.11081386
0.110684015
0.11065369
0.10977458
0.10973727
0.11061523
0.11005129
0.10937847
0.10934697
0.10944145
0.10937274
0.10982193
0.10941293
0.108511865
0.10796805
0.10885145
0.10790565
0.10749641
0.1082368
0.10734147
0.10722316
0.107732765
0.108178094
0.10670429
0.106974766
0.10824632
0.10868281
0.11138262
0.11176579
0.11058315
0.11013345
0.11011565
0.11035689
0.110791676
0.11024893
0.110961825
0.11099019
0.11176747
0.11164475
0.11011622
0.10971316
0.11048768
0.109279275
0.10961034
0.110401616
0.11052995
0.108911045
0.1094803
0.10873853
0.10880937
0.109934494
0.10886457
0.10756797
0.10835874
0.10768508
0.107519105
0.10821125
0.106949635
0.10712443
0.10709679
0.10727265
0.10814634
0.10691133
0.10779625
0.10735779
0.10817198
0.10630634
0.107135795
0.10756899
0.107316054
0.10740052
0.106733546
0.10725303
0.10842823
0.10829374
0.108211145
0.10790015
0.10810948
0.10807271
0.108106144
0.107262775
0.10738487
0.10725029
0.10664154
0.105880134
0.10738518
0.10692073
0.106049076
0.10702817
0.10678087
0.10687934
0.105779
0.10750279
0.10640296
0.107222065
0.10584968
0.106633656
0.106726356
0.106674686
0.10596883
0.10659748
0.10656418
0.10618241
0.10684742
0.10622961
0.10523132
0.10621752
0.10612791
0.107387476
0.106326126
0.10663489
0.10655292
0.10581624
0.10661188
0.10660285
0.10534604
0.1050585
0.10518107
0.10567754
0.10649842
0.10591591
0.1058824
0.10647524
0.10608203
0.105986364
0.10498064
0.10577342
0.10610809
0.10624126
0.10664879
0.10655248
0.10545262
0.10616739
0.10562879
0.105790734
0.106487855
0.10705015
0.106446564
0.10519337
0.10585504
0.10569043
0.106520824
0.10644343
0.105707064
0.105817385
0.10710867
0.10710602
0.10522452
0.10560736
0.10544402
0.10562421
0.10527589
0.10577193
0.105542555
0.10608494
0.10483641
0.1053738
0.10475253
0.10433804
0.10436189
0.104824886
0.10539365
0.106009826
0.10660461
0.105687365
0.10691873
0.1056501
0.10484775
0.10629162
0.10536995
0.10452279
0.104226075
0.10496124
0.104796655
0.105007775
0.104677066
0.10474781
0.10332114
0.10487191
0.104588896
0.10406465
0.10428607
0.103966296
0.104227066
0.10457672
0.10506126
0.10514882
0.105530664
0.10391089
0.104013324
0.10451848
0.10471363
0.10359278
0.10545015
0.104791164
0.104640186
0.105566226
0.105078965
0.10529641
0.10534894
0.10541611
0.1051431
0.10493412
0.10534834
0.10511225
0.10393555
0.105191916
0.105037
0.10533012
0.10449361
0.10464787
0.10471435
0.105329074
0.105443925
0.10528983
0.104979485
0.10443095
0.10485332
0.10563011
0.10564692
0.10536006
0.10438973
0.107466586
0.10773149
0.10963342
0.10938628
0.10754286
0.10895174
0.10957562
0.10974864
0.10969671
0.10888653
0.10879721
0.10773181
0.10777204
0.1071968
0.10774161
0.10889524
0.107880965
0.10830769
0.108156525
0.10901633
0.10821785
0.109205805
0.11079115
0.1090532
0.107627824
0.10802631
0.10795673
0.10818013
0.10817959
0.10830438
0.10713529
0.10721775
0.107315354
0.107048556
0.10643234
0.10713721
0.1080289
0.10673016
0.106962554
0.10651365
0.10709496
0.107959494
0.10781023
0.10629007
0.10844796
0.10856493
0.10857695
0.110330544
0.11034017
0.10801227
0.10782154
0.10601658
0.10506548
0.10693446
0.10824064
0.10816714
0.10838522
0.10880374
0.10930187
0.10904903
0.10870114
0.109095655
0.10807229
0.107830435
0.107226126
0.10843001
0.10809398
0.107488096
0.10771465
0.10780345
0.107603855
0.10785385
0.107204005
0.10588834
0.10652958
0.10655051
0.10736841
0.10785318
0.10765034
0.107699424
0.10778143
0.108667016
0.1088039
0.10748208
0.10747862
0.10680087
0.10735978
0.106536396
0.10669631
0.108637676
0.1077174
0.10713259
0.10673692
0.10680782
0.10620591
0.10634649
0.10548454
0.10583753
0.10590864
0.105268195
0.10452214
0.10424288
0.10583808
0.10629307
0.10519828
0.1053261
0.10416098
0.104503036
0.1051251
0.10415522
0.105099395
0.10643173
0.105919495
0.10478871
0.10345673
0.10385865
0.10445294
0.10423075
0.10380954
0.10418206
0.1030894
0.102743305
0.1034301
0.103178404
0.10325868
0.10277957
0.1029216
0.104138106
0.10329779
0.10430271
0.10351112
0.10242975
0.10244563
0.10301384
0.10348138
0.10274055
0.10161856
0.10246427
0.10267003
0.1029235
0.1024056
0.10313398
0.1028793
0.102660246
0.103660524
0.103534035
0.10353785
0.10553559
0.106599264
0.10612232
0.106614195
0.104037955
0.103819
0.10347838
0.103255995
0.10370421
0.10341449
0.10401832
0.103514716
0.1038224
0.105255514
0.10491764
0.10471816
0.10425807
0.10402937
0.104959905
0.1052202
0.1055382
0.10632421
0.10510865
0.105995655
0.10575254
0.10523193
0.10540582
0.105040655
0.10490477
0.10585591
0.104920425
0.10361793
0.10223313
0.1033737
0.10318059
0.102126084
0.10263384
0.10283366
0.102253154
0.10351593
0.10431449
0.10424686
0.10401895
0.10310384
0.10281064
0.10334073
0.103228986
0.103372425
0.10272926
0.101899855
0.10259605
0.10229906
0.102284506
0.10265214
0.10234539
0.101485185
0.1029992
0.102143295
0.10171146
0.10359328
0.10378284
0.1039689
0.10232752
0.10209983
0.102150925
0.10311229
0.10248261
0.104150474
0.10433651
0.103490435
0.1030215
0.10266169
0.10385256
0.10332702
0.10303198
0.10204391
0.10254486
0.10284818
0.10299073
0.10208598
0.10240662
0.10269265
0.10187849
0.102508985
0.101768516
0.102276124
0.10263585
0.10205018
0.10330916
0.10229653
0.10192446
0.10156152
0.101597935
0.10274334
0.10092043
0.10153076
0.10191702
0.10184397
0.10177107
0.10200635
0.10193154
0.10320688
0.1032328
0.1036824
0.10292808
0.10186616
0.10171009
0.10209071
0.102204174
0.10254557
0.10245948
0.10201165
0.10177066
0.10282081
0.102085315
0.10148093
0.100423805
0.10204474
0.101556934
0.101169735
0.10141893
0.10250021
0.101052165
0.10157638
0.10198319
0.10165753
0.100741796
0.10120218
0.10094386
0.1009468
0.10121119
0.10140148
0.10104088
0.100966044
0.10106804
0.10179127
0.101461776
0.101580724
0.10205552
0.10217953
0.101935305
0.102216214
0.10160866
0.101869576
0.10181623
0.10261175
0.1033488
0.10254851
0.102155864
0.10294813
0.10271386
0.102230206
0.10212778
0.10191345
0.10073162
0.10196308
0.10143467
0.1014541
0.10239783
0.10183659
0.10250941
0.1022311
0.102965616
0.10367604
0.10369568
0.1028099
0.10248088
0.10472377
0.10416217
0.104123965
0.10420151
0.10197999
0.10205139
0.104023844
0.10429655
0.10400592
0.10276407
0.10275992
0.103159964
0.10291704
0.10330068
0.10375882
0.10383324
0.10391409
0.10357493
0.10334761
0.10287296
0.102037065
0.10197169
0.1020961
0.102615565
0.10344085
0.1018291
0.10201499
0.101540156
0.10114619
0.10106353
0.101561554
0.101839095
0.102527186
0.10149945
