===================== Time: [Thu Aug 11 15:36:43 2022] ========================0.030705936
0.030101607
0.029267736
0.029748218
0.029058037
0.029211294
0.028576976
0.02810822
0.028079124
0.027661255
0.027367188
0.027406892
0.027049001
0.027651442
0.028387835
0.028578551
0.028183745
0.028584927
0.02862241
0.028068274
0.02798784
0.028095532
0.027630012
0.027605202
0.027193364
0.026965724
0.02691059
0.027171247
0.027247768
0.026620803
0.026759598
0.026688728
0.026677748
0.026865823
0.02700782
0.027022837
0.027378937
0.02725159
0.027022228
0.026777007
0.027049484
0.027040763
0.027117537
0.027408732
0.027888205
0.027655277
0.027262092
0.02730408
0.027607491
0.027395435
0.027481653
0.027407544
0.027195634
0.027020223
0.026648376
0.02648924
0.026158541
0.026335211
0.026337706
0.026260493
0.026273431
0.026462143
0.026110511
0.026074301
0.026210865
0.026306793
0.026287131
0.02613925
0.026019435
0.025881462
0.025890784
0.025753899
0.026147788
0.026492594
0.026211187
0.025809644
0.02647655
0.026157798
0.026025366
0.02582462
0.025948225
0.025758108
0.025682438
0.025806922
0.025825493
0.025826422
0.025848454
0.02558216
0.025940469
0.026160458
0.026498795
0.026151482
0.02629896
0.025868246
0.025856301
0.025796248
0.025559515
0.025625832
0.025657564
0.025636211
0.025693938
0.0256377
0.025573306
0.025684752
0.025644753
0.025557147
0.025675938
0.025950031
0.025893662
0.025895415
0.026142292
0.026394181
0.025980515
0.025730707
0.025800059
0.025774647
0.0256363
0.02574503
0.025629712
0.025777224
0.025968652
0.025969634
0.025744148
0.026110506
0.026419785
0.026224472
0.0264095
0.026285777
0.027077274
0.027627544
0.027062565
0.027116146
0.027021037
0.026849732
0.026534874
0.026812255
0.026601588
0.026533464
0.025856044
0.025878033
0.025914622
0.026151424
0.026249874
0.026065616
0.025767675
0.025648642
0.025630407
0.025622856
0.025778374
0.025735833
0.025724357
0.025528107
0.025660124
0.0257006
0.025557376
0.025512785
0.02534855
0.025561139
0.025578871
0.025439981
0.025396984
0.02517922
0.02531468
0.025403814
0.025505167
0.025193198
0.0253122
0.025148189
0.024997357
0.025219025
0.025237542
0.025628582
0.025621995
0.025335407
0.0254665
0.02487457
0.02514318
0.02529177
0.025279002
0.025067197
0.025280336
0.025307534
0.025003817
0.025244676
0.025358804
0.025367925
0.025761828
0.025556304
0.025499482
0.024887614
0.025090246
0.025167676
0.025080565
0.025405813
0.02555672
0.025677253
0.025190892
0.025058428
0.025175666
0.025134163
0.025007665
0.02500931
0.025243085
0.025108632
0.025149386
0.025247123
0.025487214
0.025622923
0.025444461
0.02520288
0.02501034
0.024608538
0.02464861
0.024835736
0.024888383
0.024872562
0.024882048
0.025016364
0.024915108
0.024760308
0.024748549
0.024681872
0.024847189
0.024694638
0.024620542
0.024674242
0.024700452
0.02466904
0.024456002
0.024687976
0.024420775
0.024417683
0.024327189
0.024341676
0.024377549
0.024321808
0.024245653
0.024109427
0.024160406
0.024226446
0.024264896
0.024411773
0.024458468
0.024441397
0.024380434
0.02433964
0.024212055
0.02421866
0.024042884
0.023990579
0.024250576
0.023991171
0.023981784
0.024114653
0.024152888
0.024121342
0.02412223
0.024069391
0.024122458
0.024218882
0.024056062
0.024026742
0.024150673
0.024221629
0.024251806
0.024434997
0.024280718
0.024251098
0.024195096
0.024106383
0.024036122
0.02406148
0.024180649
0.024410166
0.024096197
0.024193268
0.024009535
0.024066597
0.02403898
0.024034077
0.023912312
0.02395229
0.024229543
0.024182377
0.024032932
0.024067307
0.024228573
0.02404646
0.024126083
0.023934135
0.02401653
0.024124902
0.023920195
0.02399585
0.024016699
0.023839964
0.024054015
0.023978455
0.023899473
0.02375028
0.023887796
0.02385689
0.023850637
0.023841826
0.023957442
0.023869937
0.023742594
0.023756701
0.023759756
0.023799397
0.023972278
0.023989055
0.023966426
0.023970325
0.024096617
0.024346583
0.024564207
0.024307853
0.024051012
0.024104178
0.024116589
0.024192601
0.024102459
0.024092346
0.023970615
0.023947788
0.023946624
0.023796638
0.02383448
0.02375457
0.023548048
0.023561332
0.023568008
0.023565453
0.02372318
0.023790222
0.023753999
0.023807924
0.023937298
0.023901686
0.023966337
0.023986662
0.023901729
0.02390555
0.023820627
0.023661798
0.023677621
0.02379815
0.023879828
0.023998424
0.023953473
0.024090467
0.02414357
0.024192045
0.024116516
0.02425277
0.024157317
0.024047809
0.024415458
0.024283454
0.0239915
0.023941264
0.023950065
0.023701355
0.023805598
0.024010694
0.023947045
0.023905419
0.023781558
0.024017254
0.023909474
0.023916371
0.024042306
0.02386619
0.023817204
0.023800354
0.023910465
0.023918668
0.023914685
0.023948211
0.023956161
0.02390333
0.02390816
0.023704123
0.0237622
0.023862524
0.023816755
0.0236309
0.023727695
0.0236945
0.023687463
0.023754055
0.02364387
0.023658257
0.023675455
0.023721596
0.023831233
0.02355253
0.023669185
0.023712255
0.023550538
0.023675475
0.023580737
0.0234552
0.02372256
0.023555944
0.023579145
0.023658805
0.023571977
0.023444936
0.023510622
0.023523683
0.02337461
0.023413155
0.023503529
0.023386499
0.023468139
0.023580708
0.023672156
0.02361072
0.023648769
0.023581423
0.023660978
0.023647161
0.023476725
0.023523385
0.023282161
0.023350932
0.023291219
0.023364501
0.02326592
0.023491375
0.023661265
0.023659712
0.023700718
0.023495715
0.023617027
0.023663346
0.023757393
0.023610566
0.023721037
0.023671977
0.023511114
0.023460954
0.023509607
0.023412347
0.023872038
0.024012256
0.024018822
0.024013916
0.02419951
0.024074383
0.024129134
0.024069048
0.02388683
0.0238313
0.023946742
0.023697501
0.023706537
0.023726562
0.023826322
0.023786455
0.023770163
0.023682117
0.02357346
0.023589334
0.023675146
0.02331687
0.0237362
0.023524497
0.02368035
0.023668943
0.023620298
0.023414364
0.023310117
0.023526346
0.023279522
0.02321427
0.023357647
0.023365675
0.023443481
0.023371976
0.023532448
0.023421887
0.023541247
0.02337779
0.023219295
0.023260582
0.02352905
0.02317302
0.023348633
0.023226539
0.023008661
0.023180375
0.0231677
0.023086227
0.023144417
0.023217896
0.023221582
0.02312772
0.023105925
0.023071844
0.023087451
0.02307844
0.022967944
0.022959469
0.022847455
0.02301976
0.02302941
0.02298553
0.023091093
0.023020767
0.022903774
0.02292318
0.022945382
0.023061164
0.023106337
0.023176266
0.023103775
0.023158563
0.023278806
0.02329754
0.023307785
0.023368472
0.02346983
0.023369592
0.023301443
0.023398818
0.023565063
0.023572661
0.02349945
0.023324702
0.023131162
0.023021592
0.02301204
0.0231182
0.023149075
0.022897523
0.022916922
0.023098944
0.023200521
0.023260657
0.023092337
0.02319946
0.023289332
0.02301303
0.023038305
0.022971807
0.023075348
0.022919176
0.02297399
0.023009716
0.022957318
0.02302534
0.02294089
0.022892319
0.023023045
0.022884551
0.02293383
0.022878084
0.022761231
0.022852572
0.022906242
0.022862338
0.022912603
0.02292674
0.022976741
0.023036717
0.022862533
0.022814825
0.023016812
0.022979587
0.023024978
0.023127943
0.023177417
0.02323572
0.023265857
0.023351213
0.023307923
0.023288958
0.02306366
0.023106683
0.023023019
0.02285625
0.023047863
0.022915317
0.022946494
0.022899777
0.022852441
0.022926101
0.022935499
0.022946578
0.022952322
0.022894697
0.023055494
0.02281509
0.022737226
0.022868175
0.022963572
0.022692934
0.022709241
0.022737378
0.02287467
0.022793485
0.022663753
0.02259291
0.02272536
0.022605496
0.022743879
0.022799397
0.02283213
0.022743532
0.022743732
0.022676546
0.022624686
0.022628894
0.02262248
0.022667902
0.022519756
0.022664748
0.022769628
0.022916207
0.022758918
0.022598851
0.02260856
0.022830779
0.022841398
0.022902697
0.023111409
0.02297576
0.022868654
0.022923695
0.02294763
0.022732744
0.022669178
0.022983694
0.02299855
0.022943154
0.02287998
0.023026995
0.02286222
0.022899056
0.02286985
0.023097545
0.022886667
0.022764103
0.022735942
0.022596844
0.022559077
0.022641469
0.022553788
0.022637766
0.022669604
0.022442779
0.022556374
0.022564137
0.022814855
0.022581717
0.02252383
0.022465289
0.022694983
0.02277163
0.02274642
0.022759696
0.02264554
0.022831822
0.022925131
0.022981435
0.02286501
0.022619015
0.022648254
0.022664981
0.022752294
0.02280615
0.022716856
0.02266377
0.02264905
0.022742601
0.022843374
0.022885544
0.022855518
0.023050742
0.022963397
0.023228234
0.023049984
0.02292885
0.02265467
0.022912605
0.02287105
0.022820164
0.022675663
0.022593368
0.022570282
0.022540178
0.022507675
0.022760412
0.022801591
0.022774823
0.022615395
0.022670317
0.022491217
0.02263649
0.022689002
0.022632597
0.02247021
0.022476438
0.02237518
0.02243627
0.022467515
0.02249458
0.02243383
0.022488147
0.022571675
0.022406071
0.022500549
0.022466335
0.022557814
0.022680594
0.022693962
0.022644484
0.022591574
0.022569256
0.022582108
0.022379829
0.02237085
0.022401188
0.022435248
0.022457559
0.022487078
0.022505265
0.022417113
0.022457164
0.022474319
0.022647578
0.02269961
0.022476101
0.022521678
0.022395017
0.022404982
0.022386437
0.022323007
0.022429353
0.022392329
0.022462728
0.022639113
0.02265764
0.022460379
0.022534067
0.02255994
0.022567566
0.022477996
0.02239051
0.022381349
0.02242588
0.02256918
0.022664819
0.022576215
0.022590071
0.022525495
0.022396669
0.022518504
0.022622237
0.022503074
0.022592165
0.0224036
0.022553254
0.022557441
0.022549085
0.022518143
0.022330973
0.022308566
0.022479178
0.022378428
0.022350032
0.022349883
0.02246221
0.022476953
0.022432655
0.022337621
0.022554597
0.0223393
0.022359056
0.022176895
0.02230663
0.022350643
0.022325512
0.022445777
0.022425268
0.022449208
0.022460064
0.02235951
0.022370394
0.02235729
0.022309484
0.022388332
0.022364305
0.022406226
0.02248101
0.022450434
0.02250795
0.022447098
0.022466732
0.022469077
0.022309503
0.022468453
0.022411766
0.022544283
0.022423984
0.022599766
0.02245304
0.022562783
0.022402734
0.022278778
0.022372203
0.022317404
0.022316502
0.02225053
0.02237531
0.022390937
0.022202319
0.0222246
0.022319818
0.02229312
0.022203676
0.022334522
0.022249743
0.022253117
0.022213966
0.022315808
0.022205688
0.022238078
0.022109838
0.02231445
0.022235885
0.022204226
0.022231588
0.022320673
0.022161923
0.022186037
0.022319846
0.022183286
0.022211274
0.022211347
0.02233098
0.022340069
0.022366622
0.022289218
0.022273768
0.022222273
0.022275707
0.022258705
0.022238469
0.022204654
0.022285169
0.022333447
0.022224816
0.022375636
0.022376169
0.02200229
0.022255702
0.022306805
0.022329018
0.022457434
0.022305641
0.022705967
0.02286877
0.022665644
0.022536192
0.02251317
0.02262171
0.022852613
0.022767333
0.022652214
0.022582244
0.02256362
0.02267453
0.022708267
0.022769399
0.02268464
0.022507213
0.022314735
0.022491973
0.022370808
0.022327619
0.022493983
0.02232141
0.022306973
0.022402685
0.022330493
0.02246846
0.022449318
0.022572482
0.022503799
0.0226647
0.022500496
0.022477392
0.02253035
0.022497857
0.022253653
0.02250652
0.022419557
0.022535779
0.022463012
0.022697764
0.022620833
0.022764312
0.02265408
0.022455825
0.022562746
0.022641735
0.022703214
0.022570377
0.02284695
0.022784263
0.022553282
0.022733057
0.022671347
0.022708815
0.022638828
0.022601094
0.022592852
0.022595279
0.022608139
0.02273623
0.022498531
0.022454277
0.022547597
0.022501674
0.022544095
0.022523811
0.02263811
0.022546906
0.02242083
0.022418302
0.022606302
0.022620482
0.022672575
0.022833126
0.022721956
0.022792658
0.022725623
0.022654094
0.022748426
0.022482384
0.022509784
0.022540122
0.022556942
0.022692204
0.022498418
0.02260712
0.022480112
0.022551792
0.022430453
0.022502754
0.022407565
0.022298241
0.022412619
0.022510797
0.022429245
0.02241822
0.022290608
0.022331461
0.022250367
0.022509338
0.022302967
0.022374127
0.022201007
0.022286197
0.022164933
0.022140237
0.022357477
0.022290492
0.022276597
0.022254009
0.022324778
0.022275917
0.022094347
0.022266632
0.022171857
0.022138022
0.022159794
0.022300912
0.022088991
0.022227122
0.022193233
0.022155035
0.022271648
0.021997107
0.022067146
0.022071403
0.0220618
0.022176545
0.022158632
0.022174038
0.022193708
0.022122666
0.022122875
0.022091819
0.022134334
0.022000147
0.022164831
0.022141315
0.022064518
0.022094471
0.022194581
0.022316433
0.022268916
0.02232489
0.022253199
0.022316908
0.02234856
0.022434272
0.022267113
0.022265093
0.0221995
0.022146743
0.022258675
0.022173103
0.02216078
0.02233867
0.022320814
0.02224333
0.02232203
0.022552619
0.02250899
0.02252568
0.022463465
0.022458594
0.022517454
0.022515766
0.022393921
0.0223956
0.0222591
0.022487516
0.02264676
0.022561809
0.022377199
0.022295015
0.022279851
0.022337746
0.022481939
0.022475932
0.02248998
0.022615543
0.022500433
0.022295695
0.022242682
0.022272453
0.022300377
0.022297332
0.022285856
0.022388626
0.022332657
0.022499802
0.022263953
0.022329861
0.02230481
0.02220933
0.022511002
0.022436697
0.022340164
0.022257138
0.022254031
0.022169817
0.022306776
0.022293637
0.022294275
0.022184499
0.022265196
0.022314876
0.022252355
0.02224366
0.022343053
0.02218061
0.022292286
0.022182263
0.022177776
0.022284733
0.022254169
0.022245409
0.022290777
0.022164484
0.022093596
0.022133589
0.02214268
0.022195974
0.022315813
0.022239113
0.022240859
0.022210456
0.02201785
0.022317184
0.02235357
0.022462402
0.022322472
0.022200236
0.02220202
0.022169739
0.022286087
0.022341821
0.022229925
0.022192605
0.022249032
0.022177862
0.02238207
0.022357773
0.022319341
0.02224577
0.022292407
0.022267202
0.02231348
0.022088295
0.022185642
0.02230777
0.022133878
0.022239929
0.022306193
0.022225738
0.022231616
0.02233946
0.022506755
0.022260573
0.022476187
0.022163475
0.022307225
0.02222276
0.022314653
0.022215933
0.022262724
0.022278776
0.022134492
0.022130733
0.022176603
0.022175338
0.022128394
0.022182366
0.022111256
0.022177251
0.022013618
0.021965215
0.021872398
0.022073599
0.02215854
0.022109225
0.022005158
0.022079742
0.021962712
0.022127464
0.022179887
0.022054404
0.022163425
0.022116777
0.02222534
0.02204224
0.022072762
0.022051694
0.022095071
0.022056147
0.022113318
0.022030992
0.022173759
0.02190363
0.022060944
0.022147365
0.022121983
0.022036668
0.022046637
0.021993697
0.021928184
0.021836774
0.021855252
0.02189443
0.021989675
0.022001274
0.022045884
0.021980908
0.022155982
0.021918258
0.02219353
0.022128915
0.022124926
0.022047326
0.022118762
0.022068404
0.022045683
0.022080038
0.022122785
0.022119118
0.022036046
0.02220764
0.022019435
0.022087326
0.02209241
0.022085723
0.022107473
0.022020668
0.022100037
0.022123829
0.021973021
0.021986652
0.021962762
0.022031296
0.022178782
0.022087654
0.022037366
0.022100735
0.022023665
0.022071663
0.022101024
0.02200647
0.022126917
0.02210807
0.02189977
0.022142917
0.02217627
0.02218131
0.02215404
0.02197052
0.022068981
0.022217827
0.022220239
0.022182902
0.022266418
0.022232585
0.022304285
0.02235307
0.022164712
0.022354545
0.022557218
0.022471907
0.022519452
0.022560686
0.022310236
0.022285279
0.022643246
0.022461295
0.022501994
0.022491612
0.022430543
0.02247662
0.022446964
0.02240262
0.022236198
0.022256065
0.022316935
0.022201397
0.022298554
0.022152588
0.022179004
0.02217887
0.022230648
0.022295248
0.022367511
0.022322362
0.022264415
0.022301065
0.022282103
0.022192586
0.022298941
0.022319328
0.022271879
0.02222625
0.022150224
0.02213169
0.022198267
0.022361923
0.02213932
0.02230988
0.022218335
0.02219176
0.022137638
0.02216584
0.021991255
0.022089854
0.022015752
0.022099644
0.02209476
0.022089714
0.022134077
0.022128688
0.02211294
0.022215895
0.022213582
0.02213274
0.021975122
0.022081595
0.022062201
0.021977447
0.022029616
0.0219746
0.02206569
0.021978058
0.021991659
0.022083595
0.022029769
0.021980934
0.02214289
0.022028249
0.022018105
0.021956744
0.021957513
0.022138279
0.022176791
0.022052875
0.021946782
0.021898165
0.022043806
0.02205617
0.02194185
0.02195505
0.022073954
0.021955973
0.022035312
0.021996664
0.021910883
0.021914842
0.02196642
0.022068862
0.022135815
0.022057319
0.021993162
0.022121562
0.022135664
0.021992667
0.021992037
0.022098161
0.022068566
0.022256114
0.022134373
0.022012128
0.02207398
0.02193961
0.02189977
0.021981154
0.02196332
0.021995656
0.021988055
0.022102216
0.022105418
0.022075038
0.022086477
0.021994047
0.022175739
0.022069475
0.022140011
0.022127125
0.022151344
0.022061119
0.022124937
0.022096762
0.022177523
0.02196945
0.021960767
0.022147285
0.021971365
0.02193513
0.02199994
0.022080097
0.022083113
0.021984162
0.022097103
0.022103375
0.021907855
0.022086773
0.022245178
0.022209104
0.022077072
0.022120362
0.022315208
0.022310011
0.022371994
0.022285799
0.022320433
0.022247413
0.022167314
0.02225992
0.02224735
0.022210509
0.022177787
0.022204036
0.021956593
0.022032581
0.022070926
0.022140719
0.021924501
0.02214457
0.02216146
0.022018634
0.022047723
0.021880902
0.021901852
0.021966308
0.021818962
0.02191595
0.021880545
0.021896852
0.021919992
0.021939684
0.02198265
0.021970673
0.021837939
0.021911377
0.021936143
0.021855779
0.021898076
0.021892915
0.021926802
0.021818154
0.021955596
0.021883668
0.021941626
0.021882359
0.021968886
0.021845121
0.021870589
0.021959715
0.02203841
0.021843486
0.021889344
0.022050044
0.022008058
0.021919983
0.021809831
0.021775788
0.021832537
0.021917472
0.021890339
0.021929335
0.021767654
0.021730112
0.02171378
0.021950705
0.021902852
0.021734664
0.021666761
0.02187579
0.021796554
0.021947818
0.021863736
0.021675492
0.021744397
0.021855444
0.021984927
0.021706352
0.02197075
0.021909267
0.02188361
0.021871472
0.022001144
0.02172972
0.021769118
0.021774922
0.02174661
0.021833653
0.021804463
0.02189001
0.021871293
0.021893939
0.021796037
0.0220656
0.02189517
0.02200339
0.021765064
0.021914061
0.02188855
0.022003092
0.021775737
0.021814289
0.021831645
0.021994647
0.022065176
0.021945478
0.022031426
0.021901896
0.021983624
0.022011489
0.022018176
0.022028169
0.021907104
0.021949984
0.02203196
0.021977685
0.022074815
0.022021117
0.022163566
0.021950265
0.022257421
0.022114351
0.02220443
0.022017568
0.022006752
0.022026993
0.022015074
0.022035258
0.022058055
0.021916788
0.021925535
0.02206458
0.02188445
0.021967104
0.022018319
0.02202219
0.022076074
0.02201096
0.021983497
0.022060746
0.02207366
0.022013346
0.022063173
0.022072623
0.022015823
0.021899458
0.021969264
0.02186426
0.021882197
0.0219081
0.021835323
0.021750996
0.021972869
0.022014583
0.022091886
0.022030264
0.02200366
0.021958778
0.021951962
0.021936914
0.02184319
0.021862186
0.021993527
0.021984946
0.021927854
0.021910425
0.022120966
0.022032162
0.021937903
0.02180698
0.021924378
0.021971801
0.021925429
0.02192781
0.021832876
0.021801913
0.021819698
0.021800071
0.02181439
0.022047503
0.021996154
0.021874709
0.022019336
0.021971934
0.02192157
0.02205288
0.021971596
0.02190848
0.022080192
0.022011362
0.02187896
0.021900278
0.021831546
0.021978255
0.021941965
0.0219163
0.02185192
0.021907426
0.02187996
0.021806646
0.021784134
0.021968286
0.021787515
0.021815475
0.021868056
0.021671496
0.021808837
0.021841412
0.021718109
0.02180713
0.022031428
0.02179408
0.021812983
0.021886177
0.021856911
0.021856735
0.021886194
0.022016212
0.021822495
0.021962158
0.022060908
0.02188389
0.022064151
0.022047494
0.021871403
0.02189603
0.02192391
0.022024363
0.021980233
0.021908736
0.022095565
0.022090094
0.022123886
0.021947384
0.021890258
0.021912377
0.021983707
0.021847384
0.021877166
0.021853182
0.021859054
0.02185933
0.021922903
0.021947542
0.021978304
0.021975871
0.021897802
0.021848239
0.021881755
0.021946054
0.022126975
0.022086577
0.021901127
0.021935571
0.022128584
0.022105835
0.022486184
0.02238736
0.022199668
0.022091545
0.022150999
0.02226447
0.02198923
0.021972533
0.02220005
0.02208529
0.022015505
0.022218876
0.022059232
0.02217702
0.022099666
0.022337863
0.022157157
0.022202551
0.022122651
0.02201449
0.022221996
0.022289865
0.022275163
0.022240195
0.022234965
0.022247523
0.022174662
0.022137213
0.022210043
0.022208586
0.022137634
0.022249946
0.022054257
0.022200346
0.022061693
0.02194472
0.022099348
0.022178309
0.0221995
0.021894388
0.022067875
0.021971071
0.021908473
0.022092737
0.021996928
0.022339385
0.022165053
0.022172667
0.022071935
0.02201725
0.021938387
0.02192187
0.021994658
0.021898538
0.021880956
0.02185359
0.021853508
0.0218952
0.021941658
0.02187911
0.021896588
0.021845825
0.021958867
0.022092965
0.02193481
0.02185718
0.022025313
0.021839878
0.022032365
0.02183398
0.021897204
0.021920824
0.021975966
0.021885501
0.021889111
0.021877052
0.021633424
0.021749716
0.021958033
0.022052092
0.02199051
0.022017611
0.02184506
0.021899104
0.0217808
0.02177062
0.021804066
0.021817714
0.021768756
0.021772223
0.021884711
0.021818204
0.02164265
0.021874549
0.021752538
0.021805251
0.021825688
0.021796562
0.021857008
0.021949667
0.021799998
0.021830924
0.021828212
0.021966465
0.022048876
0.021984445
0.021934923
0.021876983
0.021960938
0.021914523
0.021801349
0.021823904
0.021841774
0.02187977
0.021737132
0.0217393
0.021848889
0.021761224
0.021830667
0.021787012
0.021874692
0.021760494
0.021737298
0.021908306
0.021926563
0.021866094
0.021976778
0.02197616
0.02205554
0.022058677
0.022101432
0.022065468
0.02199811
0.022008253
0.021998197
0.021997819
0.021991167
0.021877619
0.021876965
0.022060586
0.022088874
0.02206161
0.022154493
0.022082096
0.02201263
0.022030732
0.022008289
0.021952808
0.021990543
0.021938901
0.022074595
0.021880442
0.02206853
0.022031467
0.02211193
0.021887746
0.021919172
0.021907456
0.021906545
0.021919793
0.02196944
0.021930587
0.021935098
0.021942573
0.021781456
0.02180627
0.021857502
0.021698775
0.02183349
0.021893233
0.021999067
0.021879762
0.021914989
0.021978864
0.021859031
0.02180941
0.021949137
0.021955714
0.021924425
0.021957135
0.022012869
0.021962315
0.02191583
0.02204394
0.021950567
0.021860648
0.022030195
0.022052981
0.022133967
0.021862993
0.02202495
0.021857537
0.021782681
0.021748643
0.021820277
0.021796746
0.021844836
0.021831825
0.021853166
0.021737339
0.021659566
0.021856647
0.021819085
0.021872241
0.02171423
0.021739615
0.021695675
0.021784315
0.021714203
0.021563126
0.021705896
0.021616938
0.02171316
0.021611314
0.021703118
0.021661948
0.021639915
0.02163305
0.021673104
0.021759551
0.021667913
0.021681331
0.02176589
0.021865588
0.02176483
0.021671003
0.021615844
0.021709358
0.021681122
0.021729015
0.02173135
0.021744205
0.021768812
0.021658652
0.021686815
0.021766432
0.02163108
0.021710407
0.02158079
0.021725247
0.021669857
0.021730635
0.021681985
0.021676157
0.02160324
0.021573858
0.021836802
0.021614596
0.02169366
0.021791568
0.021581661
0.021635536
0.021550985
0.021672452
0.021782327
0.021684246
0.021739693
0.02174767
0.021688875
0.021718677
0.021726627
0.021774337
0.021757044
0.02185398
0.021896806
0.021763451
0.02186797
0.021867465
0.021709522
0.021680215
0.021746831
0.021794988
0.021869661
0.021687046
0.021656875
0.021732701
0.021722421
0.021934438
0.021928499
0.02175342
0.02178786
0.021763282
0.021785144
0.021859005
0.021675948
0.021659967
0.021762164
0.021749374
0.021616587
0.021587413
0.02154282
0.021609638
0.021681817
0.021536773
0.021564439
0.021594847
0.021532133
0.021629382
0.021596363
0.021605413
0.021511616
0.02156622
0.021647684
0.021667792
0.021741204
0.021683816
0.021700904
0.021697626
0.02163822
0.021614607
0.021644298
0.021618452
0.021667384
0.021564433
0.021658724
0.021695377
0.021560345
0.021674424
0.021530995
0.021589072
0.02160547
0.021637648
0.02175438
0.021680223
0.021733448
0.021591097
0.021635724
0.02165466
0.021651074
0.021683732
0.02150734
0.021605179
0.021683896
0.021700554
0.021758657
0.021744495
0.021567695
0.021645138
0.021506637
0.021524092
0.021655656
0.021564119
0.021505743
0.021572638
0.021493826
0.021674031
0.021524876
0.02151159
0.02147355
0.021540323
0.021565583
0.021606585
0.021598035
0.021636426
0.021616451
0.021591904
0.02170584
0.021651745
0.021656299
0.021675248
0.021614509
0.021773525
0.021761136
0.021781407
0.02159012
0.021517735
0.021608412
0.02161343
0.02152967
0.021592906
0.021719456
0.021576295
0.021579036
0.021766849
0.021722786
0.02191835
0.021839771
0.02169963
0.021608878
0.021536142
0.021573488
0.021398896
0.021667982
0.02153197
0.021669377
0.021633297
0.021597423
0.021567369
0.021539986
0.021588935
0.021538576
0.021526076
0.021345513
0.021473827
0.021540254
0.021655079
0.021660116
0.021607043
0.021559875
0.02171346
0.021802353
0.021654285
0.02169089
0.021460371
0.021643687
0.021801747
0.021811724
0.021789862
0.021790223
0.021844128
0.021845441
0.021990385
0.021744516
0.021855911
0.02185798
0.021719687
0.021734245
0.021819763
0.021969851
0.021979854
0.022055602
0.02212963
0.021847384
0.021895625
0.0218768
0.022067195
0.021943314
0.022056963
0.022016486
0.021957906
0.02194855
0.022016361
0.02176735
0.021780448
0.021905564
0.021805042
0.021688186
0.021627437
0.021603778
0.021631857
0.0217413
0.021664437
0.02167244
0.021723324
0.021673057
0.0217386
0.021664687
0.021693286
0.021597978
0.021567566
0.021661371
0.02163962
0.021712948
0.021718342
0.021667551
0.021601105
0.021673875
0.021649387
0.021781033
0.021732833
0.021721074
0.021765579
0.021668615
0.021706244
0.021712622
0.021676393
0.021535829
0.021765463
0.021596182
0.021558734
0.02163171
0.021641962
0.021701356
0.021642536
0.021636304
0.02157109
0.021578556
0.021508658
0.021745984
0.02155599
0.021609029
0.021624733
0.021801116
0.02171246
0.02165837
0.021687662
0.02166602
0.021836864
0.021644497
0.0216785
0.021751722
0.021709515
0.021704044
0.021703685
0.021698885
0.021533865
0.021589147
0.021548098
0.021588864
0.02148512
0.021725431
0.021713084
0.021678405
0.021873249
0.02168854
0.021670334
0.021637715
0.02167665
0.021492396
0.021564022
0.021556295
0.021720728
0.02167816
0.021645702
0.021757012
0.021752317
0.021715166
0.021764183
0.021602178
0.021857474
0.021654636
0.021735542
0.021692846
0.021645134
0.021716218
0.021692242
0.021739766
0.021791352
0.021578427
0.02153112
0.021629324
0.021671392
0.021701379
0.021740178
0.021729523
0.021649547
0.02161036
0.021737184
0.021807631
0.021802863
0.021645356
0.02150755
0.021476746
0.021781588
0.021886365
0.021914192
0.02195903
0.022009274
0.022090157
0.021908
0.022012535
0.021809118
0.021886367
0.021823969
0.021808214
0.021750038
0.02181552
0.021711044
0.021643672
0.021855049
0.021846931
0.021670235
0.021740492
0.021768365
0.021740684
0.021794206
0.021723654
0.021650271
0.02166746
0.02173883
0.021772942
0.021736965
0.02175873
0.021788828
0.02175627
0.021711014
0.02170456
0.021668876
0.021811962
0.021561401
0.02165885
0.02161913
0.021566704
0.021640873
0.021542601
0.02161677
0.021698825
0.021766935
0.021612521
0.021773335
0.021658521
0.02170636
0.021632593
0.021718424
0.021603184
0.021674538
0.021477701
0.021610703
0.021700256
0.021563072
0.021642393
0.0216146
0.021437075
0.021479351
0.021534132
0.021583306
0.021485528
0.021543693
0.021506825
0.021544041
0.02148597
0.021621712
0.021626085
0.02158709
0.021670673
0.021604877
0.021541582
0.021590067
0.021822931
0.021587603
0.021636447
0.0218098
0.021783091
0.021656351
0.021715418
0.021648323
0.021686034
0.02164604
0.021670323
0.021664713
0.021666037
0.021357872
0.021357097
0.02138747
0.021408996
0.021529533
0.021447517
0.021608735
0.02163921
0.021624347
0.021601908
0.021559473
0.021569833
0.021611763
0.021766588
0.021663357
0.021673625
0.021681007
0.02163481
0.02155136
0.021616217
0.021572674
0.021632735
0.021602258
0.021762222
0.021684289
0.021740982
0.02165409
0.021624288
0.021699477
0.021590047
0.021687428
0.021677122
0.021592693
0.021647435
0.021595722
0.021662334
0.021732481
0.02156923
0.021579266
0.021649612
0.021740725
0.021637572
0.02164538
0.021616966
0.0216004
0.02161468
0.021736266
0.021789039
0.021606995
0.021523202
0.02168794
0.021839082
0.021824863
0.021787932
0.021804238
0.022064885
0.022111282
0.02201306
0.021754162
0.021690898
0.021753302
0.021895036
0.021991648
0.021905396
0.021839485
0.021909194
0.021879222
0.021879526
0.021752156
0.021860365
0.02161806
0.02155143
0.021659048
0.021754326
0.021687077
0.021613874
0.021709483
0.021783885
0.021550914
0.021636615
0.021619083
0.021635884
0.02150548
0.021513183
0.021627834
0.021465119
0.021599695
0.021492198
0.02156909
0.021501657
0.021531206
0.021366438
0.021378253
0.021357967
0.0213978
0.021554772
0.021473369
0.021475425
0.021607714
0.02151
0.02155144
0.021608748
0.021556126
0.02147759
0.021488648
0.021577133
0.021359779
0.021445554
0.021435536
0.02154535
0.021555142
0.021554993
0.021523852
0.021631591
0.02151731
0.021381928
0.02146254
0.021539489
0.021448307
0.021511506
0.02162266
0.021504225
0.021542199
0.021565182
0.021571562
0.021428328
0.02155146
0.021522613
0.021494858
0.021468632
0.021589786
0.021544913
0.02146452
0.021492
0.02140968
0.021504855
0.021544453
0.02145826
0.021538537
0.021505313
0.021518832
0.021434756
0.021422373
0.021554785
0.021448486
0.021621015
0.02161573
0.021517988
0.021548705
0.02150962
0.021579534
0.021618038
0.021556323
0.021458026
0.021490576
0.021489907
0.021469517
0.021420926
0.02153823
0.021356571
0.021367969
0.021480605
0.021505527
0.021468641
0.021515382
0.021516796
0.021470206
0.021469586
0.021577867
0.021479452
0.021441564
0.021450367
0.021451615
0.02141769
0.021436965
0.02146994
0.021489855
0.021455036
0.02128099
0.021341683
0.021364428
0.021451326
0.021581432
0.02135044
0.021629328
0.021573743
0.021411821
0.021375623
0.021486077
0.021266397
0.021393467
0.021585677
0.0214922
0.021649968
0.021490404
0.02142228
0.021552825
0.021441434
0.021522205
0.021650232
0.021473905
0.021465324
0.021453982
0.021435171
0.021508366
0.021396957
0.02138611
0.021430263
0.02153085
0.021554535
0.02135519
0.021485282
0.021355307
0.021327319
0.021457244
0.021328967
0.021465164
0.021551814
0.021565229
0.021674877
0.021671636
0.021461911
0.02159307
0.021502325
0.021542387
0.0215984
0.02145685
0.021667844
0.021571832
0.021479791
0.021440119
0.021535175
0.021504393
0.021543805
0.02143225
0.021585196
0.021518629
0.021549929
0.02143275
0.021619638
0.021494597
0.021483997
0.021501478
0.02146802
0.021390146
0.021392196
0.021480266
0.021524645
0.02156403
0.021459442
0.021444643
0.021504449
0.021460641
0.02154727
0.021607948
0.02149356
0.021440106
0.021379655
0.021414982
0.021345489
0.021358056
0.02134481
0.021342166
0.021369105
0.021522509
0.021411467
0.021466251
0.021365453
0.021300543
0.021477018
0.021462377
0.02140388
0.0212808
0.021372454
0.021370228
0.02141717
0.021479044
0.02133109
0.021320293
0.021310937
0.021445006
0.021368653
0.021368148
0.021414677
0.021403635
0.02145021
0.021364035
0.021371564
0.021477833
0.021402141
0.021347782
0.021250602
0.021422328
0.021458112
0.02146134
0.021484515
0.021426272
0.021442434
0.021529656
0.021452252
0.021616045
0.02155918
0.021391448
0.021436462
0.021530509
0.021378394
0.021463586
0.021360347
0.021365292
0.021572882
0.021439519
0.021618864
0.021467393
0.02138968
0.02157484
0.02138724
0.021328826
0.021349404
0.021289822
0.021396205
0.021386305
0.021325672
0.021386156
0.021450635
0.021491222
0.021587485
0.02164564
0.021669503
0.021737851
0.02166165
0.021736681
0.021766242
0.02163828
0.021705247
0.021731267
0.021694276
0.02152482
0.021411352
0.02143192
0.021513086
0.021480331
0.02147497
0.021397024
0.02154742
0.021588886
0.021412892
0.021461524
0.021463191
0.021543762
0.021543184
0.021579036
0.021543043
0.021499405
0.02156167
0.0214569
0.021583077
0.021528833
0.021481384
0.02155137
0.021618502
0.021413218
0.021478463
0.021644454
0.02165943
0.021666603
0.02159922
0.021543583
0.021594739
0.02165214
0.021475079
0.021440582
0.021624466
0.02160065
0.021562835
0.02163475
0.0216549
0.021615978
0.021488305
0.021557761
0.02163083
0.021642022
0.021672135
0.02147809
0.021398228
0.021464894
0.021591457
0.021638837
0.021403018
0.021392498
0.021575922
0.021595998
0.021605229
0.021673577
0.02152389
0.021596475
0.021541089
0.021554055
0.021479465
0.02159019
0.0214865
0.02146069
0.021459267
0.021561818
0.021599969
0.021558827
0.021499004
0.021413073
0.021638744
0.02159058
0.021465486
0.021516487
0.02161413
0.02138099
0.021443145
0.021602366
0.02147619
0.021500304
0.021432951
0.021403007
0.021416614
0.02162732
0.0214521
0.02151593
0.021421142
0.02130475
0.02151515
0.021522587
0.021528214
0.021462414
0.021405037
0.021556467
0.02158384
0.021638744
0.021449067
0.021429475
0.021238066
0.021466069
0.021559618
0.021615105
0.021559173
0.021371493
0.02141575
0.021637436
0.021396812
0.021623028
0.021439936
0.021600088
0.021655697
0.021737624
0.021628786
0.021643393
0.021592017
0.021607433
0.021782521
0.021651587
0.021494016
0.021564126
0.021743221
0.021796113
0.021700034
0.021668524
0.021562228
0.021657277
0.021558624
0.021607215
0.021427378
0.021473305
0.021505455
0.021538576
0.021494698
0.021547325
0.021634258
0.021592027
0.021355884
0.021479066
0.021486744
0.02116029
0.021449476
0.02146926
0.021371847
0.021337382
0.02128718
0.02136953
0.021532632
0.021327859
0.021484766
0.021343911
0.021335008
0.021341125
0.021383146
0.021360042
0.021429826
0.02137355
0.021323375
0.02138922
0.021479245
0.021405049
0.021243569
0.021484137
0.021410946
0.02131008
0.021453688
0.021523867
0.021441603
0.0213813
0.021311054
0.021448324
0.02128989
0.02125575
0.021368122
0.021392208
0.021335794
0.021228986
0.021450358
0.021334633
0.02138595
0.021496627
0.021243585
0.021410348
0.021315433
0.021358674
0.02143203
0.021505015
0.021356406
0.021326577
0.021547085
0.021294203
0.021350646
0.021434838
0.021298405
0.021300692
0.021350699
0.021242075
0.021172691
0.021192273
0.02131638
0.021377815
0.021323815
0.021332461
0.021313863
0.021291401
0.021202302
0.021176143
0.021121927
0.021305462
0.021190597
0.021244109
0.021369865
0.021319311
0.02134941
0.021463597
0.021292867
0.021500427
0.021366263
0.021298423
0.02114032
0.021103553
0.021468049
0.021234835
0.021290198
0.021194687
0.02132397
0.021310808
0.021358749
0.02129825
0.021149755
0.021244112
0.021214565
0.02122025
0.021341454
0.021347646
0.02140848
0.021243945
0.02142598
0.021248907
0.02123676
0.021283569
0.021324147
0.021357808
0.02150964
0.021574182
0.0212392
0.021367801
0.02141468
0.021395935
0.021318266
0.021376258
0.0213487
0.021263514
0.021377278
0.021462373
0.021612145
0.021308947
0.021438692
0.021277921
0.021277886
0.021360973
0.021354856
0.021418853
0.021214778
0.02118816
0.021272652
0.02126445
0.021265045
0.021124238
0.021264348
0.021257795
0.02115394
0.021150125
0.021200873
0.021286925
0.021255784
0.021283176
0.021236813
0.021199763
0.021069154
0.021096664
0.02124144
0.021116108
0.021109033
0.021230504
0.021234045
0.021204568
0.021180816
0.021297012
0.021254199
0.021226356
0.021263238
0.021291638
0.021181604
0.021191614
0.021229982
0.021305896
0.021250444
0.021213876
0.021295767
0.021107143
0.021186683
0.02126804
0.021213964
0.02111352
0.02114089
0.021297783
0.021293944
0.021192743
0.021319756
0.021260563
0.021256031
0.021336894
0.021530274
0.021438777
0.021530129
0.02138317
0.021314492
0.02121927
0.021390175
0.021423599
0.02141241
0.02132747
0.021462258
0.021616485
0.021462657
0.021413803
0.021285351
0.021252291
0.021285148
0.021263396
0.021204758
0.021278089
0.0212999
0.021272855
0.021327278
0.021356573
0.02124949
0.021396587
0.021320354
0.021306287
0.021457562
0.021274146
0.021424223
0.02126028
0.0214433
0.021624638
0.021766787
0.021469288
0.021404732
0.021392098
0.021652564
0.02149424
0.021207826
0.021286452
0.021332895
0.021387886
0.0216684
0.021616552
0.021451408
0.02148256
0.021418465
0.021407237
0.021409852
0.021385053
0.02147102
0.02152072
0.021488067
0.02147455
0.021559378
0.021393538
0.021203622
0.021281319
0.021241551
0.021180257
0.021355089
0.021337017
0.021444833
0.021513555
0.021337667
0.021261487
0.021398613
0.02139011
0.021477612
0.02138006
0.02119567
0.021194166
0.021329198
0.021317035
0.021127157
0.021091113
0.021264257
0.021304302
0.02121525
0.021290936
0.021219755
0.021240832
0.021228027
0.021166116
0.02118463
0.021159412
0.0210542
0.021330219
0.021079939
0.021202045
0.021103812
0.021136591
0.021086566
0.021131875
0.021200856
0.021190556
