===================== Time: [Thu Aug 11 03:24:12 2022] ========================
0.019029405
0.018676
0.016392095
0.015368234
0.014311157
0.013984485
0.013711171
0.013450101
0.01301733
0.012811355
0.01269762
0.012962466
0.012872504
0.012386132
0.012445781
0.01241276
0.01229085
0.012636924
0.012469884
0.012419842
0.012392118
0.012111386
0.01194947
0.012372975
0.012369453
0.011971947
0.011733462
0.012162062
0.012251839
0.012092099
0.011893993
0.0117707
0.011787188
0.011724352
0.011535551
0.011387677
0.011382634
0.0113840075
0.011621624
0.0112830885
0.011270886
0.011509155
0.011951039
0.011493939
0.011356437
0.011099712
0.01142218
0.0112907
0.011587228
0.011644454
0.011208883
0.011457082
0.011497844
0.011697888
0.011520106
0.011506492
0.011457483
0.01131241
0.01118519
0.011322873
0.011108157
0.011107542
0.011330599
0.01132716
0.011406193
0.011291665
0.01124662
0.010988403
0.010865536
0.0107978545
0.010919442
0.010662715
0.0106121395
0.010717069
0.010691699
0.010612584
0.010554106
0.01074344
0.010391588
0.010409833
0.010439767
0.010389696
0.010282459
0.0105182445
0.010327535
0.010301362
0.010387313
0.010435635
0.010386251
0.010276975
0.010224479
0.010150136
0.010175069
0.010215226
0.010221597
0.010285327
0.010525199
0.0103868665
0.010335143
0.010240194
0.010317439
0.010373473
0.0102616735
0.010251735
0.010197032
0.010232754
0.0101201655
0.010059649
0.009861051
0.009814973
0.009984191
0.010138651
0.009972633
0.00993347
0.009751725
0.009702342
0.009715837
0.009702941
0.009784745
0.00974804
0.009847562
0.009944944
0.00972162
0.009795726
0.009591273
0.009678593
0.009631011
0.009782603
0.00961118
0.009583184
0.009655081
0.009553676
0.009460118
0.009496169
0.009533686
0.009488795
0.0094068
0.009352205
0.009553528
0.009479501
0.009615179
0.009635429
0.0097642485
0.009707402
0.009751712
0.009589018
0.009614052
0.009694691
0.009784493
0.00969286
0.009654692
0.009723634
0.0096379295
0.009731735
0.009582401
0.009543505
0.009504119
0.009503939
0.009585787
0.009521085
0.009627033
0.009502382
0.009549541
0.009408677
0.009522282
0.009427492
0.009381928
0.0092629725
0.009348069
0.0092957355
0.009341714
0.009410558
0.0093069775
0.009243288
0.009248818
0.0093284035
0.009338848
0.009351809
0.009404541
0.009337821
0.009335883
0.009367346
0.009419362
0.009344397
0.009336806
0.009395753
0.009344847
0.009401061
0.00946069
0.009341089
0.00938466
0.009189314
0.009343217
0.009222274
0.009266106
0.009221263
0.009128732
0.009103882
0.0091084195
0.009109598
0.009157384
0.009064966
0.0090495115
0.009022249
0.009084356
0.009119462
0.009052466
0.009086414
0.009019785
0.008980122
0.008980288
0.009033297
0.00907943
0.009074407
0.009010737
0.009032967
0.009102494
0.008977426
0.008860209
0.008837297
0.008956225
0.008958812
0.00888859
0.009010721
0.009043034
0.009171415
0.009089386
0.00894449
0.009263893
0.009102028
0.008994494
0.0089225415
0.008910056
0.009003037
0.008999994
0.009059969
0.009045673
0.008941894
0.0088542225
0.008978912
0.008919995
0.008975852
0.008807312
0.0088375565
0.008935476
0.008829447
0.008806791
0.008888682
0.00885762
0.008952205
0.008808823
0.008851481
0.0086963
0.008741212
0.0088891
0.008857104
0.008873332
0.008827217
0.00875216
0.008920154
0.008874405
0.008787292
0.00889167
0.008950056
0.008963268
0.009030822
0.008868899
0.008895283
0.008849723
0.008816474
0.008896246
0.0088966815
0.008930324
0.008904329
0.0088585485
0.008895412
0.009005168
0.008841996
0.008824825
0.008771956
0.008895837
0.008958348
0.008884721
0.009076068
0.008949863
0.0090732
0.009014252
0.008854028
0.0089122625
0.008924919
0.008889375
0.008929785
0.008909929
0.008783516
0.008814347
0.008816036
0.00871611
0.008775901
0.0087700635
0.008812113
0.008831488
0.00881927
0.008799333
0.008770146
0.008737912
0.008775943
0.008841272
0.00888967
0.00888603
0.008761313
0.00886905
0.008808037
0.008850856
0.008814789
0.008729285
0.008820935
0.008831099
0.008686607
0.008717517
0.008805667
0.008832795
0.008777036
0.008708823
0.008687151
0.008637597
0.0087028565
0.008639898
0.008609436
0.008630224
0.008589375
0.008619529
0.008634001
0.008584085
0.008487522
0.008612839
0.008703126
0.008650097
0.008598938
0.008646578
0.008596178
0.008613011
0.008571959
0.008742581
0.008541486
0.008548242
0.008717375
0.008650278
0.008724045
0.008805066
0.008816395
0.008827677
0.00872803
0.008809578
0.00871862
0.008731047
0.008622157
0.008892066
0.00886862
0.009090805
0.008806022
0.008879794
0.0088484455
0.008847706
0.00902497
0.008778921
0.009066821
0.0088991
0.00887529
0.008972581
0.008898833
0.008911513
0.008842004
0.008727003
0.008800944
0.008710483
0.008748808
0.008739859
0.008654382
0.008715719
0.008591897
0.008663006
0.008773901
0.008749869
0.0087778475
0.008681319
0.00873296
0.008703453
0.008731956
0.008712395
0.008718269
0.008790346
0.00878525
0.008701295
0.008633766
0.008571153
0.008644588
0.008617618
0.008675518
0.008659386
0.008718668
0.008601712
0.008577157
0.0086580515
0.008645809
0.008653073
0.008649098
0.008552305
0.008676818
0.008648077
0.008601446
0.008702533
0.008653826
0.008696873
0.008697684
0.00863238
0.008579073
0.008591932
0.0085668005
0.008614467
0.008612813
0.0086294105
0.0086082
0.008595007
0.0086203385
0.008621778
0.0085683875
0.008593543
0.0086107645
0.008568707
0.008428682
0.008549148
0.008566417
0.00857998
0.008567854
0.008739086
0.008571953
0.008580749
0.008459918
0.008703061
0.008561114
0.008498649
0.008605522
0.008491344
0.008651208
0.008657046
0.008643891
0.008605584
0.008642863
0.008581059
0.008612036
0.008536917
0.008645038
0.008555968
0.008633807
0.008726222
0.008662077
0.0086546205
0.008662119
0.008638388
0.008740686
0.00874844
0.008563947
0.008576309
0.008645632
0.008666992
0.0085761985
0.008584132
0.00855022
0.008546119
0.0084509
0.00848881
0.008490825
0.008520747
0.008400691
0.008497732
0.008501031
0.008443734
0.008379843
0.0083818305
0.008464003
0.008436938
0.008517122
0.008423501
0.008413909
0.008496706
0.008533637
0.008518825
0.008452436
0.008393405
0.008489305
0.008521546
0.008543526
0.00842963
0.008415862
0.008428121
0.008472895
0.008415564
0.00838642
0.008436513
0.008403391
0.008397526
0.0084853
0.008387438
0.008412903
0.008399509
0.008458561
0.008346918
0.008383272
0.008391889
0.008453142
0.008460588
0.008365433
0.008552766
0.008570617
0.00845754
0.008419267
0.008456195
0.008474914
0.008423259
0.00839053
0.008439991
0.008541829
0.008454087
0.008381703
0.0083254995
0.008451647
0.008464757
0.008415649
0.008371969
0.008403295
0.008373717
0.008439502
0.008351603
0.0084664645
0.008550539
0.008544611
0.00847061
0.008526106
0.008516426
0.008515152
0.008532952
0.008461167
0.008476367
0.008535477
0.008593389
0.00856105
0.00844879
0.0084567
0.008497991
0.008476746
0.008389868
0.008440083
0.008487801
0.008374252
0.008306905
0.008337488
0.008344865
0.0083403485
0.008305097
0.008423581
0.008383704
0.008419229
0.008317933
0.008349487
0.0083392365
0.008292806
0.008272437
0.00832554
0.008320963
0.008301165
0.008292175
0.008355834
0.008371784
0.008397419
0.00834668
0.0082912985
0.008341766
0.008314677
0.008364793
0.008305419
0.00831319
0.008305189
0.008333921
0.008321129
0.008381002
0.008307699
0.00826592
0.008319969
0.008329004
0.008360706
0.008262663
0.0082039675
0.008325584
0.008426291
0.0082319435
0.008376202
0.008311577
0.008331196
0.008390518
0.008328621
0.008297961
0.008430857
0.008418347
0.00837722
0.008364754
0.008321911
0.008381014
0.008413486
0.00837016
0.00837929
0.008322774
0.008288441
0.008382998
0.008372012
0.008300681
0.008345038
0.008339811
0.008411667
0.008434358
0.008364933
0.008346026
0.008393386
0.008361581
0.00845009
0.008527016
0.008502027
0.008495301
0.00853377
0.008450846
0.008415433
0.008425578
0.008444735
0.008393368
0.008478701
0.008359534
0.008336057
0.008356771
0.008330534
0.008356729
0.00839921
0.008444228
0.008393345
0.00839199
0.008451018
0.008363854
0.008424889
0.008484188
0.008531435
0.008461583
0.008627948
0.008425713
0.008369647
0.008392288
0.00835471
0.008467456
0.008416371
0.008451574
0.008382199
0.008337272
0.008389183
0.0083661275
0.008290371
0.008391178
0.008362544
0.008346589
0.008462159
0.008397075
0.008271685
0.008408404
0.008430617
0.008362395
0.008301847
0.008323569
0.0083711725
0.008430274
0.008383776
0.008396441
0.008304576
0.008429754
0.008295293
0.008365344
0.008384842
0.008434977
0.008409736
0.008413023
0.008361928
0.008327993
0.008409365
0.008362022
0.008525073
0.008476418
0.008416942
0.0084241005
0.0083650155
0.0083723515
0.008386
0.008377064
0.008373642
0.008429949
0.008360023
0.008275076
0.0083181085
0.008299779
0.008271046
0.008379402
0.008302774
0.00826647
0.008342314
0.008387469
0.008439322
0.008472621
0.008366974
0.0084072715
0.008401295
0.00835591
0.008268291
0.008275684
0.008381014
0.008370339
0.008339067
0.008393696
0.008251844
0.008345535
0.008363321
0.008334099
0.0082404595
0.008255696
0.008207633
0.008353015
0.008272693
0.0082092155
0.008255526
0.008164654
0.008294655
0.008289671
0.008207681
0.008253752
0.0081915
0.008268561
0.008226096
0.008216319
0.008190778
0.008272793
0.008296442
0.008235626
0.008196114
0.008163625
0.00819714
0.008242014
0.008280012
0.008321402
0.008313102
0.008460276
0.008322449
0.008284945
0.008287212
0.008254389
0.008223894
0.008270619
0.00820449
0.008173432
0.008172757
0.008290875
0.008250527
0.008176511
0.008123852
0.0082228165
0.008173378
0.008309903
0.008208073
0.008226826
0.008213969
0.008178341
0.0081981355
0.008296318
0.008167196
0.008330483
0.008235287
0.008410047
0.008301917
0.008315558
0.0083642695
0.008221802
0.008364155
0.008207893
0.008230728
0.008213186
0.008219076
0.008217709
0.008288587
0.008172709
0.00829632
0.008275899
0.008232182
0.0084042875
0.008297036
0.008306037
0.008192854
0.008230847
0.008313534
0.008324303
0.008304541
0.008361569
0.008369351
0.0083761895
0.008302955
0.008283157
0.008408714
0.008371218
0.008275051
0.008340444
0.008367624
0.00836518
0.008218216
0.0082893325
0.008308483
0.008204156
0.008256659
0.008253035
0.0082251625
0.008219852
0.008197081
0.008197937
0.0081191845
0.008192551
0.008200417
0.008219185
0.008280807
0.008221073
0.008213373
0.008209445
0.008181218
0.008113479
0.00822712
0.008143719
0.008182197
0.008256241
0.008158953
0.008231159
0.008186362
0.008242234
0.00817345
0.008235233
0.008248074
0.00818501
0.00814536
0.008244218
0.00820605
0.008172672
0.008223203
0.008271839
0.008259414
0.008171757
0.008176199
0.008241594
0.008189792
0.008197455
0.008180872
0.0081751505
0.008251676
0.008257262
0.008232925
0.008191783
0.008215879
0.00814292
0.008278552
0.008246612
0.008209383
0.00815897
0.008182849
0.008225043
0.008130999
0.008132907
0.008152151
0.008135291
0.008183091
0.008154498
0.008157958
0.008211864
0.008214324
0.008292411
0.0081605315
0.008304102
0.008230198
0.008137884
0.008098403
0.008176454
0.008189987
0.008186621
0.008141669
0.008058544
0.008077179
0.008160938
0.0080542965
0.008210992
0.008175705
0.008136013
0.0081255445
0.008061914
0.008176236
0.008073655
0.008223577
0.008103563
0.008056428
0.008160706
0.008151984
0.008161753
0.00822481
0.008092765
0.008092301
0.008138267
0.008087092
0.008098631
0.008146459
0.008162094
0.008111691
0.008122663
0.008100249
0.008128032
0.008156448
0.008135065
0.008154939
0.008123448
0.008137474
0.008128102
0.0081534665
0.0081188325
0.008105768
0.008103219
0.008186135
0.008219846
0.00808305
0.008068537
0.008158989
0.008123737
0.008120902
0.008126132
0.008236132
0.008182895
0.008264089
0.008278284
0.008184913
0.008226706
0.00821279
0.008229789
0.00820522
0.008238596
0.008164607
0.00816335
0.008242577
0.008169016
0.008158386
0.008246321
0.008233283
0.008238513
0.008251911
0.008283943
0.008239015
0.008393182
0.008333269
0.008338821
0.008447104
0.008267619
0.00827985
0.008386277
0.008347506
0.008431801
0.008384564
0.008272472
0.008384612
0.008319928
0.008273755
0.008239914
0.008254406
0.008133945
0.008162847
0.008195145
0.0082283765
0.008170169
0.0082551185
0.00826578
0.008162046
0.008311787
0.00841031
0.00838581
0.008361585
0.008285966
0.008322979
0.008457212
0.008437513
0.008552637
0.008498635
0.008580963
0.008543363
0.00840362
0.008316948
0.008464132
0.008417355
0.00837187
0.008400199
0.0084487265
0.008377053
0.008411491
0.008218668
0.0083230985
0.008233584
0.008298459
0.008325378
0.008290123
0.008282354
0.008168077
0.008224149
0.0083090495
0.008292245
0.0081505375
0.008224043
0.008274305
0.008244647
0.008255004
0.008236042
0.008215783
0.008220816
0.008336678
0.008258015
0.0082235085
0.008246021
0.0082357265
0.008290598
0.008199594
0.008223926
0.008293825
0.008210466
0.008152619
0.008130852
0.008193426
0.008246165
0.008311857
0.008163156
0.008201294
0.008150805
0.008234365
0.00825615
0.008246672
0.008226333
0.008125913
0.008100846
0.008142208
0.008123657
0.008131352
0.008154872
0.008261738
0.008252394
0.008141625
0.008278802
0.008234382
0.008214112
0.008209709
0.008230041
0.008250591
0.008145757
0.008332897
0.008202105
0.008126824
0.008092044
0.0081655
0.008142095
0.008144257
0.008193322
0.008219095
0.008195583
0.008062084
0.0081487205
0.008175251
0.008233062
0.008200014
0.008197513
0.008201573
0.008159051
0.0081674615
0.008138033
0.008225602
0.0080956565
0.008072592
0.008207903
0.00820001
0.008204806
0.00818691
0.008196369
0.008187775
0.008129936
0.008105576
0.008141542
0.008068971
0.008129636
0.008212675
0.008101983
0.008148316
0.008199701
0.008234759
0.008307744
0.00811851
0.008137333
0.0082796095
0.008079191
0.00820045
0.008208677
0.008150178
0.008240097
0.008270865
0.008301338
0.008233782
0.008191074
0.008169665
0.008123907
0.008063749
0.00834615
0.008136218
0.008165803
0.008189704
0.008151581
0.008225475
0.008315617
0.008161155
0.008231382
0.008215158
0.008195458
0.008148342
0.008232649
0.008151218
0.008230565
0.008174799
0.008162253
0.008119442
0.008054253
0.008141141
0.008156764
0.007983115
0.008090302
0.008089194
0.008159642
0.008100126
0.008092325
0.008059581
0.008029451
0.008171533
0.008077139
0.008093955
0.008059675
0.008148466
0.008062825
0.008104236
0.008069639
0.0080472315
0.008035369
0.0080857
0.008199076
0.008125739
0.008186451
0.008034564
0.008164671
0.008071819
0.008162856
0.008110262
0.008102472
0.00808845
0.008138735
0.0080123115
0.008066206
0.0080472445
0.0079817455
0.0079815425
0.007996767
0.007994658
0.008042419
0.007969914
0.008000609
0.008143564
0.00808238
0.008015756
0.008024591
0.008070327
0.007949996
0.007991858
0.008124661
0.00806955
0.00806028
0.008028342
0.008044686
0.008035465
0.008020269
0.008058539
0.008086155
0.008023494
0.008043423
0.008038648
0.007948975
0.008091344
0.008088818
0.008059523
0.008067995
0.00804879
0.007937914
0.007994612
0.007989716
0.008066085
0.008155525
0.0081576
0.0080841975
0.008050022
0.0080260215
0.008083979
0.007955453
0.0081508355
0.008077313
0.00811947
0.008094031
0.008115543
0.008129883
0.008034511
0.008054514
0.008084308
0.008158724
0.008162636
0.008072015
0.008031385
0.008030671
0.008020234
0.008127052
0.008136313
0.0081207445
0.008126695
0.008157534
0.008196871
0.008135209
0.008222224
0.00807935
0.008072096
0.0081832055
0.008096922
0.008074378
0.008103979
0.008082072
0.008044813
0.007973784
0.008016011
0.008060845
0.008079437
0.00794356
0.008045891
0.008040631
0.008071359
0.007968408
0.0080818925
0.00802135
0.008093286
0.008223366
0.007964386
0.007998925
0.008016328
0.008018274
0.008063998
0.008065432
0.008121743
0.00809442
0.008141604
0.008086823
0.008039717
0.008050258
0.008066478
0.0081288535
0.008134643
0.008051842
0.00807057
0.008075249
0.008104139
0.0080689695
0.008060786
0.00804443
0.008060999
0.00817582
0.008098637
0.0080327485
0.007957869
0.008025913
0.008037771
0.008091359
0.008090662
0.0080508515
0.008118697
0.008018593
0.0080388235
0.008061846
0.008203039
0.008078644
0.008008886
0.007940245
0.00791053
0.008041543
0.007942304
0.008014348
0.008015938
0.00801965
0.007956672
0.008081172
0.00808203
0.008056504
0.008013257
0.008069994
0.008076524
0.007901613
0.007865895
0.007963577
0.007999267
0.007985402
0.00797707
0.0079882
0.008009278
0.007952129
0.008078377
0.008051314
0.008027919
0.008056331
0.0080438685
0.007948111
0.0079920925
0.007998558
0.007970438
0.008086647
0.007961043
0.00805522
0.008041772
0.007968202
0.00804754
0.00802707
0.008144577
0.008203939
0.00811003
0.00809855
0.007970484
0.0079665845
0.008064285
0.007988529
0.008151109
0.008015521
0.008019228
0.008138203
0.008134675
0.008130294
0.008125866
0.00800398
0.008081016
0.007973133
0.007946203
0.008051691
0.007927691
0.008020835
0.008057498
0.008105933
0.008121648
0.008150826
0.008157617
0.008072781
0.007894471
0.007965322
0.007992162
0.007988927
0.007896814
0.00801703
0.008040255
0.008026658
0.00803717
0.007939977
0.0080262385
0.007958073
0.007971067
0.007995849
0.008100366
0.007996418
0.008042871
0.007880478
0.008012457
0.007936402
0.007967551
0.007978212
0.007966843
0.007957039
0.0078596845
0.007908301
0.007945701
0.008042004
0.007990486
0.008013229
0.00787582
0.008066691
0.007969254
0.008063155
0.007982921
0.007909836
0.0080191875
0.008041736
0.008074044
0.008069556
0.008110843
0.0080546485
0.00802194
0.008037329
0.007974732
0.0080566695
0.008081605
0.0080739
0.007942319
0.008038103
0.007972771
0.008061779
0.0080337515
0.008062246
0.00797971
0.007964579
0.007944472
0.0078601325
0.007915926
0.008056573
0.007976272
0.0080278255
0.007896862
0.00788582
0.00792782
0.007848014
0.007946242
0.007944559
0.007981856
0.007942873
0.008051419
0.008054306
0.007929663
0.007972345
0.0079719825
0.007949994
0.007897177
0.007978994
0.007934749
0.008034688
0.008031331
0.008020451
0.008005866
0.007856866
0.007906015
0.008033109
0.007877034
0.007945912
0.007942399
0.008000324
0.007971097
0.007953055
0.007940692
0.007890651
0.008009938
0.008025207
0.007957174
0.007915147
0.007926453
0.008064856
0.00804968
0.007942532
0.007880677
0.007968267
0.008051094
0.008032035
0.007989294
0.007988645
0.0079890825
0.007925744
0.008112637
0.008041958
0.007961156
0.008030887
0.008083544
0.007938041
0.007951375
0.007878175
0.0080865165
0.008012235
0.007948292
0.007984317
0.007924036
0.00800242
0.007959016
0.008035684
0.00802913
0.007991769
0.007990867
0.008087109
0.007998513
0.007989895
0.007898033
0.0077879243
0.007901504
0.0079954
0.007928018
0.00796652
0.007988136
0.007948549
0.007947464
0.007941755
0.007989949
0.00794888
0.008014214
0.007987246
0.007953881
0.007956313
0.007984277
0.007973668
0.007855745
0.007894026
0.007980015
0.0080268085
0.0079939235
0.007894884
0.007846098
0.007921855
0.008021924
0.007932067
0.007895364
0.007934322
0.007935846
0.0079737585
0.00802947
0.007988644
0.007979235
0.007930749
0.008048525
0.007984182
0.008000803
0.007985475
0.00796997
0.007996915
0.007853534
0.007932963
0.007933054
0.008034003
0.007922098
0.0079264045
0.008031571
0.007944196
0.007962002
0.007972603
0.00793303
0.007841777
0.007960254
0.0079140775
0.00788232
0.007958817
0.007886341
0.007831957
0.007929486
0.007973384
0.00794992
0.007987691
0.007983325
0.0080310535
0.007902488
0.007905609
0.007909407
0.007973454
0.007986739
0.007953609
0.00793373
0.007969788
0.007959162
0.007999106
0.007904499
0.007990076
0.007971403
0.007843066
0.007927998
0.00789953
0.007955653
0.007943963
0.007900603
0.0079914555
0.00782018
0.007957473
0.007904552
0.007915123
0.0077738357
0.007913149
0.007981418
0.007974762
0.007867161
0.007980271
0.007984304
0.007938286
0.007973039
0.008010817
0.0080085285
0.007943962
0.007900365
0.007970892
0.007998168
0.00793959
0.0079049645
0.007944362
0.007897062
0.007938907
0.007910586
0.007891812
0.007978454
0.007952013
0.007977124
0.00801816
0.00793062
0.007882498
0.007968074
0.007888066
0.007864181
0.007885969
0.007873578
0.007973949
0.007923552
0.007887075
0.007850124
0.00786563
0.007935441
0.007896857
0.0079076905
0.007911454
0.007859114
0.007964963
0.007872152
0.0079318
0.007960599
0.007903369
0.007945075
0.0078487955
0.007890551
0.007912921
0.007951161
0.00795128
0.0078668315
0.007827299
0.008089761
0.007962512
0.007906502
0.008034908
0.008078549
0.007969006
0.007998667
0.008054373
0.007985441
0.007965196
0.007995764
0.007886234
0.007934464
0.007958081
0.007984217
0.00792485
0.007927467
0.007951427
0.00794994
0.008058521
0.008006934
0.007909587
0.008014543
0.007976647
0.00801193
0.007966877
0.007920156
0.007923911
0.007950455
0.007936013
0.008040324
0.0079444945
0.007947592
0.0077706864
0.007891751
0.007985704
0.008007044
0.007877897
0.007848846
0.0077872262
0.007950536
0.007904294
0.007931435
0.007919716
0.007952152
0.007859662
0.007911546
0.007837135
0.0079771085
0.00801408
0.007939159
0.007999484
0.008048102
0.007916298
0.007954424
0.0080017885
0.007983157
0.007954871
0.008024254
0.007999478
0.007937066
0.0079865875
0.007960916
0.007858412
0.007937517
0.008024488
0.007935719
0.007963182
0.007915575
0.007931142
0.007854291
0.0079913745
0.007946868
0.007981101
0.008027482
0.007980679
0.0079237
0.007833393
0.007962412
0.008003893
0.007911362
0.008038132
0.007996939
0.007994022
0.007949739
0.007986175
0.00802732
0.007962523
0.007918529
0.007961645
0.007990803
0.00801279
0.007820135
0.007935829
0.007943364
0.007986377
0.007849378
0.007892694
0.007957624
0.007922278
0.007988152
0.00784992
0.00787327
0.007875348
0.007972007
0.007926253
0.007867653
0.007831987
0.0079775425
0.007950665
0.007999426
0.007935421
0.00783742
0.007821607
0.00796474
0.007903009
0.007992222
0.0079747345
0.007949705
0.008022698
0.007847822
0.007952569
0.008002592
0.007981983
0.007902794
0.0080198115
0.008010781
0.008046653
0.007932996
0.0077911
0.007875918
0.007937213
0.007935975
0.007927338
0.00789414
0.007907098
0.0077847894
0.007894136
0.00784009
0.0078809885
0.007902551
0.007895138
0.007932223
0.0079609165
0.007945785
0.007912527
0.007783243
0.00779981
0.007935485
0.0079000285
0.00778119
0.007857582
0.0077359886
0.007820626
0.007858286
0.0078778155
0.007856084
0.007965067
0.007892018
0.007880828
0.007862069
0.007890942
0.007923836
0.007875717
0.007814913
0.007788578
0.007843624
0.007884756
0.007865458
0.007846023
0.007823106
0.0077899764
0.007849344
0.007928108
0.007902197
0.0078080515
0.0078725545
0.007903889
0.007868463
0.007850084
0.007848836
0.007835317
0.007889967
0.007979952
0.007890724
0.008026528
0.007854682
0.007816567
0.007866045
0.007844114
0.007836837
0.007884961
0.007912876
0.007820502
0.007814603
0.0077846493
0.007864754
0.007906971
0.007892182
0.007848826
0.0078297295
0.007900234
0.007881655
0.007938876
0.007873407
0.007832686
0.007952853
0.007851682
0.007837092
0.0079496205
0.00781812
0.007942346
0.007865198
0.007950744
0.007942308
0.007969367
0.008069046
0.007944067
0.007951289
0.007954511
0.007986462
0.007982221
0.007888457
0.007991306
0.007934841
0.008010268
0.007913958
0.007947654
0.007856024
0.007945889
0.0078959875
0.007875961
0.007909382
0.007910343
0.007928542
0.007961071
0.00794414
0.007834264
0.007813942
0.007988814
0.007885393
0.007945862
0.0078028236
0.007819873
0.007867951
0.007851513
0.0077835736
0.007890901
0.007920574
0.007971868
0.007872693
0.007882058
0.007921987
0.00787673
0.007859392
0.007880081
0.007872965
0.007872043
0.007862552
0.007867969
0.007936414
0.00792922
0.007872162
0.007890109
0.00786377
0.007900535
0.007842492
0.0078044343
0.00779966
0.007864286
0.0078372015
0.007775895
0.007836184
0.00778261
0.0077276276
0.0078012915
0.0077809426
0.0077488814
0.007815052
0.00776146
0.0077552185
0.0077617
0.007804569
0.007828716
0.0077109267
0.0077776895
0.007813853
0.0078036324
0.007789657
0.007773775
0.007827929
0.007929387
0.007860001
0.0078039253
0.0077780234
0.007832045
0.0078065656
0.0077796234
0.007754119
0.007914048
0.007888894
0.007889661
0.007807685
0.007827237
0.00783871
0.0077791982
0.007814913
0.007726278
0.00785549
0.0077518905
0.0078040278
0.0078201145
0.0078654345
0.007991527
0.007933727
0.0078275595
0.00787979
0.007840496
0.00776487
0.0077876803
0.007811977
0.0077555804
0.0078121824
0.0077990564
0.0077545163
0.007755088
0.007853243
0.007802137
0.0077406587
0.007847525
0.00779472
0.007832217
0.007834454
0.0078076106
0.00770006
0.007829007
0.00777266
0.007862665
0.007843817
0.007893762
0.007823423
0.007802007
0.007885783
0.00782078
0.007912735
0.0077952505
0.007800972
0.0078063533
0.007834776
0.007809287
0.0077274134
0.007769391
0.0077813757
0.00776519
0.0077552157
0.0078030173
0.007843316
0.007839771
0.007910921
0.0077881273
0.00792563
0.007804099
0.0077970694
0.007796573
0.007912432
0.0078795245
0.007883107
0.007910172
0.0078863455
0.007844632
0.007896624
0.007849598
0.007847179
0.007930028
0.007885044
0.007872294
0.007832632
0.007848921
0.007984482
0.007961843
0.00792403
0.007937749
0.007989607
0.0078734495
0.007860864
0.007904643
0.00785157
0.007856024
0.007904689
0.007868533
0.007860042
0.00793081
0.0078043067
0.007887631
0.007847098
0.007853422
0.007779128
0.007843521
0.0077146394
0.007874271
0.007943463
0.00772401
0.007891363
0.007825061
0.007823521
0.007875009
0.007818632
0.007874273
0.007860129
0.0077465745
0.0077782655
0.0077921506
0.0077951127
0.007939978
0.007816967
0.007827661
0.0077801514
0.007700521
0.007873435
0.007808336
0.00784471
0.007812829
0.007737106
0.007894644
0.007910843
0.0077548884
0.007825794
0.0077869953
0.007810459
0.0077698105
0.0076819006
0.0078050634
0.007872494
0.0077808993
0.007797111
0.007731914
0.007797496
0.007835168
0.007799255
0.007678242
0.007854458
0.00773892
0.0077382727
0.0076973466
0.007731685
0.0077814637
0.0078040613
0.007796281
0.007707302
0.0076573086
0.007775879
0.007731958
0.0077891173
0.0077588377
0.0077177775
0.0077776816
0.007769106
0.0077588763
0.0077226353
0.007726465
0.007806253
0.0077437335
0.0077883704
0.0078011993
0.007782209
0.0078027807
0.007817166
0.007835622
0.007695704
0.007722892
0.007816002
0.007719415
0.007678986
0.0077957287
0.007902008
0.007710707
0.007675933
0.0077653937
0.0077722296
0.007816873
0.007799712
0.0077940687
0.007757523
0.007790537
0.007732796
0.007827868
0.0077892873
0.007842292
0.0077765957
0.0077119344
0.0077651734
0.0077119414
0.0076581696
0.007813642
0.007730843
0.007788701
0.0077170148
0.0077856113
0.0077215647
0.007732112
0.0077665374
0.0077430783
0.0077493847
0.0076871756
0.007766625
0.00785724
0.0077701733
0.0077152294
0.0077928384
0.00766304
0.0076431404
0.0077625476
0.007685533
0.007692507
0.007778747
0.007757234
0.007800391
0.0077093346
0.0077079795
0.007805926
0.007766862
0.007728627
0.00785386
0.007832938
0.0077186655
0.007816693
0.0077746296
0.0077680047
0.0077948137
0.007760131
0.007677596
0.0076644327
0.0077263257
0.0077892696
0.0078107463
0.0077856537
0.007839907
0.007786941
0.007784368
0.00782222
0.0077271378
0.0077598775
0.0077628973
0.00782414
0.007869184
0.007798567
0.007723618
0.007803264
0.0077988864
0.007847215
0.0078038094
0.007848642
0.007869778
0.007821701
0.007880418
0.007805383
0.0077271126
0.007827458
0.0077932174
0.0077847755
0.007877963
0.007823025
0.007836491
0.0078110727
0.00781255
0.008032667
0.007943759
0.007840902
0.007800406
0.007814886
0.007746835
0.007848969
0.0077640815
0.007894981
0.007859052
0.007869062
0.00793457
0.0077921893
0.007897596
0.007987347
0.007911537
0.007887784
0.0078315865
0.0077973874
0.0077073164
0.007819075
0.007913246
0.0077873184
0.007759358
0.0077329017
0.0077978247
0.007839563
0.007863065
0.00772121
0.007784377
0.007789834
0.0076424275
0.007883114
0.007820169
0.007790277
0.0077277916
0.007798765
0.00777189
0.007859882
0.0077357916
0.007719361
0.007776554
0.007687101
0.007769602
0.007761118
0.007823414
0.0078039193
0.007757837
0.007659527
0.007731729
0.0077601457
0.007718045
0.0077757183
0.007821477
0.007730821
0.007829214
0.0077171363
0.007873791
0.0077154855
0.007808904
0.007652249
0.0077419207
0.00786346
0.007705961
0.0077114585
0.0077824797
0.00777452
0.00771391
0.007768225
0.00763859
0.0076145576
0.007740179
0.007730064
0.007739827
0.007684379
0.0077951564
0.007786614
0.007726772
0.0077490117
0.0076425765
0.007750785
0.0077221813
0.0077449176
0.007779377
0.007730418
0.0077765295
0.007830629
0.007786845
0.0076782093
0.007729802
0.0076512014
0.0077569378
0.007742007
0.007801932
0.00768635
0.007826103
0.007793535
0.007807791
0.0077170115
0.00770537
0.0077404752
0.0076513407
0.0077842236
0.0076990826
0.007766746
0.0077190073
0.007690566
0.0077188136
0.007841296
0.007816813
0.007774236
0.0078020934
0.007808848
0.0077494266
0.0077119693
0.007828392
0.0077604693
0.007838603
0.00787133
0.007818971
0.0077731623
0.0077285003
0.007682459
0.007790159
0.007781558
0.007775883
0.007720993
0.0076923263
0.0077330275
0.007750551
0.0077547794
0.007767528
0.0077526416
0.00771579
0.007717045
0.007726909
0.007850262
0.0077364706
0.0077109267
0.0077483
0.007689893
0.007780638
0.007842141
0.007732408
0.0076533156
0.0077356766
0.007698345
0.007778604
0.00786473
0.007764326
0.0077197086
0.007787966
0.0077838358
0.00778448
0.0078042108
0.007813565
0.0077808127
0.007887645
0.0079253735
0.0077904724
0.0077124126
0.007813727
0.0077698706
0.007772717
0.0077724764
0.007821638
0.0077301674
0.0076568685
0.0078053316
0.007825867
0.007761137
0.0078491345
0.007855273
0.007757734
0.007695556
0.007764893
0.007801121
0.0077811154
0.0078020766
0.0077780806
0.00770105
0.00770706
0.0077596935
0.0076700323
0.007858748
0.0077406005
0.0076433388
0.0077402107
0.0077304873
0.007827241
0.0077187475
0.0076622106
0.007721678
0.0077285883
0.0077470243
0.0076544494
0.007725696
0.007766094
0.0078025553
0.0077665187
0.0078050955
0.0077436976
0.0076576066
0.007721166
0.0077339713
0.007711472
0.007686129
0.007689899
0.007780104
0.007835067
0.0077825193
0.0077604875
0.007673404
0.0077469987
0.007712285
0.0077387905
0.007825967
0.007681831
0.007773684
0.007744425
0.007841795
0.0076829875
0.0077470397
0.0077564903
0.0077936496
0.0077505116
0.007770488
0.007804562
0.00784984
0.0077632056
0.0076907575
0.0077256635
0.0077776685
0.0077139256
0.0077923373
0.0077019073
0.0077315182
0.0077311257
0.0077990824
0.0077413945
0.0077162865
0.007720291
0.007689844
0.007733997
0.007718542
0.007740431
0.0077333553
0.007810691
0.0077222195
0.007792535
0.0077583236
0.007839378
0.0077659143
0.0077617797
0.0077640517
0.007799763
0.007688484
0.007702133
0.0075587714
0.0076587913
0.007724814
0.007718765
0.00766221
0.0077782795
0.0077316617
0.007738987
0.007781941
0.007741909
0.0077561005
0.00764392
0.0077902586
0.0077696675
0.0077679465
0.0077616065
0.0077354982
0.007776989
0.0077171624
0.0076989415
0.007719252
0.0077879094
0.007751083
0.007804855
0.0077149053
0.007844
0.0077850576
0.007680757
0.0077506956
0.0077818283
0.0077174786
0.0077548623
0.007757787
0.007762493
0.007824562
0.007830699
0.00782031
0.007781501
0.007781389
0.0077445526
0.007654082
0.007785455
0.0077789584
0.0076657156
0.0077950214
0.007722977
0.0077329143
0.007728121
0.007819737
0.0077434396
0.00780172
0.0077818604
0.007838963
0.0077964463
0.0076905335
0.0076914206
0.007698619
0.0077846833
0.007873921
0.007846155
0.007870053
0.007818137
0.0077701765
0.0076923594
0.007847455
0.007821044
0.007814013
0.0077590183
0.007728644
0.007794778
0.0077976515
0.0077464455
0.0077711437
0.007753309
0.0077075693
0.0078067663
0.0076947645
0.0077208504
0.0076813987
0.0077787023
0.0077244574
0.007666731
0.0076715783
0.007730323
0.007751591
0.007722671
0.0076658796
0.0076899873
0.0077598863
0.0077215983
0.0077592614
0.0078011258
0.0077187708
0.0077265943
0.0077252593
0.007827256
0.0077447253
0.007667594
0.007804248
0.007741268
0.007705426
0.007721755
0.007723604
0.0076837833
0.007746287
0.007833967
0.0077339523
0.007791543
0.007774497
0.00770931
0.0077275066
0.0076471805
0.007604499
0.0076788515
0.007668577
0.0076572015
0.0076010143
0.007648537
0.007591355
0.0075532445
0.0075736092
0.007639707
0.0076260488
0.0077120108
0.0075833173
0.0076545984
0.007669891
0.007634679
0.0076235607
0.007675153
0.0076676216
0.007675934
0.0077395644
0.0077078436
0.007714577
0.0077392804
0.007707585
0.0076983557
0.0076216143
0.007679837
0.0076226033
0.0077557308
0.007630095
0.0077181007
0.0076423394
0.007684849
0.0076415273
0.007690146
0.0077446224
0.0077592237
0.0077080918
0.007651575
0.0077469386
0.007853465
0.0077457028
0.007722711
0.0077460753
0.007776995
0.0078039677
0.0077555245
0.0077269035
0.0077151223
0.0077428487
0.007737329
0.0076421094
0.007695031
0.0077516064
0.0076697622
0.0076007037
0.00774326
0.007714218
0.0077454564
0.0078075454
0.00776057
0.0076951804
0.0077069644
0.007852129
0.0077273557
0.0077770823
0.007874757
0.007815214
0.007766211
0.0076748463
0.0077441204
0.0077461074
0.007729309
0.007787128
0.0076826247
0.0077158962
0.00766863
0.0076875007
0.0077088363
0.0077107986
0.007765945
0.007727484
0.007681818
0.0076784445
0.007737383
0.0078116357
0.0077568684
0.007622433
0.0078068003
0.007766079
0.007706038
0.007628564
0.0076510473
0.007671264
0.0077174925
0.0077444953
0.0076081418
0.0076299384
0.0076335743
0.0076674586
0.00769735
0.007609315
0.007698592
0.0075958967
0.007644702
0.0077286405
0.007598212
0.0076118754
0.0076364516
0.007667336
0.007703165
0.0076498543
0.0076759066
0.007683001
0.007686468
0.0077180658
0.007620125
0.007638297
0.0075519965
0.0076314574
0.0075045987
0.007547059
0.0076869805
0.007733516
0.007636968
0.0076574795
0.0076213432
0.0076459046
0.007620779
0.0076656104
0.0075500263
0.0076024164
0.0076235635
0.007650312
0.007672396
0.007535715
0.0076013426
0.0076217917
0.0076615536
0.0076129907
0.0075730737
0.0076505486
0.0077047045
0.007597822
0.0076202406
0.0075656706
0.0076306895
0.007566249
0.0076896027
0.0076526934
0.0075923395
0.0075696004
0.0076473895
0.0076832445
0.0076563987
0.0076267505
0.007648676
0.007638207
0.0076175733
0.00763864
0.007599026
0.0075564818
0.0076395506
0.007614123
0.007571783
0.007559152
0.0076429253
0.0076849815
0.0076567517
0.0076199807
0.007712121
0.0075863833
0.0076923277
0.0077052815
0.00761778
0.0075542005
0.0076274076
0.0078014415
0.007664441
0.007665709
0.0076636556
0.0076559577
0.0075869667
0.007741571
0.007748791
0.007742605
0.007572309
0.007649091
0.007644717
0.007612369
0.0076606297
0.007544237
0.007606134
0.007611356
0.0076282676
0.007649145
0.0076226834
0.0076034064
0.007640085
0.007712003
0.007686477
0.007620928
0.0076002236
0.007697537
0.007575108
0.007716806
0.0075988024
0.0077107055
0.0076015415
0.007676577
0.0076490846
0.007751763
0.0076164748
0.0076892064
0.007709422
0.00776464
0.007594972
0.00762219
0.007585782
0.0075952546
0.0076876637
0.00767452
0.0076964116
0.007668112
0.007681547
0.0075971023
0.0076305782
0.0075947517
0.0075847693
0.007676523
0.0075831953
0.0076430724
0.007741428
0.0076910444
0.007596052
0.007614637
0.0077017667
0.0076193605
0.007575998
0.007639169
0.007689544
0.007557659
0.0076976526
0.0076718614
0.0076675173
0.0076330164
0.007558191
0.0076642805
0.0076209223
0.0076693026
0.0076157684
0.007635891
0.007647541
0.0077479864
0.0076649794
0.0076950327
0.007619934
0.007617399
0.0076861647
0.0076116105
0.0075962367
0.0076697436
0.007593119
0.0076077417
0.00765417
0.007675472
0.007642111
0.007597796
0.0076674866
0.0077390806
0.0077042608
0.007614615
0.007682206
0.0076662274
0.007635111
0.007614385
0.0076032695
0.007611222
0.007667982
0.0076128137
0.0075933915
0.00753819
0.007704611
0.0075545367
0.0075929044
0.007589044
0.007597534
0.0076084053
0.007678701
0.0075350488
0.007642325
0.007598814
0.0075857295
0.007596738
0.0076064887
0.0076234853
0.0075992667
0.0076433048
0.007634083
0.0076914537
0.00767643
0.0076945545
0.0076862555
0.007651552
0.007627179
0.007657409
0.0076638674
0.007641567
0.0076009366
0.007609829
0.007628428
0.007699292
0.0076932893
0.007713351
0.0075959573
0.0076326313
0.0075890766
0.007566913
0.007683656
0.0076862467
0.0076601976
0.007650684
0.007650031
0.0076518585
0.0075472994
0.007518174
0.007650648
0.0076043755
0.007688391
0.0075429846
0.0076210406
0.007646474
0.0076734
0.00773609
0.007607064
0.007649377
0.0076293154
0.007652644
0.0076840296
0.007658981
0.007594771
0.007619291
0.0076539367
0.007657596
0.0076171984
0.0076426496
0.007642278
0.007717908
0.007666236
0.007606464
0.0076970593
0.0077477903
0.0077266726
0.0076722717
0.0076693418
0.0076968838
0.007705352
0.007691177
0.0077135954
0.007679023
0.0076610157
0.00772493
0.007515072
0.0076801204
0.007617474
0.007598699
0.007641621
0.007690788
0.007627914
0.0076514985
0.007635884
0.0076044807
0.007632305
0.007559903
0.0077131414
0.007572207
0.007713135
0.0075836135
0.007576757
0.007572414
0.0076214876
0.0076541784
0.0076280097
0.007586619
0.0076391096
0.007600616
0.0076801353
0.0076487754
0.0075798766
0.0076799234
0.0076274388
0.0075538573
0.007567602
0.0075090216
0.007519172
0.007521184
0.0075297724
0.007530197
0.0075720567
0.0076408223
0.0075385217
0.00762503
0.0075580166
0.0075901016
0.007581612
0.007576542
0.007551085
0.0075354995
0.0075888042
0.007579326
0.007405414
0.007485401
0.007636486
0.0076382183
0.0075203786
0.007579441
0.007530781
0.0076196287
0.0077410326
0.007594322
0.0075555337
0.0076005543
0.007583413
0.0075711366
