===================== Time: [Thu Aug 11 15:53:41 2022] ========================0.030273043
0.030038955
0.029881503
0.02935435
0.02871278
0.028128888
0.027322661
0.02746099
0.026811127
0.027297946
0.027591249
0.027456623
0.027355887
0.028440828
0.02718585
0.027469682
0.027389618
0.02756567
0.02773735
0.027704101
0.027487852
0.027416382
0.027692983
0.026851775
0.026526464
0.02616344
0.026266854
0.02652029
0.026280822
0.026792858
0.026978191
0.027255198
0.027326852
0.027208569
0.02723847
0.027020669
0.027140034
0.027489806
0.02710811
0.027023831
0.026674626
0.026268108
0.026483111
0.026508374
0.026593188
0.026523134
0.026461214
0.026304433
0.026211023
0.026104715
0.025913013
0.026118705
0.02584165
0.025895528
0.02558376
0.02572338
0.0255191
0.02570818
0.025610475
0.02556786
0.025396122
0.025563953
0.02554681
0.025563162
0.025532234
0.0257308
0.025571829
0.025761677
0.025857614
0.025547035
0.025229324
0.02546188
0.025847765
0.026189104
0.026269024
0.026247125
0.026241438
0.026184596
0.026193634
0.026647637
0.026185956
0.026728703
0.026775964
0.026294928
0.026239159
0.026077924
0.025941245
0.02556678
0.025772385
0.025921639
0.025719333
0.02550744
0.025625942
0.025119802
0.025221162
0.02546852
0.02544377
0.02527975
0.0253644
0.025299942
0.025216337
0.02534917
0.025433864
0.02550792
0.025286289
0.025167964
0.025190808
0.024966933
0.024695856
0.025013922
0.025459478
0.025806598
0.025503851
0.025368528
0.02507624
0.025178645
0.025554912
0.025518518
0.025530223
0.025313664
0.02553936
0.025608836
0.025235547
0.02525849
0.025411379
0.025115283
0.025165606
0.024952278
0.0251097
0.025107255
0.025258448
0.025293013
0.025294416
0.025291841
0.025196053
0.025075782
0.024877945
0.025073804
0.025211649
0.025493138
0.025164975
0.024704043
0.024793481
0.024824833
0.02488549
0.024829151
0.025140464
0.025081716
0.025063546
0.024844686
0.024854312
0.02503379
0.025059618
0.024917454
0.024885103
0.02483101
0.024703028
0.024936527
0.02492053
0.025033241
0.024985014
0.02500504
0.024877781
0.024743479
0.024739712
0.02457545
0.02484627
0.024916101
0.024791839
0.024829721
0.024771186
0.024890447
0.024676293
0.024779292
0.024703143
0.024623875
0.024553297
0.024582546
0.024515921
0.024402
0.02443777
0.024319993
0.024469092
0.024305297
0.024398578
0.024569923
0.024540106
0.02461779
0.024521522
0.024569934
0.024551313
0.024547568
0.024404928
0.024299845
0.024353657
0.02420954
0.024343489
0.024245461
0.024073856
0.024336807
0.024422277
0.024501728
0.024581848
0.024743972
0.02469177
0.024713792
0.024638014
0.024582248
0.024297742
0.024417115
0.024489822
0.024617987
0.024462078
0.02480097
0.025145661
0.02497444
0.024931854
0.024679165
0.024739478
0.025175083
0.025219839
0.025364278
0.025159137
0.025323488
0.02526841
0.0252157
0.024957392
0.024774894
0.024749352
0.024522668
0.024489352
0.024486307
0.024378397
0.024431735
0.024658337
0.024877632
0.0248433
0.024513094
0.024430007
0.024448548
0.02437275
0.024458094
0.02454032
0.02432208
0.02431545
0.024359843
0.024211356
0.024028746
0.024219453
0.024360714
0.024265803
0.024269486
0.024244592
0.024299262
0.024090128
0.023988562
0.02398773
0.024147313
0.023890784
0.023956193
0.023922144
0.023930937
0.023731755
0.023706311
0.023560407
0.02355652
0.023609279
0.023746205
0.023919921
0.023918599
0.02383268
0.023729358
0.023824463
0.023727862
0.023729807
0.023856761
0.023886658
0.023743698
0.023703316
0.02378771
0.023715442
0.023834858
0.023799282
0.023549737
0.023565894
0.023623232
0.023497019
0.023481581
0.02355242
0.023490863
0.023282997
0.02319487
0.023281284
0.023253938
0.02341772
0.023329742
0.02332498
0.023438368
0.02353958
0.02341143
0.023606349
0.023434024
0.02348687
0.023477886
0.02429247
0.024138093
0.023907376
0.02382861
0.02380425
0.024104543
0.024346327
0.024607815
0.024428075
0.024409002
0.024412828
0.02406622
0.023889685
0.02398977
0.023983462
0.024433399
0.024676416
0.024529163
0.024372622
0.023825819
0.023722293
0.023850482
0.023928786
0.024026813
0.024163527
0.024060784
0.023934845
0.023854353
0.023732703
0.023803795
0.023734342
0.02400911
0.024039749
0.023916548
0.023820298
0.023814803
0.023788052
0.02379421
0.023668526
0.02363103
0.023671314
0.023857785
0.023706853
0.023580918
0.023466948
0.023577515
0.02360632
0.023610415
0.023906652
0.023873344
0.023776717
0.023722248
0.023773663
0.023604494
0.023484072
0.023512706
0.02352733
0.023429789
0.023324193
0.02343377
0.023579476
0.023736812
0.023739494
0.023676563
0.02370487
0.023695536
0.023540562
0.023522379
0.023819434
0.023719082
0.023607463
0.023616895
0.023660624
0.023655718
0.023514375
0.023494769
0.023434313
0.023445195
0.023510216
0.02349699
0.02344138
0.023389079
0.023398735
0.02333058
0.023307929
0.023855548
0.023863524
0.023660162
0.023314731
0.023459611
0.023581784
0.023656879
0.023596479
0.023688842
0.023443716
0.023432262
0.023516394
0.023449436
0.02354254
0.023498328
0.023395149
0.023266857
0.023411635
0.02357584
0.023563357
0.023565393
0.023598759
0.023480285
0.023237515
0.023309657
0.023385633
0.023243606
0.023303496
0.023215503
0.023439115
0.02321659
0.023265129
0.023236217
0.023296488
0.023134364
0.023169994
0.023331959
0.023280544
0.023235396
0.023268541
0.02325185
0.023207135
0.023079976
0.023254901
0.02342136
0.023189627
0.023257414
0.023412952
0.023597524
0.023391336
0.023484012
0.0233818
0.023274712
0.023075482
0.023229381
0.023216667
0.023219625
0.0230375
0.02314372
0.023150299
0.02324615
0.023379767
0.023325557
0.023438174
0.023315141
0.023503484
0.02330526
0.023176638
0.02337496
0.023192748
0.023262618
0.02330189
0.02339681
0.023323411
0.023283407
0.023257747
0.023403578
0.023206383
0.023206163
0.023035532
0.022998799
0.023004878
0.022859901
0.023168363
0.023236942
0.02322635
0.023078632
0.023044107
0.022981653
0.022973245
0.023053398
0.02302729
0.022923844
0.022982193
0.022956138
0.023122856
0.02313488
0.02313556
0.02327597
0.02318101
0.023297582
0.023289572
0.023178874
0.023038281
0.023095896
0.023029054
0.023010094
0.022889525
0.023042224
0.023016771
0.023009986
0.023016423
0.022887938
0.023070386
0.02310101
0.02314191
0.023103163
0.022914503
0.022830762
0.022899441
0.02284877
0.022658143
0.022948457
0.022810528
0.02299709
0.022796117
0.022831395
0.022776602
0.022883547
0.022981927
0.023048198
0.023033187
0.022785032
0.022829806
0.022881562
0.022874333
0.022823974
0.022810351
0.022955405
0.02303911
0.022993753
0.023223476
0.023113726
0.022947723
0.022975853
0.023149552
0.022910107
0.0230801
0.023114964
0.02313291
0.023153592
0.022894006
0.02280746
0.0229193
0.023010416
0.023158533
0.023086194
0.023066714
0.022923173
0.0228408
0.02290526
0.02296083
0.022949673
0.023114664
0.02297458
0.02282663
0.022792716
0.022736305
0.022787146
0.022761008
0.022722818
0.022652645
0.022803025
0.022834405
0.02276333
0.022775404
0.022765324
0.022612564
0.02286581
0.022824073
0.022646086
0.022791602
0.022765396
0.02269603
0.02273083
0.022726305
0.022545133
0.022697473
0.022633092
0.022516105
0.022741362
0.02267935
0.022662126
0.022537991
0.022602962
0.022681735
0.022522155
0.022648796
0.022536952
0.022573428
0.022669766
0.022618258
0.022642061
0.022742886
0.022817168
0.022646321
0.022663455
0.022458844
0.022493314
0.022723537
0.022670215
0.022692027
0.022603672
0.022537412
0.022546193
0.02261233
0.022559239
0.022457331
0.022679068
0.022658015
0.02268692
0.022715444
0.022532238
0.022437474
0.022527318
0.022485709
0.022452276
0.022364423
0.022366958
0.022579566
0.0226357
0.022670569
0.022627015
0.022710813
0.022601144
0.022440236
0.022535091
0.022594076
0.022547536
0.022690631
0.022634495
0.02260273
0.02226936
0.02253173
0.022571733
0.022619352
0.022656726
0.022528414
0.022466697
0.022562485
0.022438569
0.022700462
0.02271535
0.022631062
0.02259077
0.022606049
0.022522902
0.022567969
0.022602746
0.022560388
0.02259925
0.022647345
0.022609841
0.022622317
0.022517864
0.022565302
0.022322858
0.022366498
0.02256428
0.022496393
0.022658985
0.022520475
0.02247324
0.022416681
0.022652477
0.022731207
0.022560064
0.02248192
0.02258199
0.022651853
0.022578027
0.022542072
0.022545133
0.022651229
0.02265761
0.022596799
0.022439087
0.022500636
0.022308607
0.022419335
0.022400817
0.02240651
0.022422042
0.022494547
0.022581156
0.022626633
0.022616806
0.022523513
0.022466118
0.02254195
0.022517256
0.022519717
0.022449408
0.02255599
0.022503035
0.022505635
0.022346042
0.022335507
0.022249749
0.022388738
0.022371236
0.022471052
0.022509485
0.022319807
0.022386743
0.022472963
0.022394188
0.022586577
0.022478234
0.022475809
0.022465782
0.022470184
0.022484284
0.022374393
0.022290546
0.022416076
0.022336794
0.022474902
0.022462944
0.02231217
0.022304218
0.02219578
0.022313604
0.02225593
0.022355791
0.022412937
0.022223657
0.022080587
0.022375843
0.022325682
0.022229351
0.022442585
0.022273105
0.022300176
0.022295726
0.022276733
0.022241835
0.022338735
0.022377597
0.022303777
0.022492867
0.022609489
0.022520551
0.022335097
0.022195501
0.022265436
0.022410419
0.022248456
0.022556191
0.022537872
0.02261819
0.022480214
0.022670306
0.022636605
0.022546466
0.022540484
0.02225866
0.022265445
0.022423977
0.022465428
0.022628443
0.022659872
0.022432314
0.02243979
0.022411104
0.022455098
0.022512866
0.022421557
0.022538237
0.0223494
0.022283735
0.022362977
0.02240828
0.02238417
0.022318909
0.022316094
0.02247955
0.022326056
0.022342527
0.022263907
0.022314863
0.022447659
0.022436848
0.022338027
0.022417152
0.022462929
0.022418305
0.02234827
0.022337012
0.02214912
0.02242023
0.02226295
0.022306912
0.02218243
0.02241105
0.022477454
0.02238325
0.022373796
0.022311762
0.02233568
0.022205373
0.02224312
0.022315996
0.022269318
0.022389585
0.022245837
0.022180928
0.02224098
0.022424346
0.022349399
0.022292465
0.022046786
0.022229416
0.02216506
0.022203838
0.022213683
0.022304436
0.022325713
0.022406671
0.02250788
0.022293713
0.022146286
0.022317555
0.022151982
0.022055726
0.02231855
0.022266159
0.02227272
0.022310825
0.022299457
0.022317622
0.022410994
0.022335364
0.02228756
0.022367487
0.022285769
0.022253245
0.022336567
0.022295035
0.022278544
0.022276344
0.022258943
0.022333074
0.022366375
0.022319973
0.022305707
0.022300739
0.022344101
0.022208707
0.02237986
0.022283534
0.022273699
0.022270741
0.02214066
0.022345426
0.022320548
0.02229965
0.022207826
0.0222543
0.022131553
0.022291213
0.022262251
0.022221796
0.022268074
0.022187615
0.022249095
0.022204034
0.022230793
0.0220631
0.022202402
0.022309883
0.022439163
0.022434646
0.022255128
0.022302967
0.022232613
0.022519246
0.022473268
0.02221121
0.022293279
0.022178609
0.022168122
0.022257198
0.022232216
0.022419874
0.022288974
0.022244506
0.022256996
0.022160195
0.022235816
0.022265926
0.022297777
0.022370676
0.02245309
0.02239306
0.02228237
0.022163004
0.02203195
0.022215184
0.022190243
0.02212068
0.022222342
0.022137947
0.022189487
0.02227326
0.02244713
0.022488333
0.022361346
0.022247707
0.02229215
0.022314383
0.022258293
0.022163082
0.022167077
0.022078412
0.022212273
0.022209847
0.022218352
0.02227133
0.022175897
0.022131367
0.022103967
0.022205953
0.022021124
0.022110049
0.022307577
0.022044485
0.02202034
0.022029826
0.02211671
0.022067057
0.022086939
0.02202327
0.022152686
0.022185124
0.022217775
0.022375204
0.022329766
0.0222363
0.021977648
0.022069419
0.022182584
0.022308923
0.022213036
0.022210252
0.022104658
0.02209617
0.022165343
0.022053935
0.022128722
0.022163564
0.022195103
0.022167798
0.022260668
0.02209597
0.022082087
0.022000989
0.02193076
0.021980206
0.022056354
0.022291835
0.022283487
0.022377357
0.022232752
0.022159385
0.022114147
0.022147989
0.022357978
0.022392366
0.022314176
0.022123486
0.02209546
0.02210835
0.02233874
0.022172088
0.022140445
0.022086382
0.02211305
0.022128452
0.021986267
0.02206468
0.022161614
0.022103194
0.022073735
0.0219845
0.02203285
0.022152817
0.022151787
0.022251755
0.022364175
0.022301305
0.022416838
0.022222834
0.02220626
0.02232496
0.022199059
0.022128357
0.022076137
0.022073671
0.022090595
0.02216531
0.022061244
0.02188485
0.022087703
0.021932611
0.021976726
0.022055091
0.021937229
0.022057367
0.022033006
0.02207537
0.021993011
0.022099424
0.021856846
0.021873351
0.021936776
0.02187762
0.02198987
0.021978678
0.021951176
0.021934377
0.02206054
0.021858808
0.021985622
0.02211754
0.022051543
0.02194718
0.022035433
0.02216375
0.022180641
0.022076173
0.022027314
0.022042662
0.022276029
0.022186521
0.02219679
0.022099894
0.022175055
0.02221796
0.022342345
0.022208095
0.022094497
0.022131074
0.022009334
0.021821596
0.022105223
0.021916112
0.022065958
0.022170402
0.022074008
0.021918718
0.02208908
0.021904245
0.021904811
0.022119606
0.022061778
0.022072786
0.021903288
0.021963608
0.022027982
0.022203632
0.0220057
0.022025028
0.02209164
0.022062799
0.02213707
0.022078387
0.022149755
0.022152774
0.022156615
0.02212448
0.022181354
0.022072678
0.022220453
0.022159621
0.022164116
0.022110352
0.022087956
0.02205697
0.022095514
0.022042966
0.022017352
0.021985179
0.022123577
0.021995978
0.022169502
0.02204445
0.022003036
0.022002997
0.021926273
0.021836227
0.02191736
0.021988027
0.021984363
0.02210055
0.022086399
0.021905422
0.02187955
0.021872325
0.022002555
0.021861233
0.021712918
0.021795452
0.021729294
0.021649396
0.021642081
0.021856464
0.021811165
0.021865657
0.021922614
0.021982124
0.021760901
0.021974588
0.021814475
0.021877991
0.021791086
0.021632735
0.021746237
0.02177402
0.021896262
0.021651968
0.02195917
0.021862073
0.021864582
0.021625048
0.021633722
0.021690018
0.021906838
0.021899944
0.021931924
0.021995164
0.02171556
0.021801297
0.021718651
0.021797543
0.0217471
0.02188776
0.021832293
0.02182752
0.02191882
0.021801373
0.02198515
0.021968335
0.0218407
0.02183967
0.02167507
0.021940509
0.021852339
0.021933807
0.02198714
0.022024304
0.02183823
0.021973206
0.021899201
0.02202189
0.021991257
0.022051198
0.0219589
0.022277214
0.022159716
0.022351408
0.022316486
0.02216444
0.022048052
0.022152588
0.022061381
0.022029763
0.02205848
0.022217706
0.02203525
0.022020238
0.02208749
0.02202727
0.021904832
0.0219848
0.021970572
0.021984152
0.022119943
0.022036241
0.021959977
0.022046652
0.021999957
0.021929624
0.022044402
0.021888979
0.021862349
0.02200575
0.02185898
0.021805223
0.021926953
0.021907251
0.021850027
0.021790463
0.02177135
0.021799007
0.021872435
0.02166172
0.021710023
0.0218214
0.021915497
0.021851528
0.02196518
0.021797085
0.021800518
0.021841656
0.021868458
0.02166741
0.021830224
0.021861486
0.021696234
0.021698821
0.021668121
0.021745726
0.021775868
0.021894626
0.021681216
0.02166443
0.021580363
0.021714024
0.021872357
0.021687517
0.021676915
0.02180468
0.021690894
0.02150149
0.021582521
0.02164501
0.021845652
0.021615155
0.021802982
0.02166588
0.021679442
0.02164646
0.02175432
0.02163822
0.02183217
0.021998063
0.02198149
0.021805843
0.021963371
0.021762373
0.021708896
0.021767264
0.021819511
0.0219516
0.021853436
0.021875817
0.021986382
0.021982124
0.021674894
0.021698697
0.021741034
0.021714184
0.021885233
0.021887347
0.021895558
0.021866616
0.021974394
0.021813327
0.021743795
0.021652315
0.021678837
0.021697983
0.021807164
0.02179131
0.021956267
0.022077218
0.02187373
0.021907307
0.02197599
0.021990206
0.022081928
0.021798661
0.02199073
0.021852799
0.021919902
0.021930644
0.021707349
0.02179845
0.021807315
0.021753654
0.021804197
0.021705827
0.021739505
0.021876471
0.021772867
0.021775298
0.021878602
0.021854948
0.021893784
0.021659002
0.021843955
0.021903448
0.021781871
0.021806829
0.021911662
0.021782102
0.021845952
0.021678815
0.02180213
0.021810092
0.021794135
0.021942426
0.021715416
0.021708412
0.02151005
0.021587998
0.021701945
0.021728326
0.021784822
0.021762833
0.021735579
0.02174601
0.02162997
0.021491792
0.021636415
0.02170894
0.021752592
0.02169083
0.021738483
0.021854207
0.021687184
0.021740915
0.021900421
0.021827811
0.021667752
0.021798858
0.021829963
0.021768162
0.021788865
0.021744715
0.021845544
0.02169517
0.021863187
0.021606855
0.021697083
0.021721045
0.021695014
0.021718282
0.021648044
0.021698182
0.021837588
0.021791741
0.021723373
0.021574903
0.021905955
0.021835554
0.021826856
0.021757573
0.021738458
0.0217999
0.021791916
0.02177563
0.021681244
0.021864928
0.021902788
0.021977525
0.021914817
0.021811102
0.02179274
0.022007268
0.022165312
0.021990716
0.021980604
0.021976624
0.021963693
0.021885246
0.02193143
0.021952804
0.021635275
0.021772107
0.02195037
0.021958284
0.021714192
0.021738827
0.021831831
0.021499878
0.021738542
0.021749021
0.021688664
0.021771722
0.021839103
0.021775017
0.021875164
0.021792717
0.021796668
0.02169936
0.021844007
0.02184245
0.021608843
0.021783715
0.02177889
0.021802228
0.021860585
0.021872113
0.021630192
0.021842556
0.02183135
0.021921407
0.021689463
0.0218853
0.021837082
0.021680245
0.021635
0.021594474
0.021555858
0.021740088
0.021640278
0.021694338
0.021737687
0.02185626
0.021745684
0.02175262
0.021848
0.021717004
0.021869423
0.0217339
0.021698536
0.021758944
0.021754727
0.02182738
0.02174888
0.021584298
0.021586735
0.021620842
0.021757942
0.021618634
0.021767188
0.02173228
0.021932015
0.021781787
0.02189674
0.021722918
0.021813506
0.02173351
0.02171942
0.021826005
0.021781769
0.021742122
0.021603623
0.021667078
0.021702887
0.021866025
0.021747876
0.021788852
0.021703362
0.021747455
0.021774907
0.02181612
0.021807883
0.021805188
0.022008032
0.021922847
0.021843273
0.02164849
0.0218488
0.021703372
0.02175367
0.021549275
0.021842584
0.022051813
0.021989064
0.02177995
0.021611774
0.021654952
0.02154149
0.021688148
0.021632638
0.021607926
0.021620566
0.02165329
0.02166851
0.021697184
0.021564677
0.021739017
0.021816289
0.021635994
0.0218137
0.021599691
0.021622432
0.021591822
0.021566885
0.02172692
0.02166503
0.021506386
0.021444058
0.021565188
0.021564413
0.021683406
0.021612152
0.021727007
0.021736229
0.021704128
0.021556752
0.021587534
0.021660298
0.02152765
0.021621339
0.021748437
0.021691173
0.021661049
0.021820575
0.021682762
0.02179174
0.021577245
0.021637896
0.021671724
0.021629358
0.02164126
0.021697601
0.021847257
0.02192091
0.021897031
0.021663021
0.021838315
0.021776903
0.021801198
0.021722423
0.0218323
0.021782268
0.021792937
0.021772804
0.021757187
0.021591865
0.021631699
0.021839773
0.021728346
0.021826897
0.021790706
0.021820357
0.021868067
0.021679418
0.021713885
0.021876663
0.021906396
0.021799386
0.02175646
0.021752885
0.02165037
0.021743609
0.021876825
0.021914983
0.02179115
0.021804104
0.021747494
0.021768613
0.021892373
0.021746162
0.021853281
0.021645974
0.021615302
0.021715324
0.02160364
0.021807022
0.021721011
0.021642903
0.021820122
0.021815972
0.021777175
0.021720374
0.021695646
0.021660127
0.02159815
0.021503795
0.02149555
0.021652156
0.021570673
0.021535046
0.02163292
0.021638699
0.02164604
0.021444583
0.021663051
0.021634337
0.021507757
0.02147939
0.021508595
0.021487856
0.021392351
0.021512527
0.021559805
0.021498546
0.021680899
0.021672465
0.021719577
0.021584313
0.021557461
0.021750268
0.0216851
0.021722948
0.0217484
0.021663496
0.021722158
0.02165775
0.021533983
0.021594549
0.021663249
0.02170754
0.02146743
0.021505337
0.021647483
0.02159592
0.021672385
0.021731582
0.021636218
0.021568717
0.021455383
0.021557761
0.021638568
0.021646565
0.021603376
0.021754982
0.021876134
0.021702819
0.021616627
0.021608846
0.021574238
0.02161282
0.02147962
0.021697171
0.021560507
0.021549111
0.021630868
0.021569872
0.02147578
0.02188161
0.021650592
0.021588823
0.02162462
0.021644516
0.021580487
0.021604944
0.02176031
0.021970952
0.021881884
0.021721859
0.021733616
0.021717895
0.021751124
0.02190741
0.021790847
0.021695502
0.021896876
0.021776535
0.02171461
0.021686973
0.021732245
0.021771338
0.021764556
0.021696836
0.021835936
0.02176446
0.021861967
0.021848308
0.021702489
0.021604234
0.021828974
0.021640949
0.021968413
0.021890096
0.021800242
0.021957338
0.021841452
0.021949822
0.02185197
0.02178081
0.021815373
0.021800786
0.02171587
0.02175837
0.021700673
0.02183336
0.021671107
0.021700665
0.02164751
0.021593504
0.02154009
0.021608772
0.021624006
0.021626648
0.021420758
0.021644436
0.021572327
0.021620382
0.021494124
0.021468826
0.02155177
0.021464974
0.021513391
0.021616748
0.021516256
0.021457069
0.021576066
0.021545662
0.021689761
0.021516731
0.021656616
0.02165619
0.02162873
0.0215261
0.021605462
0.021516256
0.021548241
0.021547103
0.021703351
0.021666804
0.021752791
0.021726545
0.021914126
0.021698134
0.021729337
0.021647697
0.021676006
0.02152633
0.021574069
0.021523012
0.02160086
0.021529388
0.021563193
0.02158417
0.021451684
0.02138486
0.021630872
0.021455616
0.021506544
0.021600679
0.02133738
0.021311184
0.02138906
0.021505954
0.021350663
0.021460265
0.02139954
0.021479469
0.021494031
0.021562459
0.02140344
0.021450508
0.021417817
0.021573251
0.021576308
0.021321867
0.021337705
0.021437615
0.021507058
0.021685028
0.021422014
0.021450127
0.02157687
0.021479206
0.02151065
0.021389982
0.021519296
0.021464732
0.021407533
0.021463728
0.021449123
0.021461135
0.021421986
0.021560544
0.021415485
0.021637991
0.02171441
0.021589309
0.021643177
0.021563781
0.021689178
0.021604627
0.021418696
0.021536173
0.021712571
0.021915685
0.021708697
0.021727357
0.021874908
0.021893872
0.02177086
0.021787884
0.021601804
0.021571912
0.021620518
0.021556458
0.021635804
0.021608267
0.021651253
0.021710565
0.021686973
0.021749567
0.021687603
0.021673243
0.021575255
0.021662712
0.021596508
0.021657987
0.021584565
0.021580266
0.021505266
0.021640612
0.021647805
0.021462394
0.021584153
0.021516234
0.021757245
0.021522319
0.02164298
0.021532696
0.021595538
0.021421023
0.02147824
0.021382779
0.021361504
0.021482335
0.021378828
0.021446101
0.021346137
0.021441877
0.021652654
0.021564802
0.02156609
0.021571184
0.021408284
0.021391273
0.021496719
0.02157558
0.021588875
0.021469219
0.021541487
0.021414377
0.02148965
0.021536935
0.02156671
0.021772668
0.021694764
0.021710247
0.021330716
0.021448793
0.021464245
0.021565646
0.0215744
0.021428704
0.021701194
0.02158165
0.021658404
0.02156548
0.021651633
0.021479763
0.021388765
0.02145034
0.021391261
0.021436278
0.02128942
0.021368576
0.021349182
0.02135853
0.021396978
0.021461885
0.02140321
0.021496363
0.021359168
0.02130815
0.021304566
0.021439867
0.021424226
0.021426972
0.021423897
0.02145267
0.02130268
0.021244945
0.021215532
0.021409947
0.021247925
0.021334268
0.021443237
0.021479191
0.021345064
0.021373615
0.021344692
0.021338977
0.02146617
0.02137
0.021473993
0.021364138
0.021269731
0.021421852
0.021386188
0.021406684
0.021346685
0.021257196
0.021299621
0.021391306
0.021381298
0.02136304
0.021268373
0.021278517
0.021367915
0.021243483
0.021319974
0.021201465
0.021358287
0.021416474
0.021399567
0.021422215
0.02128166
0.021155663
0.021454455
0.021293396
0.02135972
0.021318542
0.021280829
0.021119935
0.021281974
0.021343037
0.021343386
0.02128113
0.021448545
0.021303972
0.021334622
0.021382269
0.021335602
0.021345947
0.021330204
0.02116935
0.021322016
0.021393074
0.021490484
0.021416467
0.0214412
0.021210304
0.02134936
0.021478519
0.021496357
0.021232681
0.021288252
0.02154488
0.021680666
0.021720426
0.02169413
0.021882087
0.021681823
0.021627316
0.021549515
0.021639105
0.021450883
0.021458218
0.021451864
0.021374587
0.02139475
0.02147679
0.021396074
0.021329697
0.021445576
0.021531971
0.021417266
0.021295834
0.021487018
0.021288948
0.021417655
0.021507515
0.021407606
0.021437023
0.021302883
0.021379814
0.021406349
0.021191489
0.021306714
0.021275477
0.02135945
0.021241153
0.021402748
0.021293167
0.021245044
0.021439157
0.021494469
0.021365512
0.021248268
0.021230629
0.021263786
0.021196974
0.021221658
0.021400675
0.021366972
0.02138406
0.021492537
0.021413406
0.021466825
0.021369113
0.021406393
0.021320205
0.021189218
0.021434672
0.021348227
0.021235293
0.021278625
0.021398425
0.021207385
0.021223733
0.021228386
0.021164335
0.02133541
0.02136076
0.021242235
0.021165594
0.02124711
0.021267574
0.0213343
0.021296276
0.021258272
0.021294514
0.02135594
0.021237237
0.021331193
0.021277929
0.0211335
0.021171663
0.02122723
0.021235447
0.021276556
0.021158028
0.021185562
0.021321174
0.021172617
0.021138174
0.02141131
0.021379495
0.021211237
0.021189535
0.021173868
0.021307832
0.02126553
0.021211347
0.021229645
0.021341356
0.021388758
0.021289768
0.021129638
0.020895602
0.021132302
0.021181017
0.021337338
0.02130501
0.021253655
0.021215025
0.02119522
0.021248955
0.021292478
0.021289723
0.021131936
0.021214541
0.021417849
0.021444699
0.021451822
0.021286746
0.021268766
0.021324085
0.021428598
0.021574974
0.021354208
0.021444568
0.021287564
0.021299813
0.021399798
0.021276815
0.02162175
0.021516472
0.021393944
0.02127731
0.021271987
0.021258835
0.02127599
0.021303378
0.02137495
0.021234721
0.021207806
0.021245142
0.021248378
0.021389395
0.021351593
0.021280352
0.021140743
0.0212996
0.021294178
0.021355119
0.02136432
0.021452665
0.021516833
0.021235041
0.021369018
0.021269616
0.021250093
0.021178372
0.021179657
0.021243632
0.021262657
0.021161636
0.021220382
0.021291332
0.02127363
0.02115475
0.021167124
0.0212052
0.02119351
0.021279681
0.02119508
0.021232443
0.02111185
0.021004988
0.021196846
0.021153063
0.021183802
0.021165038
0.021235526
0.021083418
0.021150783
0.021195099
0.021008095
0.02104379
0.021235721
0.021099616
0.02126608
0.021272028
0.021112742
0.021142393
0.02119557
0.021083778
0.021134373
0.021113718
0.02104286
0.021058489
0.020946931
0.021090554
0.020987477
0.021091029
0.021224143
0.021339273
0.021172406
0.021248125
0.021195093
0.02117141
0.02132966
0.021251183
0.021306956
0.02130902
0.021266295
0.021161765
0.021146128
0.021253714
0.021236705
0.02099551
0.021121563
0.021193167
0.0212474
0.021197116
0.021325033
0.021174662
0.021340018
0.021119079
0.021137526
0.021169353
0.021258539
0.021285849
0.021388933
0.021263514
0.021304637
0.021226237
0.021313028
0.021129362
0.021158688
0.021408942
0.021286365
0.02143311
0.021261971
0.021287672
0.021267077
0.021351656
0.02130259
0.021357791
0.021405613
0.02137158
0.02126804
0.021497365
0.021353032
0.021496411
0.02143221
0.021359803
0.021263931
0.021131521
0.021205638
0.021222796
0.021188408
0.021396497
0.02118979
0.021411125
0.021289306
0.021123959
0.021370944
0.021194233
0.021278342
0.02131655
0.021312635
0.021247193
0.021247417
0.021403275
0.021530839
0.021454085
0.021529885
0.021314284
0.021371342
0.021425018
0.021516416
0.0214308
0.021450043
0.021380259
0.021343483
0.021576358
0.021636367
0.021436697
0.021407852
0.02123029
0.021353016
0.021492383
0.021284522
0.021353096
0.021408817
0.021279987
0.021385845
0.021417698
0.02118259
0.021290604
0.02128624
0.021366745
0.021338778
0.02128918
0.0210484
0.02116909
0.021334928
0.021180123
0.021176483
0.02125969
0.021323163
0.021224953
0.021275435
0.021312755
0.021278296
0.021183027
0.021180475
0.02119122
0.021249248
0.021335902
0.021234732
0.02127397
0.021292489
0.02121374
0.02129206
0.021343147
0.02118226
0.021237833
0.021288527
0.02128226
0.02121285
0.021134624
0.021116924
0.021193752
0.021089261
0.021100458
0.021147154
0.02123455
0.021248206
0.021182828
0.021228772
0.021277372
0.021477561
0.02123347
0.02125443
0.021150066
0.021084806
0.021312356
0.021278787
0.021262225
0.021267662
0.021303779
0.021356845
0.021397939
0.021324636
0.021312445
0.021216473
0.021270178
0.021121595
0.021183897
0.021218218
0.02107144
0.021088876
0.021212174
0.021173183
0.021185879
0.02123923
0.021192612
0.02109017
0.02117076
0.021253284
0.021312954
0.021154245
0.021015411
0.021100452
0.021215783
0.021196032
0.021163497
0.020963416
0.021186875
0.021234656
0.021245675
0.02131847
0.021202695
0.02101768
0.021127602
0.021252815
0.021142155
0.021122398
0.021175269
0.021052971
0.021123
0.02116458
0.02117135
0.021387137
0.0212596
0.02127535
0.0214013
0.021111269
0.021115663
0.021062322
0.021139115
0.021184172
0.021256436
0.021232255
0.021165762
0.021248652
0.021165384
0.021221157
0.02129306
0.021305274
0.021353984
0.02109913
0.021267697
0.021189915
0.021233337
0.021313336
0.02121596
0.021067524
0.021297153
0.021248192
0.021231927
0.021220487
0.021353852
0.02115229
0.021286855
0.021160884
0.021187628
0.021171642
0.021140741
0.021191157
0.02125206
0.021246888
0.021422645
0.021157468
0.02131521
0.021171639
0.02118954
0.021271747
0.021374319
0.021331824
0.021217609
0.02133079
0.021335158
0.021289254
0.021348352
0.021200778
0.021253588
0.021096677
0.021285273
0.02128825
0.021197952
0.021320034
0.021369418
0.021436399
0.021192735
0.021484872
0.021223005
0.021416299
0.021258108
0.02120168
0.021183044
0.02109159
0.021213826
0.021109587
0.021109376
0.021294603
0.02111429
0.021109594
0.02129618
0.021252325
0.021216067
0.02121411
0.021221885
0.021444995
0.02137738
0.021335965
0.021338675
0.021334436
0.021138182
0.021157762
0.021283252
0.021382973
0.021264495
0.021147586
0.021187391
0.021152092
0.021057384
0.021163266
0.021129077
0.021044558
0.021156939
0.021133833
0.02107651
0.021167519
0.021074297
0.021154184
0.021065608
0.02106421
0.021300126
0.021224061
0.021279242
0.021249328
0.021225633
0.02109502
0.021164246
0.021158367
0.021233715
0.021159073
0.021051746
0.021101687
0.021203928
0.021126024
0.021115836
0.021150546
0.021212578
0.021197757
0.021481028
0.021449544
0.021232786
0.021415675
0.021248735
0.021387838
0.02122525
0.021202398
0.021316063
0.02124616
0.021350274
0.021439515
0.021427996
0.02126866
0.02137095
0.021344734
0.021183735
0.021247663
0.021013383
0.021255499
0.021250734
0.02118121
0.021007562
0.021235235
0.021121949
0.02115428
0.021189887
0.021158323
0.021372914
0.02115109
0.021252641
0.021287221
0.021220418
0.021213051
0.021046644
0.020973187
0.021050628
0.021035636
0.020999866
0.021028254
0.021014074
0.02096279
0.021117803
0.021116687
0.021097826
0.021119518
0.021212514
0.021181656
0.021179223
0.021194225
0.021137327
0.02111213
0.021111328
0.021158293
0.021209726
0.021140486
0.020952087
0.021249745
0.021200363
0.021111306
0.021247247
0.021265086
0.021136478
0.021222437
0.021241749
0.020991577
0.020942515
0.020963736
0.021171965
0.02106307
0.021154672
0.021202248
0.021170778
0.021062773
0.021029854
0.021024479
0.021114156
0.021090096
0.020950697
0.021031473
0.021025226
0.021186747
0.02114676
0.021179087
0.021288887
0.021199683
0.02115255
0.021374388
0.02126546
0.02118125
0.0212089
0.021358276
0.02126253
0.021090442
0.021289708
0.02115143
0.021389242
0.021203618
0.02096721
0.021250553
0.021274885
0.02127918
0.021120172
0.021234103
0.0209821
0.021142056
0.021199454
0.02103491
0.021064388
0.021038672
0.021112215
0.02115132
0.021093797
0.021114096
0.021085482
0.021059323
0.021236604
0.021150524
0.021155648
0.020972116
0.021091204
0.021130498
0.021141343
0.021137884
0.02105002
0.021053184
0.020883156
0.021011425
0.021117648
0.021180928
0.020997256
0.021133382
0.021054223
0.021094391
0.02115551
0.021155978
0.021209901
0.02119856
0.021228764
0.02102358
0.021073878
0.021160195
0.02117537
0.021194868
0.021041548
0.021153135
0.021115258
0.020970844
0.021054503
0.020993046
0.021112239
0.021021975
0.021001058
0.021009529
0.021052014
0.021023408
0.02105582
0.020993218
0.020994894
0.020959875
0.021002267
0.021163799
0.021174308
0.02122745
0.021190863
0.021112561
0.021159304
0.020896984
0.021143122
0.021217167
0.021247307
0.020993967
0.021149764
0.021125438
0.021083012
0.021093296
0.021134548
0.021104686
0.021143533
0.02124024
0.021050204
0.021132769
0.020960676
0.021171724
0.02114974
0.021175643
0.02119062
0.021274345
0.021193186
0.021209614
0.02116579
0.02135588
0.021367855
0.021362575
0.021288339
0.02123405
0.02126097
0.021417866
0.021424588
0.021337237
0.021345038
0.021371726
0.021175005
0.021142444
0.021321766
0.021177651
0.02125788
0.021233512
0.021103732
0.021015685
0.02112042
0.021036379
0.021042507
0.021042025
0.021123368
0.021181446
0.02115304
0.020952377
0.021043342
0.021223415
0.021061823
0.021055108
0.021008724
0.021145254
0.021092866
0.021013802
0.021036074
0.021091681
0.020979756
0.02116722
0.021157585
0.021113198
0.021214344
0.021065585
0.021241875
0.020869303
0.021004276
0.021030474
0.020923782
0.021033686
0.020929119
0.020953216
0.021094542
0.020931069
0.020970248
0.020941606
0.020926075
0.021038806
0.020894397
0.021023111
0.021053197
0.021112042
0.020858843
0.021019258
0.020909898
0.02107022
0.021054063
0.021030843
0.020951277
0.020916194
0.021193426
0.021118822
0.020942064
0.021064129
0.021110432
0.02098468
0.02109878
0.021240063
0.021187376
0.02113102
0.021121223
0.021046404
0.021144504
0.021050746
0.02103798
0.021160612
0.020971268
0.020960124
0.020939413
0.021093102
0.020844894
0.020910151
0.020954655
0.02109112
0.021166734
0.021096373
0.02112281
0.02108857
0.020965168
0.021029547
0.021151036
0.020914981
0.021113627
0.021081343
0.021106225
0.021043701
0.021043072
0.020978581
0.02101174
0.021015596
0.021013781
0.02121624
0.021061024
0.02107004
0.021011593
0.021102441
0.021016961
0.02102237
0.020800484
0.021128614
0.021019083
0.021101397
0.021065231
0.021016698
0.02096439
0.02113372
0.021218501
0.021138208
0.02114838
0.021204267
0.021183304
0.02090693
0.02107728
0.021104002
0.021148266
0.02094998
0.02107017
0.021041585
0.0210609
0.02110707
0.02104117
0.021141293
0.021111438
0.02123217
0.021235114
0.021153158
0.021271843
0.021322025
0.021215469
0.02108322
0.021227727
0.021100527
0.021068228
0.020966202
0.021142533
0.021185169
0.021142608
0.021067668
0.021160955
0.021169199
0.021224536
0.020929962
0.021158047
0.021106374
0.02112103
0.021135498
0.021222364
0.020908954
0.021263631
0.021127276
0.021193855
0.021178816
0.021144157
0.02111745
0.021197245
0.021022283
0.021066543
0.021092823
0.021171948
0.021087997
0.02115239
0.02119513
0.02111187
0.021073086
0.021015247
0.02098243
0.021111162
0.02113692
0.021098465
0.02096953
0.021061327
0.021219667
0.021064263
0.021073656
0.021071495
0.02098914
0.021134064
0.021098953
0.021100115
0.020946372
0.020960912
0.021012455
0.02105127
0.020999487
0.020917583
0.020997891
0.021109287
0.021092271
0.020938559
0.021006944
0.021015014
0.021090206
0.021084318
0.021142516
0.02105109
0.020865632
0.021058012
0.02088599
0.021198913
0.02111584
0.021073751
0.021125302
0.021057969
0.021139577
0.021036759
0.02106857
0.021077584
0.020949516
0.020837564
0.020900238
0.02090341
0.020970883
0.021006454
0.021016173
0.021033302
0.021008827
0.021247337
0.021150816
0.021048294
0.02098405
0.020983271
0.021077666
0.021126973
0.021135144
0.021061357
0.020884434
0.02101894
0.021098519
0.02115138
0.021109974
0.021128142
0.020949865
0.021127261
0.020956505
0.020970786
0.02109172
0.021122128
0.020874176
0.021050991
0.021090444
0.021004967
0.02115313
0.020929957
0.021086829
0.02109155
0.021143062
0.020899516
0.020957697
0.020820046
0.021031952
0.020921389
0.020959811
0.021027397
0.020930879
0.020921161
0.021008592
0.021041768
0.02097918
0.02097177
0.020887153
0.021140164
0.02111048
0.02090519
0.021062229
0.020943277
0.020937787
0.020999448
0.021026839
0.020954717
0.021065999
0.020914663
0.020963734
0.020836776
0.020954002
0.02085644
0.020974562
0.02081306
0.021035692
0.02097614
0.02074781
0.02087261
0.021001149
0.020897683
0.021044593
0.020901956
0.02093564
0.021021582
0.020883322
0.02100469
0.020884432
0.020988412
0.02092877
0.020956613
0.02092036
0.020954486
0.020951375
0.020900454
0.020968033
0.020926515
0.020908779
0.021021524
0.020911913
0.020850822
0.020907335
0.021010216
0.020970277
0.020976255
0.02088739
0.020900613
0.020856569
0.021010058
0.020741833
0.020781295
0.020904964
0.020908972
0.021006467
0.020854596
0.020966928
0.02090919
0.020882318
0.020979827
0.020999556
0.021050585
0.020868251
0.021099253
0.021117631
0.020927848
0.021219231
0.02090939
0.02102371
0.021046158
0.021075567
0.020989383
0.020991914
0.020856993
0.020916507
0.021036508
0.020948993
0.020823454
0.020962663
0.02092236
0.02112509
0.020956548
0.021051541
0.02101562
0.021068435
