===================== Time: [Thu Aug 11 04:58:49 2022] ========================
0.033948377
0.03317739
0.032936577
0.032546442
0.032452896
0.032326937
0.03280669
0.033623137
0.034051742
0.03437397
0.033911396
0.03391542
0.033583544
0.03360922
0.03291179
0.032790005
0.0326814
0.032813646
0.03263883
0.032967255
0.032266565
0.032551546
0.03230283
0.032385066
0.03212789
0.03203595
0.032247297
0.03248709
0.032384463
0.03196486
0.03208878
0.032122746
0.031972997
0.032073718
0.03208733
0.03212733
0.032200344
0.032160766
0.032166917
0.031954654
0.031757943
0.031928584
0.03189134
0.032046504
0.032006893
0.0320675
0.032081872
0.0322186
0.03207717
0.032228548
0.032178566
0.031800706
0.031761285
0.03125798
0.031074593
0.03130495
0.031486887
0.031575903
0.031620543
0.0317407
0.031173442
0.031226708
0.031163063
0.031470414
0.031321418
0.0312836
0.03161344
0.03192293
0.03235575
0.03233061
0.032107867
0.032439128
0.032244902
0.031885676
0.032017704
0.032126646
0.031783275
0.031866368
0.03206988
0.032136902
0.03231375
0.031841572
0.031799052
0.031855036
0.031798065
0.031857245
0.03198012
0.03236104
0.032355677
0.032391764
0.032228477
0.032221872
0.032377407
0.032018535
0.031850167
0.0320894
0.03249773
0.03227782
0.032521613
0.032304697
0.03222386
0.031862546
0.032005064
0.031843822
0.031994816
0.03223594
0.03206006
0.032089546
0.03213277
0.03213313
0.03190722
0.031830203
0.03200745
0.031859066
0.031877734
0.031834994
0.03180437
0.03145634
0.03113802
0.031124316
0.031091208
0.031560883
0.03167842
0.03150341
0.031304695
0.03126532
0.03117189
0.031223219
0.031404663
0.031288307
0.03163664
0.031486016
0.031410214
0.031363167
0.031325
0.031099312
0.031239228
0.031221459
0.031026864
0.031012451
0.031081002
0.030832212
0.031128194
0.031305086
0.030953255
0.030717712
0.030730426
0.030857477
0.030753138
0.031151086
0.031337872
0.031455547
0.031333726
0.031438734
0.03125745
0.03139743
0.03144937
0.03148114
0.031407673
0.03133381
0.03108446
0.031158397
0.030755322
0.030800888
0.030628968
0.030984804
0.030640895
0.030614087
0.030619428
0.03092919
0.030979076
0.031185387
0.031103527
0.031040205
0.030955344
0.031100783
0.031025492
0.030770592
0.030687012
0.03061905
0.03068826
0.03067523
0.030627536
0.030754756
0.030796781
0.030829161
0.03066981
0.030724306
0.031054953
0.03102799
0.030986175
0.031012215
0.030854998
0.030780727
0.030783202
0.030589428
0.030612208
0.030293765
0.030535532
0.03052576
0.030418212
0.030201621
0.030687278
0.030438675
0.030593479
0.030594597
0.030744947
0.030322375
0.030306192
0.030268842
0.030436164
0.030275377
0.030353867
0.030191666
0.030230468
0.030299848
0.03023906
0.030395173
0.030488642
0.03030125
0.030513179
0.030431129
0.03039766
0.030817594
0.031348277
0.0314745
0.031188427
0.03144839
0.031219848
0.031120194
0.030906694
0.031031793
0.031133275
0.03095186
0.030820813
0.030935947
0.03076861
0.031099543
0.030899229
0.030910607
0.03093761
0.03094932
0.030807136
0.030929701
0.03079623
0.031036632
0.030897722
0.03067907
0.030749375
0.030763123
0.03070386
0.030677948
0.030773873
0.0306489
0.030479338
0.030476153
0.03036493
0.03029377
0.030389927
0.030324774
0.030443002
0.030145822
0.030019008
0.029900696
0.029765366
0.0300291
0.030346872
0.03011957
0.030172497
0.030302474
0.030536296
0.030429607
0.030243056
0.030079667
0.029751053
0.029563153
0.029818147
0.029750025
0.0297919
0.029742485
0.02986349
0.029953545
0.029825479
0.030165121
0.029999563
0.029917017
0.029988099
0.029871747
0.029897517
0.029956112
0.02975888
0.029713508
0.02973117
0.029750587
0.029639738
0.029742334
0.029432537
0.029554047
0.029513028
0.029591182
0.029650295
0.029565295
0.029473726
0.029295018
0.029534759
0.029478217
0.029503215
0.02940118
0.029426143
0.029200938
0.029348427
0.029385991
0.029295903
0.02946664
0.029390136
0.029443866
0.029310284
0.029450659
0.029425552
0.029464388
0.02944947
0.029688861
0.02990188
0.030031977
0.030015688
0.03015089
0.029995458
0.030009087
0.030071724
0.03014785
0.030033423
0.029993935
0.029831916
0.030039348
0.030049128
0.03012587
0.029988227
0.029895646
0.029865727
0.030018268
0.03011438
0.029968288
0.030025674
0.029992424
0.029879496
0.029996797
0.029884588
0.029830163
0.029758839
0.029587748
0.029647296
0.029437598
0.029357728
0.029537162
0.02929703
0.029304191
0.029564094
0.029254017
0.029218962
0.029259238
0.029326534
0.029210126
0.029288169
0.02912998
0.02941286
0.029434321
0.029340679
0.0293027
0.029249344
0.029458612
0.02943316
0.029553276
0.029447393
0.029263375
0.029326038
0.02936404
0.029230492
0.029289454
0.029305443
0.029205224
0.029556192
0.02947759
0.029511498
0.029664682
0.029330486
0.029573677
0.029452002
0.029421058
0.02957372
0.029409466
0.029420048
0.02946742
0.02946133
0.029548774
0.029551126
0.029429162
0.02975369
0.029559335
0.029457288
0.02951339
0.029414596
0.02952354
0.029109875
0.029108355
0.029143753
0.02919884
0.029255217
0.029368564
0.029324474
0.029303867
0.029072255
0.029502962
0.029175764
0.02928973
0.029212449
0.029310646
0.02949052
0.029492559
0.02953307
0.02980277
0.02965359
0.02957211
0.029595332
0.029715067
0.029713735
0.029506618
0.02951501
0.029493151
0.02943123
0.029416844
0.029530212
0.029626152
0.02969187
0.029348467
0.02957006
0.029227545
0.028972125
0.028913496
0.0287658
0.02916039
0.029340928
0.029100694
0.0291703
0.029210335
0.029046727
0.029158838
0.029170146
0.029165175
0.029149527
0.029217256
0.02962679
0.029450493
0.029322749
0.029448148
0.029796526
0.029771993
0.029985152
0.030126218
0.030102415
0.030326722
0.03029079
0.03025004
0.030281523
0.03059081
0.030330848
0.030434519
0.030309496
0.029891014
0.029987274
0.029691828
0.029557262
0.029701274
0.02985093
0.029725637
0.029866347
0.029859016
0.029958595
0.029781628
0.029961526
0.029889112
0.029784922
0.029663948
0.029853445
0.029629523
0.029738098
0.029592186
0.02923276
0.029123796
0.029124942
0.02921388
0.029506287
0.02938621
0.029301986
0.02955984
0.029458689
0.029494906
0.029492753
0.029742615
0.03006313
0.029927835
0.029990286
0.029786024
0.029861638
0.030069698
0.029933458
0.030064085
0.030134887
0.029975066
0.030048462
0.0300103
0.02991853
0.029841512
0.029523475
0.029635923
0.029471878
0.029377159
0.029367575
0.029577324
0.029789206
0.029470803
0.029416492
0.029280582
0.029393554
0.029219065
0.029121773
0.02901974
0.028871864
0.028844183
0.029074457
0.02930768
0.02908546
0.029238608
0.029140348
0.0290913
0.02906805
0.029197183
0.0291529
0.0287399
0.029082065
0.028948462
0.028963968
0.028998112
0.028869841
0.028866272
0.029030586
0.028954962
0.028879283
0.028760333
0.02885519
0.028674733
0.029031262
0.028991867
0.02883118
0.02914358
0.029067824
0.028747736
0.02884376
0.028748149
0.028530942
0.028831972
0.0290677
0.02893859
0.028966535
0.028709508
0.02909314
0.028782662
0.029029222
0.02914442
0.02897964
0.028469497
0.028566398
0.028806642
0.028990088
0.028953224
0.029063288
0.029076098
0.0291384
0.02905431
0.0289252
0.028981116
0.029003419
0.02907978
0.028887434
0.028897151
0.028999075
0.029127834
0.029155666
0.029006975
0.028809132
0.028888147
0.028848419
0.028699277
0.028880749
0.028640378
0.028557178
0.028687745
0.02873196
0.028688297
0.028516883
0.028510699
0.028446466
0.02831164
0.028133418
0.02841126
0.028255917
0.028242238
0.028371533
0.028099433
0.028123606
0.028048815
0.028233796
0.028043346
0.027948743
0.028046427
0.028134882
0.028153973
0.02815819
0.028098898
0.02814872
0.028170615
0.028126022
0.028051764
0.027967772
0.02806987
0.028121347
0.0283459
0.028458482
0.02813945
0.028233454
0.028283237
0.028345386
0.028195323
0.02825493
0.028033592
0.02811725
0.028012324
0.028055003
0.027977094
0.028040899
0.028023485
0.028122013
0.02779241
0.027973665
0.02803242
0.027982911
0.028085621
0.028237576
0.028274868
0.028342916
0.028653776
0.028822558
0.028866649
0.028847935
0.028733036
0.028961198
0.028746314
0.028469177
0.028213756
0.02850044
0.028405992
0.02868912
0.028549256
0.028573133
0.028700037
0.02876499
0.028639669
0.028384788
0.028335955
0.02858284
0.02832709
0.028523179
0.028616875
0.028431425
0.02839527
0.028597852
0.028603202
0.028575141
0.028451046
0.028484823
0.028323993
0.028227167
0.028182033
0.028416758
0.028310098
0.028443798
0.02842336
0.028397044
0.028314011
0.028131424
0.028147351
0.028216762
0.028002696
0.027980018
0.02815155
0.0278142
0.027914017
0.027990174
0.02801774
0.028018171
0.028106747
0.028056294
0.028154977
0.028289469
0.028096868
0.028040577
0.02798372
0.028009698
0.027967695
0.028017092
0.0281122
0.028044345
0.028011221
0.028076535
0.027864117
0.027818026
0.028011287
0.028248308
0.028181762
0.028139193
0.028353233
0.028183121
0.028271599
0.028004585
0.028138699
0.027963024
0.027872223
0.028092274
0.028072461
0.028085014
0.028171802
0.028127247
0.028006949
0.028065193
0.028029531
0.02804993
0.028006257
0.027981004
0.02791532
0.027890611
0.02795166
0.028030107
0.028165644
0.028361676
0.02808211
0.028208818
0.028180059
0.028179685
0.02804186
0.027911542
0.027997432
0.02778167
0.027888924
0.027786924
0.027788717
0.028043982
0.028306697
0.0283912
0.028170913
0.02820526
0.02837501
0.028406888
0.028523961
0.028369179
0.028615506
0.028535554
0.028649654
0.028449902
0.028268984
0.028112479
0.02807745
0.028128443
0.027935388
0.028261062
0.028484115
0.028488439
0.028395122
0.028340945
0.02839653
0.02827417
0.028321462
0.028326532
0.028041646
0.028179217
0.028106842
0.02809498
0.028234443
0.028202446
0.027980702
0.028005222
0.02793156
0.027974794
0.027916072
0.027672315
0.027832951
0.027846454
0.027874619
0.02816991
0.027921695
0.027993957
0.02784008
0.027944494
0.027884401
0.027997587
0.02799595
0.028045015
0.027829919
0.02784569
0.027806634
0.027670598
0.027950425
0.027740562
0.028123813
0.027877359
0.02776831
0.027725162
0.027851712
0.027814979
0.027691165
0.028218042
0.028166503
0.028216453
0.028022049
0.028117703
0.028091893
0.028137248
0.028313532
0.028201098
0.02814212
0.028097644
0.02822364
0.028532637
0.02809773
0.028039249
0.028082376
0.02788859
0.027985891
0.027860088
0.027906565
0.028079161
0.027910491
0.027744012
0.027845185
0.027731162
0.02788702
0.027753951
0.027918968
0.028036186
0.028032105
0.028325008
0.028649619
0.028593678
0.028317336
0.028309273
0.02801047
0.028184146
0.028139383
0.028187947
0.028203163
0.028274639
0.028146816
0.028058097
0.02786001
0.028065456
0.028173553
0.028176844
0.028142128
0.028172825
0.028205547
0.028253993
0.028102864
0.027982336
0.027841045
0.027936019
0.028205961
0.028233474
0.028128339
0.028255984
0.027956456
0.027972545
0.028151821
0.028183633
0.028070154
0.028278459
0.02792231
0.027991077
0.02798367
0.028023567
0.027936319
0.027974434
0.027758108
0.027884346
0.027544487
0.027605519
0.027646706
0.02761698
0.027574586
0.027549874
0.027623946
0.027688915
0.02754422
0.027628383
0.027656544
0.02750029
0.027684007
0.02735661
0.027663318
0.027636716
0.027474655
0.027507236
0.027459212
0.027529
0.027587714
0.027714906
0.02750298
0.027489489
0.027580334
0.027739389
0.027637515
0.02747564
0.027289119
0.027678354
0.027712977
0.027812775
0.027782876
0.027670803
0.027590021
0.027725035
0.027623951
0.027586907
0.02746771
0.027568195
0.027637241
0.027485963
0.02749677
0.02755782
0.027562711
0.027510718
0.027562575
0.027602859
0.027512072
0.027509615
0.027485639
0.027628286
0.027498938
0.027448792
0.027455894
0.027436389
0.02749967
0.027579261
0.027470848
0.027315235
0.027389409
0.027511459
0.027239105
0.027567301
0.027439874
0.027351217
0.027551131
0.027353492
0.02719393
0.027224008
0.02745841
0.027400956
0.027267626
0.02722322
0.027504798
0.02757722
0.027579937
0.027474387
0.027840922
0.027778758
0.02787254
0.027931212
0.027805863
0.027722823
0.02744873
0.027673116
0.027555276
0.027470602
0.027716475
0.027690342
0.027408812
0.02758151
0.027464865
0.027262442
0.027638609
0.02741451
0.027504185
0.027494658
0.027702302
0.027353812
0.02731167
0.02733814
0.027344558
0.027272314
0.02734169
0.027582424
0.027774137
0.02783857
0.02773367
0.027504874
0.027641341
0.02735018
0.027607786
0.027573239
0.02736145
0.02755493
0.027357422
0.02721154
0.027273707
0.02753466
0.027305815
0.027357556
0.027242186
0.027051069
0.027049392
0.026983067
0.02721075
0.027281879
0.027220055
0.027353844
0.027323512
0.027242985
0.027227677
0.027292611
0.027269434
0.027135244
0.027217757
0.027104149
0.02717403
0.027135907
0.027256582
0.02694592
0.027030427
0.026818026
0.026885085
0.02694704
0.026864594
0.027006593
0.027113466
0.02687648
0.026730936
0.026860986
0.027004397
0.027016323
0.027248273
0.026988227
0.02719884
0.026855873
0.027113471
0.02702766
0.02701955
0.027210172
0.027035624
0.027106388
0.027090888
0.027012417
0.027143098
0.027174056
0.027106244
0.027099665
0.027162407
0.02712445
0.027207885
0.027268145
0.027216857
0.027229855
0.027276423
0.027104536
0.027065326
0.026877489
0.02700268
0.027293269
0.027084734
0.026962265
0.026959134
0.027055262
0.02709619
0.027208582
0.027028114
0.026813133
0.02695505
0.02701604
0.02714652
0.026980208
0.026988627
0.026990594
0.027038839
0.027153797
0.027110523
0.027036645
0.027035872
0.027042916
0.027121812
0.026826195
0.02689237
0.027019586
0.027070254
0.027104262
0.027276954
0.0271089
0.027146956
0.027072148
0.027034976
0.02712986
0.027197745
0.027027134
0.027030952
0.027111664
0.027247446
0.02708856
0.02715215
0.027086316
0.027114103
0.027101329
0.026949815
0.02690871
0.02679226
0.027023526
0.027003895
0.026822392
0.026932852
0.02702657
0.026651584
0.02678261
0.026917731
0.026916446
0.027064959
0.027104288
0.026994612
0.026978083
0.026809942
0.026827173
0.027014676
0.026806109
0.026874982
0.026906155
0.0269459
0.026893886
0.026880678
0.026712192
0.02663812
0.026878474
0.02675545
0.026701586
0.026632302
0.02687976
0.026762674
0.02686591
0.026891636
0.027059274
0.026806654
0.026850984
0.02691464
0.02691123
0.026738206
0.026814656
0.02688087
0.026893826
0.026679344
0.02692263
0.02704554
0.026978157
0.026939752
0.026817212
0.026630117
0.026676103
0.02692326
0.026859384
0.026796954
0.026704017
0.027028833
0.026787378
0.026855797
0.026746653
0.026870688
0.026798904
0.026827542
0.026922109
0.026838351
0.02682205
0.026667587
0.02672107
0.026952276
0.027013175
0.026993498
0.026777035
0.02668729
0.026880153
0.026859066
0.026573688
0.026902486
0.026687441
0.026771734
0.02698056
0.026708012
0.026990948
0.02678565
0.026799252
0.026911674
0.026965737
0.02692725
0.026958734
0.026826156
0.026921771
0.026805732
0.026863994
0.026914526
0.026885154
0.02697382
0.02680479
0.02661882
0.026651952
0.026735716
0.026628269
0.026913026
0.026560113
0.026673544
0.02663177
0.02681791
0.026820395
0.026869617
0.026884489
0.026989136
0.026789783
0.027113967
0.02686977
0.027041255
0.02687303
0.026942331
0.02704772
0.027026575
0.026857989
0.026858388
0.026722385
0.026797824
0.026515225
0.026907247
0.026747849
0.026623087
0.026737414
0.02668905
0.026808111
0.026763922
0.026609283
0.026487129
0.026774919
0.026594715
0.026666388
0.026694676
0.026856551
0.026971718
0.02685166
0.026881013
0.026744418
0.026649036
0.026836395
0.026711142
0.026681945
0.02674087
0.026835792
0.026728174
0.026812946
0.02664236
0.026803495
0.026672306
0.026660085
0.026822513
0.026692975
0.026388485
0.026483433
0.026485588
0.026485158
0.026519606
0.026731463
0.026773836
0.0267572
0.026692627
0.026645435
0.026630968
0.026549848
0.02664353
0.026528677
0.02662272
0.026703553
0.026688516
0.026840188
0.026647087
0.0267126
0.0267112
0.026505139
0.026799927
0.02685671
0.026971664
0.027036875
0.026751433
0.026551075
0.026554963
0.026420845
0.026550874
0.026735613
0.026837008
0.026724564
0.02660681
0.026538461
0.026555166
0.026590763
0.026865162
0.026835093
0.026886402
0.026694112
0.026805123
0.026821885
0.026880233
0.026710425
0.026906576
0.026389876
0.026578752
0.026645996
0.026625944
0.02676414
0.026852975
0.026836779
0.026708202
0.026696479
0.02658505
0.026877616
0.02661719
0.026672114
0.026760928
0.026730279
0.026604174
0.026649913
0.026804926
0.02656669
0.026606744
0.026674567
0.026773237
0.026739439
0.026746504
0.02648874
0.026580565
0.026490383
0.026569653
0.026547544
0.026475191
0.026553703
0.02666876
0.026599389
0.026553396
0.026580824
0.026700621
0.026560675
0.026574709
0.02682963
0.026656458
0.026660038
0.026694326
0.026777124
0.026644351
0.026729764
0.026930902
0.026729675
0.02660818
0.02667625
0.026797842
0.026759557
0.027039228
0.027175648
0.02721919
0.02721907
0.02713593
0.02706705
0.027040007
0.027031543
0.027367447
0.027504688
0.027349493
0.027196294
0.027382717
0.027123736
0.027383968
0.027178861
0.0273755
0.027558213
0.027386708
0.02739707
0.02755483
0.027489085
0.02748305
0.027457874
0.027373236
0.027318172
0.027376197
0.027358217
0.027320623
0.027068362
0.026861021
0.027061703
0.026714496
0.026929116
0.026934383
0.026834128
0.02682777
0.026889274
0.026743453
0.026768733
0.026763204
0.026658751
0.026818236
0.026790997
0.026726376
0.027218467
0.026985576
0.027056322
0.026905661
0.027028708
0.026882537
0.02699948
0.026935391
0.02679242
0.026889866
0.026915148
0.027311394
0.026988685
0.026902907
0.027269347
0.026864773
0.02687338
0.02704306
0.02704056
0.027095012
0.02706922
0.027123407
0.027022587
0.027005559
0.027188124
0.026896335
0.026803464
0.026890712
0.026968524
0.026853433
0.02686086
0.026807168
0.026869385
0.026650557
0.026343802
0.026561862
0.02674834
0.026794247
0.026855132
0.026892502
0.026833236
0.026778104
0.026684958
0.02654796
0.026827035
0.026632827
0.026501374
0.026465727
0.026574112
0.026508031
0.026484853
0.02652134
0.026626661
0.026594464
0.02671179
0.026574114
0.026649036
0.026713826
0.026547687
0.026522161
0.026532123
0.026545305
0.026510356
0.026628044
0.026596425
0.02647811
0.026551273
0.026602909
0.02668502
0.026412873
0.026729312
0.026658582
0.026656907
0.026609639
0.02677771
0.026918141
0.02677118
0.026473496
0.026580088
0.026480388
0.02657452
0.02642574
0.02647487
0.026534002
0.026533468
0.026745606
0.026496258
0.026669644
0.026688704
0.026775433
0.026795845
0.026692705
0.026830481
0.026668862
0.026637314
0.026766775
0.026591083
0.026790883
0.026726518
0.026713181
0.02661825
0.026667228
0.026420407
0.026544547
0.0264576
0.026444858
0.026499685
0.026529996
0.026779938
0.026445834
0.0264378
0.026487274
0.02652441
0.026488233
0.026497444
0.026493104
0.026316168
0.0264091
0.026472425
0.026353305
0.026424238
0.02640602
0.026482305
0.026581515
0.02644536
0.026355935
0.02646995
0.026485387
0.026600795
0.026530411
0.026514234
0.026537806
0.026409388
0.026484268
0.026525563
0.026353462
0.026503501
0.026382372
0.026599474
0.026817404
0.02677881
0.026964556
0.026724063
0.02657362
0.026879055
0.026814716
0.026613394
0.026760753
0.026663123
0.026522515
0.026641514
0.026542982
0.026603654
0.026395772
0.026381763
0.026575504
0.02666475
0.026527068
0.026501833
0.026603926
0.026508125
0.026661918
0.026689766
0.026490595
0.026525563
0.026509501
0.026760431
0.026578857
0.026618006
0.026515217
0.02678946
0.026759284
0.026774507
0.026737388
0.026713679
0.026623378
0.026707081
0.026894191
0.02672434
0.02683908
0.026848726
0.026721647
0.026780577
0.026752701
0.026732598
0.026740586
0.02694315
0.026661605
0.026717005
0.026805315
0.026937017
0.026922854
0.026826475
0.026734833
0.026878398
0.026764706
0.026664078
0.026581379
0.026778322
0.02677012
0.0266991
0.026767252
0.02667
0.026719026
0.026515765
0.026441662
0.026523791
0.026446136
0.026633156
0.026286695
0.026413677
0.026355807
0.026308326
0.026344774
0.026506245
0.026408361
0.026425036
0.026534446
0.02611191
0.026327625
0.026544675
0.02641638
0.026420504
0.026290415
0.026492191
0.026361663
0.026300905
0.026210401
0.026267473
0.026318733
0.026341159
0.026412673
0.026361225
0.026519908
0.026183344
0.026278954
0.02642216
0.026504492
0.026448926
0.026602069
0.02627178
0.026332578
0.026165914
0.026408685
0.026220921
0.026315875
0.02623951
0.026132278
0.026143782
0.026221303
0.026149986
0.026228227
0.026080964
0.026080253
0.025918335
0.026060827
0.026208922
0.026090516
0.026093723
0.025977783
0.026011556
0.026222548
0.026175302
0.0260253
0.026166469
0.026123624
0.026160317
0.026128104
0.026040802
0.026039261
0.026330521
0.026322171
0.02629879
0.026329057
0.026361797
0.026217716
0.026262363
0.026329562
0.026394619
0.02655301
0.026364129
0.026428415
0.026621372
0.026510626
0.026561167
0.026335875
0.026315631
0.02628009
0.026442226
0.02620179
0.026357552
0.026343951
0.026258072
0.026265275
0.026131092
0.026150646
0.02615067
0.026212253
0.025829257
0.026050523
0.026220677
0.026080783
0.02618635
0.026213856
0.02612893
0.026054952
0.026299631
0.026287569
0.026035782
0.02618756
0.026361125
0.026157858
0.026273873
0.026067851
0.026130661
0.026306389
0.02627371
0.026385278
0.026206093
0.026140079
0.026121404
0.026260389
0.026240647
0.026045455
0.02604971
0.026209006
0.026068736
0.026100736
0.025980191
0.026120504
0.026182685
0.026426332
0.026242035
0.026173577
0.02610351
0.026180638
0.026238455
0.026170988
0.026158823
0.0262491
0.02616342
0.02640257
0.026397455
0.026386946
0.026126493
0.026181607
0.02651488
0.026233261
0.026210997
0.026179712
0.026127217
0.026275953
0.026385283
0.026238015
0.026382003
0.026216388
0.026291061
0.026323289
0.02624223
0.026290974
0.02640101
0.026353016
0.02627939
0.026415564
0.026381161
0.02644762
0.026453158
0.026518349
0.026325407
0.026408233
0.026416209
0.026513625
0.026719274
0.026317094
0.026437467
0.026340576
0.02626184
0.026174858
0.02649938
0.026394647
0.026290394
0.026091758
0.026271693
0.026486596
0.026523193
0.026334336
0.026320186
0.02627969
0.026398072
0.026325082
0.026592871
0.026496274
0.026334062
0.026360853
0.026430402
0.026458796
0.026413709
0.026550485
0.026520094
0.026385603
0.026604509
0.02646314
0.02647666
0.02666342
0.026505694
0.026469143
0.026583802
0.026501548
0.026208287
0.026552567
0.026586387
0.026450068
0.02620843
0.026429921
0.02633643
0.026272705
0.02612835
0.026355464
0.026186889
0.026351241
0.026414042
0.026261782
0.026654024
0.026523234
0.026665669
0.026336571
0.026177492
0.026318084
0.026324933
0.026220363
0.026519228
0.026334021
0.026314925
0.02624081
0.026364438
0.026538115
0.026559316
0.026388956
0.026562236
0.026408734
0.02639202
0.026516257
0.026249323
0.026231516
0.026220964
0.026268791
0.026300194
0.02641062
0.026522394
0.026562521
0.02675577
0.02667716
0.026752504
0.026639638
0.0264615
0.026556052
0.026487816
0.026391301
0.026281184
0.026352832
0.026342954
0.026301043
0.026261033
0.026271047
0.026351513
0.026093004
0.02623146
0.02642433
0.026431184
0.026437974
0.026586493
0.026374985
0.026384072
0.026506815
0.02626048
0.026337497
0.02628225
0.026291255
0.026229026
0.02636361
0.026489852
0.026316557
0.026430367
0.026170706
0.026070116
0.026115388
0.026135668
0.02631118
0.026269445
0.026109029
0.026233185
0.02625123
0.026078518
0.026226312
0.026111644
0.026373662
0.026185589
0.026369438
0.026258899
0.026107814
0.026120584
0.026276728
0.026195087
0.02634852
0.026109764
0.026268216
0.026210027
0.026286792
0.026268737
0.026192514
0.02628414
0.026168345
0.026258616
0.026301913
0.026288172
0.026536902
0.026223518
0.02621303
0.026262945
0.026358144
0.02611392
0.026283888
0.026140397
0.026246361
0.026500901
0.026475234
0.02633449
0.02625332
0.0261201
0.026058298
0.026145734
0.026235795
0.026204923
0.026251378
0.026148707
0.026298063
0.026142351
0.026296642
0.026098343
0.026092742
0.026117058
0.0261073
0.02597143
0.026059667
0.02612742
0.025937863
0.026121026
0.026033403
0.026050989
0.025963295
0.026127663
0.025970258
0.026170788
0.026256396
0.026249692
0.025999414
0.026025234
0.025977837
0.026171308
0.025947563
0.026163138
0.026142191
0.026292631
0.02635527
0.026510026
0.026140308
0.026184453
0.026204603
0.02594082
0.02589089
0.02604966
0.026083276
0.026007665
0.02625241
0.025985505
0.025994793
0.026282161
0.026449043
0.02627556
0.026291428
0.026289945
0.026329998
0.026408851
0.026355544
0.02654019
0.02630721
0.026358794
0.026514264
0.026556402
0.026361836
0.026177872
0.026408117
0.026250966
0.026166242
0.026328292
0.026291976
0.026449094
0.02640957
0.026217699
0.026395481
0.026362734
0.0262788
0.02617386
0.026003288
0.026204266
0.026021468
0.026290465
0.026247451
0.02612855
0.026003899
0.026139515
0.026062965
0.026016034
0.026137965
0.026119752
0.025935723
0.02596844
0.026050253
0.026131794
0.02620379
0.026322136
0.026346462
0.02626886
0.0262094
0.026242634
0.02612281
0.026051886
0.02618249
0.026345203
0.026375433
0.026221631
0.026236627
0.026074745
0.026134051
0.026212242
0.026415274
0.026182868
0.026213836
0.026131762
0.026315039
0.02624657
0.026230041
0.026450563
0.026099209
0.026382916
0.026177619
0.026201777
0.026106518
0.02595153
0.02594278
0.02602626
0.0259452
0.025949497
0.025979048
0.026066033
0.02600525
0.02590904
0.025905248
0.025894806
0.026081638
0.02604644
0.025967607
0.026074952
0.026121497
0.026110984
0.025902933
0.02578322
0.025830159
0.025992138
0.0260803
0.025899293
0.02592513
0.026274396
0.02603525
0.026040891
0.025920277
0.025787922
0.026176354
0.026137635
0.02606958
0.025957495
0.02614148
0.026020905
0.02625345
0.026101023
0.026276566
0.026255434
0.026300555
0.026231222
0.026345616
0.026395906
0.026569344
0.026504405
0.02642584
0.026481312
0.02639144
0.026282515
0.026325418
0.026253851
0.026390884
0.026136901
0.026193978
0.026348116
0.026248576
0.026144365
0.026448429
0.026446845
0.026177615
0.026188718
0.026009243
0.02626568
0.026382461
0.026327612
0.026023284
0.026108254
0.02611968
0.026151143
0.026230644
0.026009658
0.026037214
0.026043586
0.02591754
0.02593136
0.02577106
0.025971487
0.025938656
0.026000854
0.026089042
0.026334899
0.025798574
0.026044926
0.025790684
0.025821371
0.025860403
0.025715228
0.02587097
0.025845362
0.025828896
0.025735706
0.025876837
0.025985274
0.02591542
0.026031354
0.026032915
0.026092336
0.026120672
0.025997555
0.025918603
0.026097283
0.025952341
0.026012005
0.026045118
0.026142446
0.02614757
0.02599443
0.026351439
0.025968876
0.025864428
0.025907353
0.025960963
0.02598491
0.025963476
0.025751712
0.026092067
0.026015036
0.026049139
0.026000429
0.025729252
0.025798187
0.025804525
0.025781196
0.025739718
0.026047908
0.025742603
0.02583795
0.02600783
0.02591156
0.02595863
0.026081333
0.025953207
0.026108215
0.026018936
0.02586107
0.025816076
0.026052626
0.026015546
0.026159417
0.025953162
0.025948577
0.026194975
0.026141098
0.026085533
0.025936203
0.025835512
0.025969658
0.025907448
0.02593188
0.026003644
0.02627626
0.02606708
0.0262238
0.02630077
0.02627234
0.026204105
0.026061479
0.026162652
0.025925612
0.025910132
0.025892712
0.0257774
0.026022524
0.025968958
0.026038192
0.025804617
0.025988925
0.026066188
0.025991268
0.02587657
0.026093325
0.025948681
0.025980148
0.025985036
0.025772633
0.02597427
0.025916915
0.02594756
0.025727604
0.025790721
0.02583571
0.025739942
0.025954176
0.025878754
0.025957514
0.026013067
0.025836904
0.02579463
0.025698334
0.025818251
0.025804564
0.02585704
0.02586782
0.025691697
0.025854703
0.025706865
0.025700314
0.025740625
0.025874874
0.025908785
0.025640454
0.025773555
0.025715789
0.025699954
0.025769811
0.0258159
0.025674507
0.025673315
0.025618803
0.025802555
0.025811318
0.025661783
0.02582791
0.02588819
0.02576544
0.025490714
0.02577085
0.025705744
0.02578695
0.025881844
0.025733965
0.025890825
0.025830392
0.025679389
0.02572007
0.025835693
0.02558281
0.025682718
0.025748292
0.025935253
0.025716556
0.025851607
0.02596812
0.025745861
0.02615688
0.025791451
0.025806028
0.025819216
0.026014844
0.025730707
0.025720147
0.025633043
0.025606724
0.025782509
0.025910536
0.025675075
0.025793703
0.025618395
0.02581297
0.025717314
0.025865039
0.025777088
0.025669668
0.025931207
0.025858082
0.025958596
0.026035774
0.026105417
0.025779411
0.026005015
0.025945587
0.026151482
0.026014645
0.026097244
0.02600904
0.026057513
0.026024885
0.026046664
0.025850572
0.025911024
0.025972193
0.025978245
0.02586613
0.025954872
0.025790129
0.026006076
0.025993427
0.025974473
0.026167225
0.02590857
0.025837839
0.025818067
0.025918977
0.0257908
0.025768815
0.025885494
0.025917199
0.025753325
0.025741829
0.02577864
0.025527818
0.025786119
0.025990823
0.02573298
0.02582876
0.025801267
0.025706803
0.025765121
0.025639053
0.025862014
0.025881104
0.025842449
0.025966506
0.025893988
0.025817683
0.02591256
0.025804048
0.025840065
0.025970118
0.026072444
0.026048502
0.025925983
0.025929302
0.025965482
0.025909862
0.02589909
0.025849642
0.02574806
0.025814585
0.025838852
0.025959235
0.025669359
0.025947202
0.025798986
0.025920032
0.025960991
0.026095562
0.025933962
0.026032982
0.025868747
0.025992816
0.02600344
0.025942212
0.025875239
0.025880681
0.025900878
0.026032342
0.025784822
0.02573964
0.025752826
0.025835555
0.025886983
0.025922459
0.02584403
0.026058648
0.025952486
0.025877032
0.0260711
0.025945973
0.025902797
0.025882185
0.025740892
0.026056765
0.025838545
0.02590973
0.025830874
0.026009647
0.02587174
0.02582669
0.025966493
0.025761906
0.025727086
0.025810625
0.025747983
0.025680957
0.025506727
0.025932452
0.025772616
0.025983276
0.025696812
0.026003048
0.025906008
0.025801051
0.02565845
0.025738256
0.025731236
0.025990387
0.025754591
0.025842253
0.025798628
0.025817966
0.025792938
0.025726125
0.025740113
0.025813462
0.025782406
0.025994413
0.025943402
0.025908774
0.025846805
0.025830299
0.025761483
0.025732284
0.025720444
0.025723334
0.02565375
0.02585785
0.025551597
0.025768138
0.025734244
0.025695154
0.025803965
0.025982905
0.025931004
0.025926886
0.025920853
0.025761286
0.025812464
0.025855614
0.025866345
0.025862757
0.025762793
0.025807053
0.025786763
0.025912732
0.02583129
0.0260369
0.026119651
0.026040103
0.025961285
0.025800392
0.025933653
0.025828907
0.025937766
0.025887093
0.025947485
0.025862554
0.025923835
0.025771162
0.02589369
0.025959816
0.026064977
0.025965843
0.026003169
0.025718793
0.02576944
0.02594696
0.025931424
0.025954474
0.025838304
0.025820842
0.02573931
0.025943043
0.025767883
0.025810685
0.025646795
0.02570769
0.02566519
0.025752157
0.025751015
0.025840538
0.025688706
0.025581338
0.02547747
0.02570305
0.025743892
0.025809847
0.025816072
0.025678795
0.025842434
0.025891528
0.02583689
0.026049163
0.025839612
0.025784435
0.025777861
0.025816562
0.025710901
0.025716266
0.025576325
0.025776269
0.02545141
0.025869166
0.02586035
0.025889147
0.02570109
0.025847642
0.025616677
0.025619583
0.025492601
0.025737926
0.02553727
0.025632681
0.025640663
0.025695968
0.025555685
0.025666986
0.025853332
0.025691515
0.025750022
0.025677893
0.025617484
0.025712492
0.025549864
0.025489883
0.0255964
0.025636781
0.025683403
0.02576384
0.0256985
0.025600541
0.025666036
0.025653414
0.025680106
0.025673728
0.025751915
0.025722088
0.025685307
0.02575162
0.025823774
0.025726482
0.025703963
0.025666067
0.02572838
0.025934158
0.025868667
0.025824903
0.025708364
0.025621556
0.02579775
0.025776861
0.025810791
0.025757544
0.025911547
0.025901297
0.02580801
0.025977824
0.025730178
0.025911923
0.02591336
0.025721101
0.026032286
0.025681652
0.025934948
0.025778223
0.025870426
0.025874903
0.025756137
0.02573801
0.025582267
0.025774945
0.025504008
0.025794677
0.025818428
0.025802396
0.025850564
0.025715997
0.02603027
0.025703682
0.025798012
0.0258356
0.02566029
0.025607273
0.025788715
0.025860412
0.025822291
0.025771007
0.025796792
0.025763378
0.02587249
0.025778329
0.025816951
0.02558779
0.025685547
0.025839606
0.025964528
0.02581519
0.025878932
0.02578816
0.025702976
0.025643554
0.025772559
0.025653465
0.0258094
0.025417304
0.025848418
0.025933672
0.025938272
0.02583255
0.025822256
0.025895862
0.025866065
0.025700044
0.025780918
0.02567431
0.026003584
0.02611231
0.025933897
0.025847051
0.025981355
0.025966713
0.026029281
0.025683222
0.02575323
0.026083782
0.025896458
0.025762834
0.025931401
0.025816957
0.025783196
0.02607986
0.025765358
0.025964646
0.025971394
0.025885375
0.025966184
0.026017152
0.025914384
0.02604307
0.025916789
0.025938286
0.025888493
0.02584002
0.025742112
0.02591509
0.02606045
0.02586962
0.025994893
0.026100092
0.025806686
0.02598074
0.025847152
0.025801124
0.025759408
0.025984596
0.02607629
0.025929693
0.026166415
0.026081743
0.026215414
0.026045874
0.02634542
0.026239734
0.026236279
0.025964767
0.026098033
0.025841441
0.025982551
0.025720142
0.0258401
0.026013443
0.025729312
0.026067693
0.025733778
0.025922384
0.025818516
0.025947934
0.025890546
0.02596378
0.025744883
0.025890246
0.026024317
0.025933605
0.025874551
0.025813835
0.025823316
0.025879532
0.025804957
0.02577803
0.025751425
0.02594937
0.025872184
0.025851618
0.025971374
0.025817642
0.025716862
0.025676519
0.025864244
0.025644291
0.025813919
0.025675524
0.025972364
0.02582699
0.025843209
0.025733082
0.025868308
0.025846748
0.025893971
0.025866069
0.02579852
0.025729168
0.025705788
0.025723446
0.025900522
0.025764158
0.025852354
0.025884965
0.025790863
0.02588124
0.026091633
0.025828999
0.025725888
0.025673332
0.025689442
0.02590416
0.02584143
0.025646156
0.025919726
0.025804196
0.025898697
0.026094971
0.02578285
0.025922526
0.025972567
0.025799593
0.026013514
0.025852831
0.025800698
0.02583307
0.02579514
0.025700223
0.025912505
0.025949143
0.025866749
0.0258928
0.025994247
0.025931805
0.025883986
0.026162941
0.026046265
0.026127178
0.026049584
0.026089845
0.026031185
0.025950508
0.02592941
0.025916455
0.025781494
0.02601655
0.025981449
0.02598982
0.025911434
0.025872571
0.02593752
0.02600126
0.025936037
0.026025195
0.025799429
0.025928838
0.025855832
0.02581597
0.025710864
0.025794957
0.0260294
0.0258335
0.025900671
0.025854422
0.025838938
0.02604852
0.025955372
0.025863888
0.025648814
0.025831936
0.025822112
0.025911737
0.02589644
0.025942422
0.025777163
0.025919419
0.02565155
0.025722265
0.02581103
0.02581205
0.025789736
0.02589897
0.025752453
0.02557898
0.025823763
0.025983725
0.025968151
0.026122551
0.02574817
0.025968943
0.026040146
0.02591398
0.025868159
0.02582516
0.025919259
0.025990795
0.026181847
0.026498705
0.02641419
0.025924373
0.026083086
0.02621435
0.026353087
0.026284216
0.026401045
0.026425665
0.026514696
0.026414998
0.026414635
0.026389334
0.02631046
0.026026964
0.026134023
0.026219327
0.026131324
0.026070338
0.02595397
0.026357107
0.0262803
0.026220724
0.0264213
0.026341423
0.02635053
0.02634561
0.026203437
0.026514022
0.026283316
0.026175333
0.026280986
0.026079375
0.02619204
0.026138019
0.026167624
0.026083274
0.02609392
0.026079385
0.025939709
0.02617202
0.026226852
0.026243223
0.026200738
0.026310608
0.026318278
0.026161302
0.026245669
0.026161978
0.0261556
0.026218968
0.02590039
0.026216188
0.026199259
0.026157651
0.02621792
0.026191069
0.0261529
0.02631836
0.02614763
0.026195623
0.026150094
0.026283687
0.026379056
0.026298782
0.026103728
0.026166897
0.02605434
0.025963554
0.026165046
0.02627637
0.026026996
0.026015287
0.026071299
0.026083147
0.025959043
0.026087997
0.02589829
0.02576759
0.025915181
0.026019365
0.025857536
0.025809346
0.025848346
0.025995426
0.026184915
0.026107896
0.02608262
0.026114425
0.02629031
0.025863938
0.025993984
0.025955994
0.026113247
0.02618054
0.02599478
0.025757518
0.025902553
0.026014587
0.025962105
0.02582003
0.025961814
0.025906892
0.026115304
0.025946822
0.025928618
0.026053606
0.025858184
0.02606958
0.026169596
0.026132677
0.025982654
0.025972994
0.026065188
0.026045104
0.025993502
0.025993217
0.02593662
0.025946366
0.025852768
0.025935344
0.025916861
0.026158633
0.025946569
0.02583991
0.026056236
0.025861036
0.02585016
0.025856018
0.026126636
0.02631283
0.026168074
0.02596835
0.02629118
0.025942689
0.02606352
0.026056116
0.026170252
0.02601682
0.026043283
0.026280718
0.026227005
0.025974287
0.02601516
0.026008563
0.025915755
0.025982663
0.02607161
0.026112486
0.026226256
0.02603948
0.025865825
0.026127879
0.026061352
0.026226137
0.026242882
0.026202353
0.026120903
0.025915211
0.026105342
