===================== Time: [Thu Aug 11 16:11:41 2022] ========================0.037378814
0.03604095
0.035840124
0.03454236
0.03417505
0.03484769
0.034445643
0.033789247
0.033974886
0.03382917
0.033216108
0.032917783
0.033084683
0.033059143
0.03377905
0.032686856
0.032672152
0.032862004
0.03267582
0.032986093
0.033000257
0.03348945
0.033769388
0.033731136
0.033576068
0.033190683
0.03331416
0.03246866
0.032251135
0.033040587
0.032830328
0.032754596
0.03416509
0.033910282
0.034239158
0.035602324
0.035604563
0.034449957
0.033158403
0.034155983
0.034580506
0.034203824
0.034175716
0.0342069
0.034654252
0.035068445
0.03475795
0.033913642
0.033213634
0.03385966
0.033467073
0.03312315
0.03167897
0.032498024
0.033009686
0.03270819
0.033455223
0.033070076
0.032044027
0.03260533
0.03273508
0.03335624
0.033319753
0.03319951
0.033318646
0.034540344
0.035073947
0.03396809
0.033205498
0.032954693
0.032818742
0.03258572
0.032714054
0.032478817
0.031908758
0.031604197
0.03164456
0.032064993
0.032288153
0.031865608
0.032106858
0.03239361
0.03213095
0.031428568
0.03129624
0.030986167
0.030813316
0.031034794
0.031163631
0.031047745
0.030849919
0.031294476
0.0311991
0.03130063
0.03148287
0.031524613
0.031045638
0.03143058
0.032071587
0.031665966
0.031794798
0.03206344
0.03193688
0.031577364
0.031428494
0.03122049
0.031076739
0.030841198
0.030816004
0.031134585
0.031336047
0.031901926
0.031992562
0.03118309
0.030948
0.031424697
0.031009216
0.03098772
0.030850833
0.03113059
0.030901944
0.030450338
0.030616123
0.030803213
0.031493846
0.03146919
0.03148061
0.031332966
0.031216925
0.0313705
0.031352848
0.031501718
0.031561173
0.03164881
0.031545736
0.031650208
0.032028694
0.032179393
0.03208105
0.031926725
0.03259921
0.03295633
0.032971393
0.03265109
0.03269399
0.0325813
0.032306623
0.032369632
0.03231744
0.032235436
0.032354876
0.0326124
0.033556234
0.03426304
0.03399178
0.033754334
0.033347838
0.033017565
0.03302975
0.03226814
0.03167584
0.032555815
0.032346897
0.032538414
0.031871073
0.03214942
0.032107808
0.031984996
0.03207694
0.032046933
0.03192094
0.031606466
0.030597644
0.030683544
0.030861149
0.03159086
0.03271374
0.03327767
0.03356828
0.033650078
0.033173904
0.03361211
0.033298813
0.03350893
0.033433218
0.033201873
0.033025667
0.032758694
0.032662623
0.03309527
0.03325754
0.033158768
0.03288781
0.032727573
0.03319962
0.033146948
0.03312306
0.033087503
0.033291347
0.0336492
0.03349262
0.033911675
0.03365607
0.03320911
0.033064056
0.03312125
0.032837175
0.03288141
0.032477405
0.032197572
0.032119792
0.031858556
0.031405013
0.030871691
0.031073786
0.031419445
0.031880386
0.03184951
0.03178837
0.03132824
0.030929293
0.030600311
0.030884115
0.030789994
0.031139519
0.03110553
0.031109747
0.03127942
0.031497
0.03139032
0.03141508
0.031237537
0.031304266
0.031420417
0.031298965
0.03137533
0.031062433
0.030719915
0.030726846
0.030758183
0.030502023
0.030545129
0.03063163
0.030368123
0.030431328
0.030436026
0.030646607
0.03100999
0.0311513
0.03112895
0.031211568
0.031173568
0.031101327
0.031013472
0.030998664
0.030813195
0.03096394
0.03086911
0.031177873
0.031190597
0.03119716
0.030920798
0.030994233
0.030517533
0.030846935
0.030695627
0.030639725
0.030804133
0.030747913
0.030785339
0.031039096
0.031063443
0.031092513
0.031321716
0.031782627
0.03157079
0.03149928
0.030876523
0.030592047
0.030697737
0.030990435
0.031011026
0.031036334
0.031055275
0.03050008
0.030615661
0.030592065
0.03074059
0.030782336
0.030982062
0.031117301
0.031298734
0.031064197
0.030707806
0.030843794
0.030878168
0.03078489
0.030824289
0.030959515
0.030854864
0.030925946
0.030722275
0.030650727
0.030528674
0.030827075
0.030945629
0.030893208
0.030567376
0.030524528
0.030456495
0.030476963
0.030541167
0.03059915
0.030694462
0.03049321
0.030634131
0.030506268
0.030364761
0.030406503
0.030518187
0.030482735
0.030481733
0.030331898
0.030301226
0.030465761
0.030398874
0.030552473
0.030282494
0.030160327
0.030312207
0.030303884
0.030321548
0.030401977
0.03048469
0.030613726
0.03068501
0.031018423
0.030987762
0.030544147
0.030194795
0.030252751
0.03030963
0.030405145
0.03061617
0.030692335
0.030947292
0.031028928
0.03133582
0.031033497
0.031144649
0.03110289
0.030862007
0.030828604
0.030530185
0.030351227
0.030154536
0.03007031
0.03040097
0.03093442
0.03081736
0.031020293
0.03141039
0.03118238
0.03104295
0.03131999
0.031910785
0.03176797
0.03161286
0.031321175
0.031322293
0.030952625
0.030975947
0.0306921
0.030687066
0.030960172
0.03090239
0.030683858
0.030575074
0.03072303
0.03062237
0.030750114
0.031003613
0.030883811
0.030970765
0.03112464
0.030959869
0.030893208
0.03060759
0.030724853
0.03062589
0.030900873
0.031351138
0.031414166
0.031548392
0.03159703
0.031435326
0.031446707
0.031271357
0.031235602
0.031073846
0.030823523
0.030521644
0.030684456
0.0306262
0.030685062
0.030617267
0.030944237
0.030930692
0.03090679
0.030816726
0.030893505
0.030936655
0.030995084
0.03087525
0.03161837
0.031949818
0.031573646
0.03182858
0.031473517
0.032075807
0.032370407
0.032260764
0.03207462
0.031866156
0.03187154
0.031840056
0.03218789
0.032124575
0.031971928
0.031921804
0.03188871
0.0315621
0.031740285
0.031759392
0.03183456
0.03169344
0.031527467
0.03126278
0.031185232
0.031082751
0.03090202
0.030867476
0.030564139
0.03038834
0.03011771
0.030185003
0.030343512
0.030265242
0.030345332
0.030406058
0.030477827
0.030283177
0.03003068
0.029775122
0.02956584
0.029968545
0.030021526
0.02983826
0.029801736
0.029460136
0.029573359
0.02972084
0.029900767
0.029989311
0.030365262
0.030191487
0.030404605
0.030360298
0.030335288
0.02988681
0.029807413
0.029924462
0.029853806
0.029993039
0.029967811
0.029871669
0.029757673
0.029724972
0.029884983
0.029775636
0.029881785
0.029679283
0.02965771
0.029766712
0.029822284
0.029689018
0.029578635
0.029903201
0.029659098
0.029597629
0.02975232
0.029736297
0.029707594
0.02979028
0.029558796
0.029814232
0.029477756
0.02953438
0.029526705
0.029602218
0.029554779
0.029575396
0.029566167
0.029503202
0.029490823
0.029496461
0.029463414
0.02963379
0.029453536
0.029511629
0.02947718
0.029375609
0.029458223
0.02940817
0.029163068
0.029495722
0.02962093
0.029507225
0.029461056
0.02950862
0.029460754
0.029367395
0.029391624
0.029306186
0.029260287
0.029434446
0.029626021
0.02970845
0.029610189
0.029590197
0.029556224
0.029610058
0.029704798
0.029584145
0.0295995
0.02941077
0.029702635
0.029652625
0.029760566
0.029855229
0.02987547
0.029754205
0.029404867
0.029287485
0.029317062
0.02941688
0.029717827
0.030056482
0.029959211
0.030478789
0.030111972
0.029666279
0.02964043
0.02941595
0.029281242
0.029564448
0.029578429
0.029583937
0.029797286
0.029888827
0.030012576
0.030018631
0.029984998
0.030011307
0.029668374
0.029673947
0.02975377
0.029677948
0.029554948
0.02939263
0.029348519
0.029251998
0.029095154
0.029289091
0.028775362
0.029083809
0.029215492
0.02915087
0.029139195
0.028935796
0.029221779
0.029320136
0.029150028
0.028998205
0.028902268
0.028989758
0.029162781
0.029041292
0.029313136
0.029307308
0.029536929
0.029663665
0.029565712
0.029296491
0.029016461
0.02888545
0.028770756
0.0290376
0.029141964
0.029445285
0.029529076
0.029062819
0.02881788
0.028745964
0.028785616
0.029321339
0.029496383
0.029468203
0.02931974
0.029387172
0.029445468
0.029452039
0.029381398
0.0293743
0.02982354
0.029814005
0.029735522
0.029368807
0.029229766
0.029281067
0.029132137
0.0291347
0.028957397
0.028979126
0.028984087
0.029097589
0.029110327
0.029096592
0.028939769
0.028928258
0.028883338
0.028997736
0.029332621
0.029204965
0.029058697
0.028891897
0.028799444
0.028818518
0.028745899
0.028866226
0.028778851
0.029021908
0.028800946
0.028960034
0.02900785
0.028946752
0.028801356
0.028854396
0.02890345
0.02892366
0.028801853
0.02876061
0.02879172
0.02873852
0.028639462
0.028507067
0.028707877
0.028640728
0.028652657
0.028579459
0.02879444
0.02879569
0.028558156
0.028658185
0.028500244
0.02875045
0.028491156
0.02854086
0.028491393
0.02856739
0.0288413
0.02860183
0.028721163
0.028737506
0.028600752
0.028526846
0.028514521
0.028737772
0.028712004
0.028591702
0.028506523
0.02858628
0.028611664
0.028575825
0.028829213
0.02853621
0.028614705
0.028669327
0.028434869
0.028496025
0.028724331
0.028625581
0.028693905
0.028666481
0.028762022
0.028829243
0.028907556
0.0287065
0.028583836
0.028530568
0.028384492
0.028471244
0.028473983
0.028863074
0.028784571
0.028734459
0.028942315
0.029113725
0.028833076
0.028812421
0.028888667
0.028700635
0.028762935
0.028644001
0.028644795
0.028976975
0.028913725
0.029082404
0.028987821
0.028744126
0.028660167
0.02883783
0.029094944
0.0289577
0.02872078
0.028802471
0.028687477
0.02876241
0.028771376
0.02883707
0.028640844
0.02875898
0.028605726
0.028645013
0.028606528
0.029217793
0.029403303
0.029125387
0.029137427
0.029294392
0.029178925
0.029211018
0.029561792
0.029748695
0.0298794
0.029730657
0.029085781
0.028926076
0.029350255
0.02963797
0.02968051
0.029699173
0.029568944
0.029106433
0.02908336
0.029024942
0.02890453
0.02872951
0.028801987
0.028804507
0.028638901
0.028801372
0.028875098
0.028711658
0.02892269
0.029073209
0.028952481
0.028819334
0.028700858
0.028817713
0.028937552
0.02935684
0.02959887
0.029757386
0.02963378
0.029429391
0.029359031
0.029221172
0.02901528
0.02869917
0.028595041
0.02877461
0.028747056
0.028748188
0.028786859
0.028760895
0.028626082
0.02884217
0.02866353
0.028759604
0.028568825
0.028498536
0.028433966
0.028412327
0.028428929
0.028572056
0.028617425
0.028649416
0.028433394
0.02853718
0.028730664
0.028726636
0.028592136
0.028551241
0.028662898
0.028836582
0.028860847
0.028790003
0.028728621
0.02871378
0.028837597
0.028749725
0.028901488
0.028651962
0.028619353
0.028874533
0.029036844
0.029050691
0.029126614
0.029299274
0.028864522
0.028969888
0.029179074
0.029275432
0.02918104
0.02905564
0.029095799
0.029077873
0.028912663
0.028848108
0.028899178
0.029194683
0.029028384
0.028540168
0.02836729
0.028399985
0.028446902
0.028733684
0.028937284
0.029276503
0.0293321
0.029028436
0.028918052
0.028581008
0.028376358
0.028337179
0.028587434
0.028659847
0.028610397
0.028604345
0.028648525
0.028650055
0.028852528
0.028712496
0.028682908
0.028569978
0.02862069
0.028475767
0.02879188
0.028463408
0.028469602
0.028515447
0.028602423
0.028365947
0.028511187
0.028445488
0.028509308
0.02853358
0.02861459
0.028857408
0.028654793
0.028586019
0.028514856
0.02837258
0.028445344
0.02892353
0.029847246
0.030167647
0.03052417
0.029441966
0.028839344
0.028448489
0.028576715
0.029133277
0.029726574
0.030168455
0.030833278
0.031252347
0.031341296
0.0311795
0.030991642
0.030633824
0.03044876
0.030107778
0.029565956
0.029338187
0.0287456
0.029324347
0.029597858
0.030113393
0.030201094
0.0298118
0.029701997
0.029285269
0.029393177
0.028931411
0.028724045
0.02872385
0.02884453
0.028837917
0.028889865
0.029185262
0.02899848
0.028977074
0.028883379
0.028909052
0.028729677
0.028424833
0.02835086
0.028283136
0.028320907
0.028458672
0.028327052
0.028391125
0.028246082
0.028669227
0.028897833
0.028691683
0.029035524
0.028987508
0.028842995
0.029060898
0.029018689
0.029042382
0.028897718
0.028983016
0.029023211
0.028993329
0.029027315
0.029005302
0.029116454
0.02885721
0.028973117
0.028783884
0.029052584
0.0289104
0.028926687
0.028828952
0.028747063
0.028554559
0.028755967
0.028618533
0.028731415
0.0283593
0.028652579
0.028752908
0.028817242
0.028805988
0.028638322
0.028330581
0.02837933
0.028422546
0.028475968
0.028506666
0.028888715
0.028823556
0.028717214
0.028435018
0.02837669
0.028403902
0.028684994
0.028640248
0.028690666
0.028388765
0.028450698
0.028215706
0.028405972
0.028458541
0.028615858
0.028474241
0.028475968
0.028596949
0.028743142
0.028498441
0.028176075
0.028486682
0.028443195
0.028319228
0.028549302
0.028541066
0.028402556
0.028550725
0.028363759
0.028411973
0.0285871
0.028488813
0.02862261
0.028774563
0.028481346
0.029063812
0.028884085
0.028710661
0.028895514
0.029020954
0.029074898
0.02887193
0.028831452
0.028687272
0.02888905
0.029285638
0.029407503
0.029533055
0.029444152
0.029342152
0.029212998
0.029119248
0.029235503
0.029339653
0.029039225
0.028908689
0.028758802
0.028613092
0.02864001
0.02866077
0.028588321
0.02875297
0.028534995
0.028531406
0.028747935
0.028759528
0.028597554
0.02838881
0.028674044
0.028510366
0.02835976
0.028440738
0.028354893
0.028351087
0.028522616
0.028581886
0.028557124
0.028676113
0.028767956
0.028598685
0.028566394
0.028469546
0.028776417
0.029015608
0.029275086
0.02946886
0.029672703
0.029064538
0.029160108
0.02908052
0.02891468
0.028889466
0.028674435
0.02862857
0.028767938
0.028974166
0.029393492
0.02987283
0.030234871
0.029295692
0.028730052
0.02897062
0.028845526
0.028994348
0.029194709
0.029626617
0.029748337
0.029997446
0.030209526
0.030520687
0.030831859
0.030574797
0.03039861
0.03007639
0.02952012
0.029387007
0.028980646
0.029337762
0.029625233
0.029326519
0.029004563
0.028902138
0.02910146
0.029482631
0.029644987
0.029673174
0.029491523
0.029099183
0.028746141
0.028850855
0.02896238
0.02908431
0.029248236
0.029275391
0.029037068
0.029004226
0.029189223
0.029273761
0.029116763
0.028844032
0.028849209
0.028863836
0.028653981
0.028948708
0.028833034
0.028579608
0.028490204
0.028804926
0.028931424
0.028775575
0.028727243
0.028509874
0.028412307
0.028153863
0.028563123
0.028745737
0.028819503
0.028994605
0.029109515
0.02893955
0.028875567
0.028777555
0.028974896
0.02887503
0.028738206
0.028834159
0.028721014
0.02900427
0.028804919
0.028812109
0.028714824
0.028751852
0.028655896
0.028791627
0.028889557
0.02867639
0.02865835
0.028598096
0.028788682
0.028650612
0.028779488
0.028714787
0.028685398
0.02868184
0.028736696
0.028888624
0.028785415
0.028670289
0.028751165
0.028470257
0.028394172
0.02867381
0.028668875
0.028530385
0.02866688
0.028525565
0.02850132
0.028349059
0.028287377
0.028135246
0.02802274
0.02801395
0.028064955
0.02811506
0.028174069
0.028472453
0.02821563
0.028032575
0.027966984
0.027969537
0.027924825
0.027973097
0.027919313
0.02813399
0.028199336
0.02862925
0.028505571
0.028299602
0.028328916
0.028206026
0.028266463
0.028459042
0.028340856
0.02834472
0.028160004
0.0281862
0.02834971
0.028369341
0.028636416
0.02869367
0.028619276
0.028662842
0.02854338
0.028382791
0.028364668
0.028216714
0.028111639
0.028157426
0.028135747
0.028503073
0.028476149
0.028414417
0.02828932
0.028145175
0.028036186
0.027807781
0.027850669
0.027688751
0.027816031
0.027859325
0.027884206
0.028001996
0.028358428
0.028457837
0.028460098
0.028355833
0.028227359
0.028316792
0.028005905
0.028157357
0.02799906
0.02806425
0.028052619
0.02807046
0.028010037
0.028267043
0.028386813
0.028392607
0.028280498
0.028254243
0.028145747
0.02812174
0.028019434
0.027854288
0.027815375
0.02797928
0.027920462
0.028019682
0.028047254
0.02822873
0.02798595
0.027827907
0.027990965
0.027838657
0.02776963
0.027573356
0.028080644
0.028056672
0.028207673
0.028221397
0.027822122
0.02771022
0.027767682
0.027698364
0.02788462
0.027781505
0.027735779
0.027269699
0.027344173
0.027359134
0.027417641
0.027665773
0.027549384
0.027324824
0.027418727
0.027491298
0.027732128
0.027559925
0.02741459
0.027546858
0.027621092
0.027947769
0.027781012
0.027877772
0.027670775
0.027602818
0.027687425
0.027559334
0.02741463
0.027332248
0.027276235
0.02753739
0.027596038
0.02766775
0.027779367
0.027674867
0.027862271
0.027730545
0.027553279
0.02756809
0.027938638
0.027870763
0.027826477
0.027821893
0.02796044
0.027955009
0.028122125
0.028388191
0.028167285
0.028281301
0.028249044
0.028487349
0.028633267
0.028685538
0.028596636
0.028330823
0.02820825
0.02803423
0.028032228
0.02809366
0.028128538
0.028057532
0.027769197
0.02766524
0.027618874
0.027550703
0.027490074
0.027863916
0.02808739
0.028149877
0.02810826
0.027974384
0.027964044
0.028080264
0.02769785
0.027790723
0.027871285
0.027943566
0.02789723
0.027637126
0.027746199
0.027830757
0.027814018
0.027706916
0.027443187
0.02751049
0.027506622
0.027296234
0.027399272
0.027612152
0.02759147
0.0277175
0.027758798
0.027793571
0.027825478
0.027770009
0.027702361
0.0276482
0.027845081
0.027820189
0.0278526
0.027896617
0.027715998
0.027458245
0.0275172
0.027537283
0.02752383
0.027644802
0.02759081
0.02762029
0.027692689
0.027745899
0.027756633
0.0278726
0.027744634
0.027750108
0.02744922
0.02752222
0.02734203
0.02764176
0.027420526
0.02764553
0.027562305
0.027568549
0.027566236
0.027637
0.027751137
0.027600357
0.027449314
0.02754595
0.02764815
0.027402582
0.027389092
0.02734724
0.027263753
0.027268067
0.027366517
0.027603922
0.027414812
0.027334955
0.027375083
0.027109338
0.027267026
0.027339876
0.027356936
0.027157258
0.027131334
0.027190432
0.02716086
0.027337901
0.027370889
0.027086569
0.027208485
0.027286883
0.02716647
0.02720706
0.02705482
0.027120661
0.027321551
0.027402911
0.027699905
0.027800173
0.027668016
0.027500918
0.027498411
0.027356613
0.027190683
0.027332991
0.027452348
0.027523886
0.027500344
0.02770843
0.027922211
0.027544275
0.027767155
0.027565768
0.027882611
0.02742237
0.027435336
0.02759941
0.027449781
0.027709475
0.0277939
0.027468063
0.027491141
0.027525589
0.027466068
0.027560275
0.027667245
0.027443629
0.027434962
0.027410246
0.02730719
0.027614312
0.0274047
0.027392922
0.027107894
0.027104676
0.027402693
0.027568702
0.027632656
0.027512733
0.027550139
0.027488984
0.02744891
0.027553385
0.02775777
0.027764853
0.027763309
0.02758536
0.027384385
0.02746314
0.02734031
0.027287072
0.027246866
0.027288707
0.027622119
0.027403371
0.027593931
0.02754961
0.027550453
0.027501028
0.02747631
0.027401479
0.027392656
0.027434016
0.027192192
0.027335688
0.027144445
0.027327519
0.027575772
0.0273681
0.027475584
0.027299326
0.027208092
0.027303364
0.02730887
0.027304716
0.02736035
0.02721383
0.027281797
0.027110832
0.02717307
0.026990997
0.027155219
0.027203081
0.027292384
0.027252631
0.026998227
0.027040098
0.0267743
0.02681366
0.027049987
0.026961684
0.026985286
0.027026445
0.02705671
0.027041879
0.027246004
0.027034173
0.02688485
0.027067738
0.027037382
0.027088014
0.027104197
0.026907274
0.02691005
0.0272117
0.02716773
0.02722569
0.027119594
0.02713961
0.027149664
0.0273695
0.027107423
0.027264344
0.027383883
0.027274344
0.0273681
0.02715372
0.02727211
0.027078431
0.027059127
0.026939172
0.027085764
0.02696471
0.027205648
0.027174193
0.027031956
0.027027912
0.027180923
0.02716969
0.02726486
0.027022382
0.027176421
0.027165875
0.027025351
0.02722529
0.027314164
0.027016284
0.027284877
0.02750292
0.027335143
0.027261317
0.027279122
0.027152572
0.02738081
0.02722999
0.027194474
0.027312769
0.027179819
0.027350841
0.02728684
0.027217913
0.026991546
0.02716422
0.027147805
0.027196234
0.027079957
0.027304929
0.027248647
0.027286388
0.027320463
0.027166735
0.027094368
0.02722999
0.026977722
0.02705548
0.027080456
0.02709193
0.026981037
0.027093146
0.027173985
0.02706657
0.02715436
0.027123393
0.027112573
0.02703754
0.027239518
0.027113678
0.027381735
0.027139144
0.027134933
0.027170954
0.02734515
0.027279187
0.027242085
0.027207313
0.027200734
0.027221205
0.02716835
0.027084142
0.027408177
0.027314823
0.027217032
0.027187327
0.027381843
0.027398732
0.02733402
0.027249504
0.027407702
0.027316196
0.027266515
0.027216002
0.0273046
0.027125714
0.027278641
0.02725154
0.027216967
0.027558764
0.027529208
0.027716637
0.02756345
0.027610192
0.02752843
0.027185624
0.027416
0.027477004
0.02753685
0.027495932
0.027434811
0.027347004
0.02740853
0.027224343
0.027216254
0.027096722
0.026924709
0.027141158
0.027167223
0.02725569
0.027006814
0.02732823
0.02739807
0.027013164
0.027009163
0.027126318
0.027330056
0.027488658
0.027700486
0.027861178
0.027809042
0.027700005
0.027582843
0.027389865
0.027398169
0.027217956
0.027169261
0.027233452
0.027106207
0.027284158
0.027396422
0.027307099
0.026932066
0.02717166
0.027317205
0.027299736
0.027138326
0.027140388
0.027090363
0.02693331
0.027158206
0.026866741
0.027125869
0.027107008
0.02704072
0.027297512
0.027398199
0.027316261
0.027263364
0.027146965
0.027330782
0.027136402
0.027184948
0.027155655
0.02722431
0.027216505
0.027102374
0.027236221
0.027154874
0.027092593
0.027130725
0.027173564
0.027253998
0.027168319
0.027002053
0.026902953
0.026920153
0.026904324
0.026992999
0.027163817
0.027063807
0.027054856
0.026947588
0.026824333
0.026904248
0.02673054
0.026759628
0.026575591
0.026776986
0.026846563
0.026838273
0.026742447
0.026857575
0.026975272
0.027063088
0.026790533
0.026755404
0.026864804
0.026839364
0.027034782
0.026955131
0.026960501
0.026855718
0.026938437
0.026806595
0.02697298
0.026679205
0.02682427
0.026737615
0.026636023
0.026814748
0.02685862
0.026896132
0.02712356
0.027118899
0.027080148
0.026930667
0.027069995
0.026996061
0.027090736
0.027192086
0.02723082
0.02717757
0.027092932
0.026887335
0.027013062
0.027070165
0.026964901
0.02689176
0.02681921
0.02682245
0.026838524
0.02672021
0.026799034
0.02681952
0.026783442
0.026825016
0.02698509
0.027167512
0.027219346
0.027027097
0.02729087
0.027107837
0.027188273
0.027096204
0.027081035
0.027180525
0.02714414
0.027012482
0.026914371
0.026835369
0.026963744
0.026854469
0.027097028
0.0272318
0.027244864
0.027125552
0.02714631
0.027141532
0.026875775
0.02681703
0.02678394
0.02670788
0.026751075
0.026679564
0.026846271
0.026751328
0.026635004
0.026798993
0.026802758
0.026666801
0.026859589
0.026951823
0.026827475
0.026692916
0.026809176
0.026634892
0.026833734
0.026706437
0.026688777
0.026692413
0.02690658
0.026741272
0.026938805
0.026778407
0.026826808
0.026743773
0.026570339
0.026653934
0.026592359
0.026732383
0.026870102
0.0269648
0.026942901
0.027007077
0.026962642
0.026896628
0.02713007
0.027002452
0.026732069
0.02671392
0.026714394
0.026743418
0.02677165
0.026827242
0.026944928
0.027152091
0.027139252
0.027018515
0.026960311
0.026906533
0.027006308
0.026994484
0.027228205
0.027328767
0.027217872
0.0270743
0.026958743
0.026848298
0.026893713
0.02714821
0.0270264
0.027123246
0.027198296
0.027295917
0.027253909
0.027159624
0.027164154
0.027126577
0.027084397
0.027092155
0.027347554
0.027001113
0.026817918
0.026858207
0.026927272
0.026930993
0.02710548
0.026832353
0.027066443
0.026846128
0.026981046
0.026983686
0.026906287
0.02685948
0.02701397
0.026744157
0.026922993
0.026925148
0.026980352
0.026788361
0.026867883
0.026688347
0.026808178
0.026881708
0.027010154
0.026967444
0.026944293
0.027090646
0.027028603
0.026792634
0.02708107
0.02691873
0.026947256
0.027034607
0.0270435
0.027304552
0.02712569
0.027043566
0.027093364
0.026912628
0.027046945
0.02707815
0.027122147
0.027167987
0.027281262
0.026934668
0.027069792
0.027003212
0.026968876
0.02712023
0.027198507
0.02725193
0.027312282
0.027523786
0.027454134
0.027719963
0.02760652
0.02740915
0.02729145
0.027110914
0.026954815
0.027151797
0.027510583
0.027313413
0.027201818
0.02744384
0.027375173
0.027086724
0.026968075
0.027047468
0.027338723
0.027151603
0.027457634
0.0276905
0.02734791
0.027324174
0.027204935
0.026985925
0.026964141
0.027026596
0.02695737
0.02714718
0.027168885
0.027095327
0.02693795
0.027002316
0.026810367
0.026873376
0.02678632
0.02680124
0.026833592
0.026777556
0.026872473
0.026863536
0.026842428
0.026817514
0.02672854
0.027000686
0.026671153
0.026968233
0.026868282
0.026726758
0.02671856
0.02682539
0.026941596
0.026810333
0.02698128
0.027078371
0.026765376
0.026935123
0.026542978
0.026593719
0.026500303
0.026718019
0.02663906
0.026834767
0.026625643
0.026538512
0.026710527
0.026693802
0.026630387
0.026537417
0.026613126
0.026574776
0.026522193
0.026611937
0.026742782
0.026600506
0.026703736
0.026580734
0.026600387
0.026571453
0.026731834
0.026575599
0.027064012
0.026769416
0.026721038
0.026541295
0.026671886
0.026500715
0.0268172
0.026791109
0.026676029
0.026809331
0.026868181
0.026754675
0.026782839
0.026781393
0.026663681
0.026746867
0.026737489
0.026505679
0.026674392
0.026836205
0.026973154
0.027018657
0.027327923
0.027112603
0.027203768
0.027001891
0.026881676
0.02681809
0.026756693
0.026874106
0.026875889
0.027022924
0.026964817
0.026950141
0.026930247
0.026917718
0.026790373
0.026638271
0.026596934
0.026746007
0.026660869
0.026842093
0.026743982
0.026837947
0.026893238
0.026761223
0.026623206
0.026851794
0.026679497
0.026605548
0.026762346
0.026903162
0.026694342
0.026681706
0.02683271
0.02663863
0.026741054
0.02680758
0.026802849
0.026927302
0.026908446
0.027069695
0.026968224
0.026844176
0.026529798
0.026808646
0.02668312
0.026737759
0.0267333
0.026604591
0.026809603
0.02668345
0.026629355
0.026568774
0.026610987
0.026799025
0.026685148
0.026833463
0.026676755
0.026526954
0.026763182
0.026351552
0.026473654
0.026769802
0.026684446
0.026656209
0.026698695
0.026678532
0.026768437
0.026695766
0.02659023
0.026483413
0.026835768
0.026673641
0.026632328
0.026555516
0.026558444
0.026449114
0.02640695
0.026552098
0.026430484
0.02648701
0.026675792
0.02667041
0.026670286
0.026577912
0.026682911
0.026450835
0.026337191
0.026442513
0.026577815
0.02646012
0.026633728
0.026455455
0.026597423
0.02669011
0.02656117
0.026648615
0.026735185
0.026704451
0.026644483
0.02644723
0.026539752
0.026612211
0.026569147
0.026611965
0.026516661
0.026732873
0.026684836
0.026992943
0.027051466
0.026843123
0.026409151
0.026335217
0.026507601
0.026668448
0.026636437
0.026804922
0.026728785
0.026717903
0.026801154
0.02694397
0.02683559
0.026736498
0.026517568
0.026615828
0.02659296
0.026656939
0.026579369
0.026614476
0.026677093
0.02652553
0.026439462
0.026653271
0.02656823
0.026584797
0.026689185
0.026609262
0.026718765
0.02693999
0.027023904
0.026907649
0.02667979
0.026687969
0.02668706
0.026692765
0.026486542
0.026690874
0.026780246
0.026868422
0.026631158
0.026723474
0.026722496
0.026806325
0.02673475
0.026519384
0.026765386
0.026616257
0.026501901
0.026475813
0.02626476
0.026469827
0.0264753
0.026671724
0.026690861
0.02671931
0.026872752
0.0267051
0.026914861
0.02689366
0.02653428
0.026765237
0.026528887
0.026701916
0.026702944
0.026750054
0.026665123
0.026838621
0.02685021
0.02653164
0.0264469
0.026525587
0.026583685
0.026574638
0.026635485
0.026500838
0.026552865
0.026633894
0.026469221
0.026531484
0.026643928
0.026457049
0.026664443
0.02648078
0.026402041
0.02663133
0.02648523
0.026527423
0.026601749
0.026648428
0.026472189
0.026497405
0.026859667
0.027019216
0.026982524
0.026844773
0.026963271
0.026837688
0.026669499
0.026634932
0.026649913
0.026631746
0.026666809
0.026699718
0.026613519
0.026703486
0.02649938
0.026341816
0.026473459
0.026485886
0.02642244
0.026586909
0.026357414
0.026724964
0.02664447
0.026527282
0.026581232
0.026527682
0.02642432
0.026662432
0.026343312
0.026619118
0.026304558
0.026355237
0.026427107
0.026506186
0.026583897
0.026458353
0.026514677
0.02644771
0.026555896
0.026627824
0.026514651
0.026397265
0.026657106
0.026642233
0.026841601
0.026680894
0.026623739
0.026515942
0.026448498
0.026566718
0.026550755
0.026790576
0.026706373
0.02675974
0.026593631
0.026713198
0.026782693
0.026818035
0.026705517
0.02679925
0.02665202
0.026818527
0.026787298
0.026715562
0.026886035
0.026782338
0.026870241
0.026824996
0.026897803
0.0267024
0.026660379
0.026924234
0.02698576
0.026591776
0.026761068
0.026799278
0.026784457
0.026756722
0.026984014
0.026865311
0.026845997
0.026484814
0.026581217
0.026574116
0.026665287
0.026644804
0.026506731
0.026429448
0.026662894
0.026558967
0.026553486
0.02655889
0.026683817
0.02671143
0.026527498
0.026454449
0.026472308
0.026411017
0.02651557
0.02662619
0.02638064
0.026386514
0.026453514
0.026378753
0.026726648
0.026316442
0.02656099
0.026462926
0.02658217
0.026675122
0.02649456
0.026635515
0.026820192
0.026846435
0.026886215
0.02665314
0.026823968
0.026427004
0.02644786
0.026630498
0.026580336
0.026561504
0.026394196
0.026434796
0.026427202
0.026418434
0.02644137
0.02628688
0.02641844
0.026413571
0.02654189
0.026610896
0.026447041
0.026535721
0.026661376
0.026451614
0.026727002
0.026639955
0.0268194
0.02694233
0.026919182
0.026760735
0.026918445
0.026879393
0.026726743
0.02684236
0.026749173
0.026879344
0.026851302
0.026778005
0.026939688
0.02693106
0.026837984
0.026709689
0.026619812
0.026483765
0.026705919
0.026700791
0.026747342
0.026933214
0.026646236
0.026571529
0.026589638
0.026443643
0.02670619
0.02685371
0.026674397
0.02643586
0.026548982
0.026409809
0.026609836
0.026646396
0.02660219
0.026623063
0.026671384
0.026648572
0.02656043
0.026617184
0.026676236
0.02663979
0.02683515
0.026545925
0.026695391
0.026497802
0.026480058
0.026537113
0.02641648
0.026664898
0.026590392
0.026338162
0.02644718
0.026427768
0.026368158
0.026336059
0.026333613
0.026573317
0.02639256
0.026392614
0.026374511
0.026482834
0.026292756
0.026585704
0.02651138
0.026657667
0.026730213
0.026950484
0.026619038
0.026559219
0.026583847
0.026640944
0.026650608
0.026570622
0.0266068
0.02676516
0.026546082
0.026523594
0.02658971
0.026569474
0.026654895
0.026595082
0.02661144
0.026605263
0.02672447
0.02665333
0.026726715
0.02662517
0.026716683
0.026752016
0.026710209
0.026739119
0.026797013
0.026533252
0.026522698
0.026701638
0.026564317
0.026521169
0.026443383
0.026474979
0.026474284
0.0264055
0.02656673
0.026403816
0.02653051
0.026454028
0.02629345
0.026604217
0.026337506
0.026568815
0.026480388
0.026553547
0.026280174
0.026267601
0.026467606
0.026303003
0.026323097
0.02620988
0.02627917
0.026230382
0.026351815
0.026282849
0.026181577
0.026340641
0.026267402
0.026299033
0.026352888
0.026131846
0.02609991
0.026267646
0.02615001
0.0262945
0.026137652
0.026080105
0.026264748
0.026284523
0.0263053
0.026402546
0.026242075
0.026417945
0.026322592
0.02646629
0.026245194
0.02627148
0.026240187
0.02636823
0.026155708
0.026169632
0.025973763
0.0260978
0.026163723
0.026361253
0.026174204
0.026149517
0.026435375
0.02627813
0.02620882
0.026312996
0.02634761
0.026258957
0.026146522
0.02647606
0.026361885
0.026641369
0.026499314
0.026673287
0.026510535
0.026504021
0.02669393
0.026625928
0.026872676
0.026676752
0.02657483
0.026717752
0.026705932
0.026737556
0.026711255
0.026705727
0.026682314
0.026505101
0.026471747
0.026484674
0.026558261
0.026459409
0.026486887
0.0262974
0.0263861
0.026359193
0.026540356
0.026540635
0.026653465
0.026804376
0.02691526
0.026885781
0.027086182
0.026949868
0.026696492
0.026558924
0.026687697
0.026691327
0.026505055
0.026652785
0.026546631
0.026510421
0.026351377
0.026463224
0.026478952
0.026599444
0.02674288
0.026629858
0.026614763
0.026492544
0.026479376
0.02653541
0.026740178
0.026672227
0.026535604
0.026400682
0.026334507
0.02639432
0.026514463
0.026452994
0.026303906
0.026450925
0.026500456
0.026398616
0.026175844
0.026436469
0.026402107
0.026685845
0.02627746
0.026361836
0.026362108
0.026407877
0.026769577
0.026889533
0.027014913
0.026515715
0.026316095
0.026461147
0.026512636
0.026633333
0.026784211
0.026638722
0.026557071
0.026493125
0.026548758
0.026381759
0.026458269
0.02642153
0.02649913
0.026391936
0.026530474
0.026420265
0.026424715
0.026392361
0.026483787
0.026370794
0.026274128
0.026493547
0.026377948
0.02638204
0.026396414
0.026607873
0.026549289
0.026478127
0.026290093
0.026447853
0.02648419
0.026432028
0.026477946
0.026625477
0.026735855
0.026528897
0.026544562
0.02641403
0.026449429
0.026573153
0.026686793
0.02679337
0.026922021
0.02670538
0.026935762
0.026726732
0.026696417
0.026556313
0.026456527
0.026494244
0.026351271
0.026395604
0.026433103
0.026561823
0.026460398
0.026475376
0.02642458
0.026617419
0.026502447
0.02670175
0.026597397
0.02667866
0.026647855
0.026599428
0.026569998
0.026523791
0.026463853
0.026486024
0.026487406
0.026393052
0.026610464
0.026420336
0.026315432
0.0262416
0.026256531
0.026338048
0.02642379
0.026462985
0.026456716
0.026563648
0.026483534
0.026349906
0.026297677
0.026233334
0.026351346
0.026136892
0.026434112
0.026364556
0.026334243
0.026152924
0.026320664
0.026420133
0.026297774
0.026247082
0.026637774
0.026552832
0.02663885
0.026340079
0.02665108
0.026555229
0.026459172
0.026589828
0.026453543
0.026418231
0.026728371
0.026446769
0.026586983
0.026388234
0.026561309
0.026430795
0.026603669
0.026488774
0.026354564
0.026671765
0.026508536
0.026768796
0.026827555
0.026464945
0.026362726
0.02625353
0.02660297
0.026757685
0.026593698
0.026285062
0.026193764
0.026399579
0.026333436
0.026434919
0.026327066
0.026514582
0.026448162
0.026324188
0.026338711
0.026427718
0.02640196
0.026282327
0.026166622
0.026241679
0.026277456
0.026380865
0.026393127
0.026459973
0.026617246
0.02646128
0.026522296
0.026730053
0.026711788
0.026704535
0.026519483
0.026462335
0.026587427
0.026676938
0.026668072
0.02655368
0.02679817
0.02664085
0.02650694
0.026553579
0.026603617
0.026421862
0.026273217
0.026543114
0.026542736
0.026619762
0.026411803
0.026444167
0.026364692
0.026422987
0.026503166
0.02661101
0.026518274
0.026424225
0.026431924
0.026307179
0.02640882
0.026330596
0.02633736
0.026385186
0.026229104
0.026422335
0.026299303
0.026287617
0.026269209
0.026298776
0.026370706
0.026575731
0.026249113
0.026370235
0.026382225
0.026372021
0.026202273
0.026260404
0.026354913
0.02650538
0.026559955
0.026513582
0.026434992
0.02634542
0.026379839
0.026248299
0.026441427
0.02664538
0.026442613
0.02658731
0.026455943
0.026379492
0.026450314
0.026490498
0.026500225
0.026326928
0.026472373
0.026461424
0.026603557
0.026341984
0.02650088
0.026465056
0.026409559
0.026241738
0.026257552
0.026224177
0.02625308
0.026371446
0.026358014
0.026406238
0.026266232
0.026243359
0.026267307
0.026242085
0.026346046
0.02643251
0.026382156
0.026394365
0.026336923
0.026565645
0.026438441
0.02633696
0.026406322
0.026598176
0.02632013
0.026314037
0.0264844
0.026519274
0.02628256
0.026407724
0.02633206
0.026431143
0.02621211
0.026240414
0.026334772
0.026306488
0.026324648
0.026296338
0.026340486
0.026247298
0.02633585
0.026574794
0.026468255
0.026782904
0.026663242
0.026497547
0.026507515
0.02659387
0.026313422
0.026341487
0.026540197
0.0266205
0.026499376
0.026521482
0.026470123
0.026613444
0.026510568
0.026622495
0.0266926
0.026533756
0.02640171
0.02641339
0.026317252
0.026460435
0.026457742
0.026468871
0.026761232
0.026501406
0.026397306
0.026420949
0.026571963
0.026732933
0.026650088
0.026527058
0.026384044
0.026345707
0.026518274
0.02652543
0.026642721
0.026485456
0.02634609
0.026384292
0.026326027
0.02646978
0.026459971
0.026454497
0.026447795
0.026426984
0.026322335
0.026511237
0.026156435
0.026120739
0.026338859
0.02636877
0.026134787
0.026097469
0.026190834
0.02634448
0.026134312
0.026188936
0.026223682
0.026128488
0.026235184
0.025990646
0.02595175
0.02600468
0.026008746
0.026030539
0.025920551
0.026249506
0.026103351
0.026044494
0.026036564
0.02614958
0.02589539
0.026184687
0.026059525
0.026128907
0.0260416
0.026228156
0.026230864
0.026311133
0.026231028
0.026076164
0.02603889
0.02607912
0.025884673
0.026006017
0.02616892
0.026070956
0.026226232
0.026205072
0.026124034
0.026355088
0.026203195
0.026066786
0.026011748
0.026151288
0.026061537
0.026025606
0.026169775
0.026287653
0.026151422
0.026120076
0.026234424
0.026240533
0.026198039
0.026194364
0.026089694
0.02623696
0.026371343
0.02647844
0.026833376
0.026543554
0.026597628
0.026526283
0.026172131
0.026234867
0.026368864
0.026427558
0.026281442
0.02621402
0.026269067
0.026100354
0.026428832
0.026275624
0.026348596
0.026474893
0.026397234
0.026296409
0.02636868
0.026206963
0.026236242
0.026331378
0.026163002
0.02617676
0.026077893
0.02625009
0.02656648
0.026450545
0.02665579
0.026422752
0.026440099
0.026414447
0.026532652
0.026531002
0.026631754
0.026592901
0.026443109
0.026485818
0.02640172
0.026367221
0.026116738
0.026463566
0.026309682
0.026380496
0.026407657
0.026258096
0.026161315
