===================== Time: [Thu Aug 11 17:49:20 2022] ========================
0.32716522
0.32228914
0.32689628
0.32561848
0.32754493
0.32162467
0.31716052
0.32384548
0.32708955
0.32646513
0.3218893
0.31515384
0.31565902
0.3129494
0.31267425
0.31337014
0.3114678
0.3100619
0.30813646
0.3042173
0.30411696
0.30288163
0.30537114
0.30514485
0.30222794
0.30262277
0.30980355
0.3053654
0.308217
0.30943543
0.30875763
0.30995584
0.31135073
0.31194067
0.31379482
0.30851135
0.3105741
0.31090257
0.30638534
0.301663
0.30181286
0.30119583
0.29863143
0.2992253
0.30085966
0.3071092
0.30010104
0.2993388
0.29836947
0.29887342
0.29582825
0.29598245
0.29431283
0.29785132
0.29862532
0.29487407
0.29421496
0.29015416
0.29523966
0.2964021
0.3016052
0.30066696
0.29810235
0.2948272
0.29729092
0.29982334
0.29956076
0.29789585
0.29497796
0.289847
0.29694936
0.2952875
0.2932112
0.2940251
0.29301903
0.2897739
0.28851804
0.2870979
0.2860404
0.28988892
0.29003808
0.28347516
0.28104463
0.28759566
0.29244706
0.28624848
0.2878724
0.2862644
0.28723747
0.28139454
0.2861869
0.28941017
0.28643748
0.28319144
0.28767288
0.28391024
0.28773323
0.2862303
0.2879842
0.2809878
0.27275193
0.27615806
0.28307995
0.2840217
0.2851113
0.28414235
0.28537902
0.2809671
0.28391293
0.28350973
0.28493273
0.28151724
0.2833166
0.27960443
0.2798516
0.2798197
0.28395745
0.2850299
0.28364405
0.2845126
0.28214622
0.2812752
0.28052473
0.28453588
0.28288364
0.28064057
0.28107414
0.28303632
0.2789607
0.28183144
0.28144768
0.27553138
0.2735351
0.2719412
0.27428076
0.2756651
0.27197957
0.27354988
0.2730415
0.270746
0.27149782
0.26929352
0.26969144
0.26870403
0.26840565
0.26933834
0.27111992
0.26536512
0.26549324
0.26881358
0.2661465
0.26759678
0.27115342
0.26831594
0.27187005
0.26623008
0.26703197
0.2703022
0.27033648
0.26799065
0.26779744
0.27281877
0.26989362
0.26775968
0.26805148
0.26646736
0.26364693
0.26694477
0.26773086
0.26804715
0.2677959
0.26826346
0.26410982
0.2658704
0.2681986
0.26607138
0.26587042
0.263877
0.26551065
0.2682807
0.26407513
0.2667518
0.2669374
0.2655085
0.26649204
0.26747265
0.26221225
0.26149917
0.26218975
0.26416758
0.2656506
0.26190552
0.26012108
0.26445636
0.26060125
0.26187703
0.2621451
0.26189658
0.2602818
0.26281
0.26085573
0.25924048
0.262175
0.26247168
0.2591966
0.25966445
0.25773063
0.25788698
0.25932664
0.2591591
0.25922173
0.26016974
0.26206586
0.25981817
0.26022243
0.26105314
0.2606952
0.26000664
0.26242143
0.2597923
0.2567113
0.25958058
0.260808
0.26099792
0.25989246
0.25778604
0.2584817
0.2535704
0.25976467
0.25972354
0.26176023
0.2588513
0.2624707
0.2679212
0.26871696
0.26838517
0.2640906
0.2667704
0.26800445
0.26738387
0.26812798
0.2682729
0.2707264
0.26525977
0.26493168
0.26529285
0.26486328
0.26462966
0.26425222
0.26479897
0.26526523
0.26761594
0.26411375
0.26844603
0.26921073
0.27340168
0.27034777
0.27274987
0.27196875
0.2770829
0.2761076
0.27337432
0.26928994
0.27319756
0.2696176
0.27367997
0.2701634
0.2689162
0.2700257
0.2709806
0.2692561
0.26579574
0.26461112
0.26399055
0.26522532
0.26497918
0.2649835
0.26596904
0.26465723
0.26488972
0.26201496
0.2652819
0.26792246
0.2609917
0.26231053
0.26251197
0.26385447
0.26441225
0.26171562
0.25915298
0.26307365
0.2583196
0.25895783
0.2615211
0.2622881
0.2639204
0.26183623
0.25987062
0.261767
0.2609022
0.26324886
0.25914124
0.25962994
0.26367685
0.26043114
0.26094693
0.25980994
0.26201615
0.26157895
0.26164332
0.26152334
0.26053417
0.2619492
0.25925705
0.2585137
0.25653973
0.2603694
0.25798905
0.25842687
0.2569323
0.25784546
0.25654846
0.2589871
0.26006415
0.2582971
0.25778136
0.25755396
0.262328
0.25931597
0.25702572
0.25835958
0.26063305
0.2589666
0.25587064
0.25672904
0.2556746
0.25530297
0.25759315
0.25619292
0.25578898
0.25626907
0.2564302
0.2572485
0.2549915
0.25775465
0.25573826
0.25531897
0.25419134
0.25464973
0.25544792
0.25368825
0.25396547
0.25357372
0.2559703
0.25722915
0.25462323
0.25566718
0.2559742
0.25373167
0.25443387
0.2528755
0.25375476
0.25172567
0.2515213
0.25359854
0.25300914
0.25286993
0.25277555
0.2509253
0.25373635
0.25121704
0.25463796
0.25304946
0.2509894
0.25197425
0.25284114
0.25523087
0.25410235
0.2508049
0.2552435
0.254783
0.25628486
0.25603268
0.2541299
0.25393
0.25473514
0.25578254
0.25413796
0.25287735
0.2530116
0.2526048
0.25456533
0.25377756
0.25153038
0.25340018
0.25371805
0.2501906
0.25354275
0.25608492
0.25393686
0.25159782
0.25512442
0.25188163
0.2523441
0.25126678
0.25001135
0.25123584
0.25326285
0.25212118
0.2505926
0.2491008
0.25241202
0.24910879
0.25154093
0.25094077
0.25181836
0.25372598
0.25389454
0.25223273
0.25419936
0.25413218
0.25306568
0.25325748
0.25007734
0.24967566
0.2501628
0.2505103
0.25295076
0.2552491
0.25249332
0.24983184
0.25007966
0.25255838
0.25252888
0.2479449
0.25072917
0.24971786
0.25075856
0.25253782
0.25482973
0.25760862
0.258325
0.25891152
0.25996083
0.25685993
0.257972
0.25576895
0.25934455
0.25415203
0.256471
0.25765234
0.25665346
0.2566564
0.2604234
0.26161852
0.25873625
0.25896728
0.2600214
0.25731626
0.25771198
0.2559155
0.25644398
0.25843194
0.25580847
0.25214985
0.25369164
0.25525495
0.25358388
0.25459212
0.255318
0.25731564
0.25641853
0.25496784
0.2556378
0.25474522
0.25439575
0.25477362
0.25702772
0.25802088
0.26006633
0.257722
0.25681943
0.25586128
0.2565821
0.25661898
0.2540607
0.2541507
0.25557628
0.25080106
0.25133583
0.25357893
0.2541425
0.2553907
0.2571159
0.25746173
0.2568024
0.25474316
0.2516368
0.24850655
0.2520289
0.25161856
0.24907131
0.25070056
0.25218067
0.24929567
0.24977355
0.24882229
0.24922545
0.2507382
0.24619894
0.24693151
0.24812889
0.24864483
0.24980684
0.24874564
0.24698268
0.25097856
0.24674188
0.24521291
0.24876133
0.25061184
0.2536715
0.24958837
0.24645376
0.24518715
0.24648634
0.25142145
0.25158283
0.24707814
0.24972677
0.24557522
0.24779408
0.24789238
0.24758163
0.24806415
0.24879852
0.24970011
0.25052235
0.24919863
0.24953721
0.24877484
0.24973293
0.2442746
0.24493515
0.24546337
0.24573027
0.24506585
0.24446838
0.24530151
0.24562578
0.246237
0.24800144
0.24894968
0.2509644
0.24892126
0.24869643
0.24929476
0.24745798
0.2483358
0.246814
0.24618784
0.24803615
0.24882905
0.2511805
0.25075984
0.25141668
0.24829851
0.24735455
0.24737965
0.24558227
0.24604435
0.2457851
0.24862504
0.24447413
0.24468088
0.24421291
0.24436517
0.24842803
0.24844551
0.25253022
0.2511591
0.25474283
0.25603384
0.25656372
0.2548444
0.25578997
0.25307438
0.25494143
0.25721392
0.25625262
0.2530814
0.25344652
0.2531216
0.2531887
0.24966823
0.25258946
0.25405368
0.2520564
0.2534799
0.25161603
0.24928783
0.2522865
0.25327006
0.2515476
0.24925213
0.25006437
0.254287
0.25208685
0.25422367
0.25228345
0.24902819
0.24577613
0.24720423
0.24756761
0.25038457
0.24955331
0.2500022
0.24983482
0.2496691
0.25049636
0.24771066
0.24705575
0.24922426
0.2498521
0.24769178
0.24653406
0.24311177
0.24458341
0.24562371
0.24751544
0.2439246
0.24945898
0.24746232
0.24805355
0.24992429
0.24937014
0.24907155
0.2516201
0.24759014
0.24921866
0.2474871
0.24747877
0.24513574
0.24409102
0.24550013
0.2451552
0.24674034
0.24472646
0.24592634
0.2462687
0.24620047
0.24465959
0.2429061
0.24133997
0.24254246
0.24314724
0.24294184
0.24529414
0.24753678
0.24568072
0.2480117
0.24562918
0.24760155
0.24512601
0.2440536
0.24515413
0.24468179
0.24432431
0.24426928
0.24435036
0.24871282
0.24484883
0.24780856
0.24437232
0.24312437
0.24397245
0.24337171
0.24441929
0.24492502
0.24267457
0.24662983
0.24445215
0.24307409
0.24535584
0.2419179
0.24394237
0.24348803
0.23873734
0.24376503
0.24297066
0.24140845
0.24369226
0.24453615
0.24102962
0.24198143
0.24265075
0.24179721
0.24126355
0.2420084
0.23919247
0.2383217
0.23907991
0.23556054
0.23836601
0.2389792
0.23824759
0.24152723
0.24360023
0.23922613
0.23876496
0.23779325
0.23767403
0.2391614
0.23978637
0.24069369
0.23817933
0.24023977
0.24188569
0.24055147
0.23940384
0.24025524
0.23957257
0.23875813
0.24253368
0.242261
0.23999766
0.23931204
0.23840605
0.23797646
0.23566285
0.2376976
0.23710619
0.23744734
0.23649092
0.23702128
0.23560543
0.23675859
0.23803619
0.23658685
0.23864524
0.2378069
0.23621634
0.23739032
0.23896264
0.23719163
0.23738623
0.23888384
0.23592019
0.24008241
0.2394413
0.23884992
0.24003465
0.23879853
0.23471534
0.23579684
0.23882027
0.23932433
0.23812547
0.23697805
0.23623417
0.24176283
0.23627405
0.23902006
0.23844345
0.24149828
0.23625615
0.23801069
0.23739477
0.23838685
0.2371976
0.23626955
0.23691384
0.23736463
0.235422
0.23639384
0.23791425
0.23827541
0.23341456
0.23529649
0.23771493
0.2379973
0.23675032
0.23527455
0.23744889
0.23715447
0.23483868
0.23798744
0.23723005
0.23633853
0.23420177
0.23360649
0.23515408
0.23707238
0.23686288
0.23489788
0.23555605
0.23450077
0.23580666
0.23810883
0.23723955
0.23893194
0.23693247
0.23649035
0.23763414
0.23323809
0.23650561
0.23878765
0.23725288
0.23765074
0.23539114
0.23776188
0.23855138
0.23831888
0.23900913
0.23698078
0.23923147
0.23761061
0.24174415
0.23918639
0.23751843
0.23651381
0.23731504
0.2403934
0.23983856
0.23530331
0.23718226
0.23740117
0.23745547
0.23634921
0.23589893
0.23749073
0.23308097
0.23499909
0.2366174
0.23842965
0.24358599
0.2417398
0.23622517
0.23814225
0.2379973
0.24257198
0.23769431
0.2374486
0.23727098
0.23755518
0.23882309
0.23990308
0.23902273
0.23966442
0.24120784
0.23941179
0.24087976
0.23744874
0.23646544
0.24051495
0.2378424
0.23585653
0.23734422
0.23919907
0.23814392
0.23820524
0.23907268
0.23489146
0.23729478
0.2387278
0.23823166
0.23821273
0.23622246
0.23425706
0.23400426
0.23554353
0.23511496
0.23728104
0.23731314
0.2395122
0.23730953
0.23888062
0.23666239
0.2380461
0.23590139
0.2373664
0.23566662
0.23448734
0.23601781
0.23694718
0.23633157
0.23888937
0.23887597
0.23780179
0.23496865
0.23717244
0.23708291
0.23608902
0.24053557
0.23905897
0.23867372
0.23714626
0.23586762
0.23746336
0.23589106
0.23854104
0.23572837
0.237783
0.23610047
0.23634414
0.23659718
0.2365961
0.23321143
0.23747626
0.23464409
0.23855196
0.23884712
0.23591962
0.2368383
0.2381743
0.23577201
0.23596196
0.23941831
0.23666802
0.23466504
0.23832929
0.23473029
0.23615728
0.23888889
0.23706654
0.2367907
0.23892932
0.23704004
0.23709479
0.23872976
0.23561172
0.23438977
0.23614883
0.23686759
0.23795886
0.2362186
0.23849456
0.23720658
0.23577599
0.23558564
0.23785384
0.23557582
0.23694423
0.23815559
0.23892987
0.23657523
0.2356299
0.23555465
0.23449762
0.23840454
0.2344775
0.23744373
0.23807612
0.23327914
0.23373163
0.2354218
0.23446524
0.2321945
0.23556004
0.23547383
0.23848763
0.23996012
0.23592296
0.23619866
0.23715787
0.2371949
0.2357473
0.23457408
0.23663116
0.23749557
0.23440968
0.23684119
0.23379675
0.2343791
0.2357419
0.2375276
0.23887968
0.23754083
0.23628633
0.23683321
0.23628178
0.23798285
0.23621833
0.23976898
0.23989812
0.24037647
0.23994963
0.2413327
0.24035743
0.23929636
0.23781256
0.23749964
0.23535752
0.23752189
0.23800793
0.23639862
0.23899789
0.24035513
0.23880063
0.23734002
0.23798607
0.23921405
0.23865448
0.23879229
0.2381095
0.23844185
0.23966323
0.23987353
0.23602939
0.23631899
0.23633082
0.23620334
0.2346487
0.23831819
0.23708093
0.23838882
0.23864861
0.23856528
0.23643923
0.23529764
0.23481083
0.23562501
0.23674011
0.23723273
0.23603232
0.23391922
0.23591219
0.23581913
0.23629923
0.23875037
0.23853421
0.23662987
0.23878518
0.23663571
0.23788993
0.24207035
0.2388887
0.2352494
0.2366632
0.23580435
0.23655923
0.23582998
0.23654631
0.23486815
0.23504238
0.2375932
0.23492232
0.23372813
0.23847012
0.23499325
0.23407875
0.23631237
0.23312216
0.23434818
0.236442
0.23322356
0.23275565
0.23200555
0.23475914
0.23302522
0.23402658
0.23280747
0.23579298
0.23441644
0.23253365
0.23453192
0.23557368
0.23510805
0.23170105
0.23452726
0.23319879
0.23241608
0.23243129
0.23290312
0.23231506
0.23621693
0.23535995
0.23268218
0.23359032
0.23503976
0.23392959
0.23547606
0.23832254
0.2363634
0.23672143
0.23471908
0.23530117
0.23067819
0.23390375
0.23189917
0.23588865
0.23366144
0.2354375
0.23457289
0.23267953
0.23371096
0.23395832
0.23416519
0.23657523
0.23558556
0.23541334
0.23370986
0.23787828
0.23436499
0.23447223
0.2326426
0.23275661
0.2362138
0.23397413
0.23361301
0.23274575
0.23295358
0.2340631
0.23090987
0.23100142
0.23172183
0.23175132
0.23236571
0.23300491
0.2308807
0.22899835
0.22938256
0.22921717
0.23104604
0.23225713
0.23127382
0.23028317
0.2321533
0.23185264
0.23145425
0.23355721
0.23475686
0.23198517
0.23403084
0.2353847
0.23344909
0.23412772
0.2317795
0.23362921
0.23206292
0.23313332
0.23249821
0.23446666
0.23448375
0.23476978
0.23308592
0.2307889
0.23221675
0.23276787
0.23398982
0.23086877
0.23486848
0.23387575
0.23678462
0.23924962
0.23508146
0.23182507
0.23406585
0.23553176
0.23583822
0.23350468
0.23312211
0.23408918
0.23268645
0.23226094
0.23414624
0.23496678
0.23588978
0.23449807
0.23320751
0.23455878
0.23479585
0.2337886
0.23849893
0.23593472
0.23704691
0.23416236
0.2365855
0.23196332
0.23643325
0.23532923
0.23342638
0.23621719
0.23347072
0.23736696
0.23054595
0.23240113
0.2361093
0.23389123
0.23207319
0.23316418
0.23379901
0.23232944
0.22812152
0.23331213
0.2316521
0.23341334
0.23382597
0.23321278
0.2314663
0.23260437
0.23046465
0.23379491
0.23032808
0.22818927
0.23008433
0.23106804
0.23170117
0.23164764
0.23072039
0.23166077
0.23058584
0.2307509
0.23083353
0.22833882
0.23225765
0.23361082
0.2302281
0.23068415
0.23162301
0.23114888
0.22781618
0.2318079
0.23058847
0.23104091
0.2297503
0.22833847
0.22895122
0.23061028
0.23048437
0.23239966
0.22917986
0.22948685
0.23109682
0.22841172
0.2289064
0.22940345
0.22945225
0.23142123
0.2316473
0.22877276
0.23125143
0.2297564
0.23182185
0.2317922
0.23127644
0.230302
0.22814207
0.22875457
0.2317742
0.22994752
0.22830312
0.22678642
0.228753
0.231842
0.23147833
0.23150845
0.23175335
0.22698979
0.23243175
0.22978874
0.22893201
0.22740066
0.22858508
0.22930072
0.23035975
0.23262715
0.23046298
0.22884658
0.23014355
0.2285651
0.22673444
0.22681904
0.22602127
0.22891235
0.2310793
0.22841327
0.2276436
0.23002313
0.228453
0.22974692
0.2263052
0.22971582
0.22947955
0.23145464
0.23003617
0.22884989
0.22463956
0.22779043
0.22848983
0.22838731
0.22639298
0.22834444
0.230444
0.22583859
0.23003273
0.2304751
0.22972505
0.22729602
0.22730027
0.22864544
0.2298694
0.22646366
0.23275676
0.23039801
0.22945102
0.23022519
0.23099783
0.22733603
0.22759962
0.22912924
0.22886825
0.22619121
0.22842763
0.22856322
0.2288374
0.22810793
0.2284566
0.22812858
0.22884904
0.22857694
0.22985731
0.22785917
0.22969393
0.22892196
0.2256474
0.22773848
0.22924054
0.22950058
0.22823215
0.22723503
0.22701445
0.23020478
0.22958575
0.22734554
0.22760992
0.22982244
0.22876303
0.23081206
0.23208383
0.23114026
0.23135042
0.23129335
0.23207226
0.2312737
0.23073362
0.23013817
0.22541714
0.22921316
0.23041277
0.22750877
0.22799519
0.2254899
0.2287422
0.22601938
0.22827482
0.22697683
0.22809494
0.22916166
0.22439955
0.22664228
0.2291431
0.22671564
0.22494936
0.2261801
0.22797194
0.23124138
0.23022866
0.22693244
0.22744718
0.22965899
0.22751239
0.22935887
0.22680001
0.22829266
0.2303019
0.22806728
0.22642556
0.22741349
0.22758727
0.23065577
0.22691178
0.2285295
0.22553921
0.2278378
0.2283289
0.22641516
0.22486793
0.22510782
0.22783041
0.22585641
0.22821848
0.2271655
0.22858381
0.22809601
0.22911175
0.22601023
0.22832742
0.2276903
0.22758393
0.2270386
0.22967076
0.22766809
0.23009916
0.22967105
0.22681284
0.22742973
0.22702013
0.22715865
0.2307838
0.22716208
0.22954836
0.22879162
0.23186456
0.22550605
0.22825408
0.22805229
0.2266814
0.23037334
0.22851984
0.22778869
0.23101011
0.22580831
0.22503836
0.22862378
0.22846137
0.22982812
0.22864132
0.22722891
0.22750743
0.2244863
0.22608085
0.22844239
0.22941951
0.22780958
0.22567315
0.22468396
0.22671185
0.22676888
0.22596617
0.22605233
0.22686724
0.22438788
0.2266976
0.22549279
0.22701116
0.2296206
0.22742048
0.22581923
0.22963095
0.22641507
0.22604208
0.22773778
0.22670797
0.22816157
0.22676244
0.22691278
0.22863054
0.22572684
0.22818299
0.22553773
0.22333427
0.22704177
0.22736283
0.22803104
0.22548
0.22605841
0.22653337
0.22630368
0.2261393
0.22643565
0.22649086
0.22923069
0.23040874
0.22788957
0.22875403
0.22728951
0.22521113
0.22674067
0.22738509
0.2249525
0.22791532
0.22941084
0.22831611
0.22823039
0.22983494
0.22978511
0.22856317
0.22995615
0.22558804
0.22698651
0.22856484
0.23113433
0.22691321
0.22819476
0.22913209
0.22691913
0.22760168
0.2290787
0.22521377
0.22491129
0.2218165
0.2254552
0.22678347
0.22371225
0.22531147
0.2258625
0.22568052
0.22473493
0.22361474
0.22737809
0.22773778
0.22856322
0.22708789
0.22331385
0.22553158
0.22461759
0.22634135
0.22518392
0.22520594
0.22650485
0.22424188
0.22575068
0.22519946
0.22299485
0.22329545
0.22543745
0.22484553
0.22570692
0.224573
0.22568555
0.22495666
0.22546263
0.22577809
0.22793177
0.22549115
0.22321959
0.22560947
0.22505318
0.22571436
0.22472711
0.225834
0.22571802
0.2240951
0.22687255
0.22696848
0.22855549
0.22607146
0.22711205
0.22707815
0.22713843
0.22827137
0.22914544
0.23054102
0.2311563
0.22820044
0.22883077
0.22757153
0.22724047
0.22671072
0.22637258
0.22549684
0.22601394
0.22918749
0.23133972
0.23303679
0.23074813
0.232969
0.22857611
0.22769685
0.23122124
0.23004706
0.23137747
0.23122068
0.23050575
0.22895229
0.22960506
0.2292277
0.23174022
0.22887169
0.22999863
0.22889443
0.22928624
0.22782789
0.22706614
0.22783576
0.22986646
0.22745705
0.22966614
0.22753067
0.22774053
0.22348674
0.2266304
0.22649641
0.22738719
0.22473197
0.22827148
0.22475348
0.2239627
0.2260251
0.22530504
0.22520165
0.22516012
0.22588806
0.22477506
0.22515924
0.22312175
0.22738937
0.2258837
0.22593711
0.22644274
0.22705984
0.22751251
0.2268096
0.2258822
0.22723703
0.22443585
0.2268807
0.2268375
0.22508426
0.22438104
0.22580896
0.22799496
0.22541343
0.2246748
0.22121386
0.22446518
0.22306214
0.22336335
0.22523823
0.22353445
0.22554858
0.22514558
0.22442968
0.22149722
0.22628346
0.22365306
0.22281598
0.22517519
0.22455111
0.22200231
0.2275848
0.22338967
0.22064634
0.22066572
0.22407125
0.22412467
0.22269602
0.22445059
0.22507739
0.22478628
0.22391777
0.22188483
0.22305606
0.2242986
0.2235643
0.22431527
0.22437587
0.22361727
0.22227386
0.22450362
0.22468129
0.2238462
0.22432275
0.22395921
0.22425793
0.22493327
0.22512417
0.22512741
0.22208908
0.22451673
0.22567034
0.22249003
0.22439896
0.22217344
0.22410281
0.22380824
0.22675171
0.22258238
0.2241458
0.22342034
0.2247312
0.22342621
0.22597699
0.22622168
0.22409554
0.22534637
0.22445117
0.22144513
0.22315834
0.22440715
0.22573157
0.22519088
0.22520514
0.22454782
0.22425656
0.22540855
0.22608867
0.22252794
0.22543259
0.22487946
0.22554909
0.22624765
0.22464184
0.2233794
0.2275172
0.22490318
0.22453263
0.2257645
0.22800992
0.22703302
0.22636035
0.22556853
0.22384773
0.2259058
0.22498904
0.22352624
0.2240444
0.22424553
0.22242427
0.22487901
0.22770639
0.22400928
0.22674707
0.22604752
0.22596812
0.22503018
0.22678559
0.22597729
0.22693506
0.22648485
0.22513206
0.22416091
0.2202446
0.22705415
0.2242928
0.22361207
0.22668214
0.22482419
0.22619756
0.22395077
0.22733457
0.22649209
0.22747965
0.22823906
0.22621222
0.22506194
0.22604404
0.22359677
0.2257401
0.22542262
0.22400127
0.2265353
0.22397546
0.2277119
0.22469965
0.22366884
0.22319713
0.22487645
0.2266099
0.22595195
0.22294345
0.22489539
0.22438376
0.22126399
0.22292869
0.22328101
0.22215128
0.22202264
0.2252215
0.22321272
0.22607008
0.22402349
0.22184174
0.22338031
0.22383915
0.22526994
0.22588788
0.2246081
0.22428428
0.223285
0.22486925
0.22493887
0.22518335
0.22502549
0.22360396
0.22817592
0.22382322
0.22455966
0.22500677
0.22628284
0.22251467
0.22470145
0.22316158
0.222054
0.22341028
0.22830701
0.22427602
0.223036
0.2219991
0.22243945
0.22093526
0.22233382
0.22099666
0.22170578
0.2218441
0.22447486
0.22124389
0.22115381
0.22321306
0.2224371
0.22007595
0.22178319
0.2237588
0.22288866
0.22209744
0.22272049
0.22188985
0.22426967
0.22580385
0.22054191
0.22075342
0.2234607
0.22032057
0.21931592
0.22146593
0.21876203
0.22339717
0.2234863
0.22140558
0.22218828
0.21986678
0.2213348
0.2218285
0.22132896
0.22127555
0.22121716
0.22208261
0.22523002
0.22484837
0.21989237
0.2233245
0.22341533
0.22255118
0.224822
0.22606961
0.22402218
0.22442813
0.22312938
0.22562318
0.2234004
0.22456951
0.22236025
0.22106385
0.21982084
0.22184706
0.22206007
0.22258535
0.22489166
0.22320144
0.2242745
0.22124405
0.22345269
0.22424303
0.22401105
0.22768311
0.22575434
0.22472742
0.22073297
0.22240964
0.22863169
0.22336356
0.22235636
0.2244863
0.22220793
0.22287539
0.22478819
0.22291838
0.22315907
0.22276428
0.22221652
0.22181244
0.2227634
0.22309117
0.22175162
0.22273949
0.222327
0.22286446
0.22337869
0.22246598
0.22493851
0.22230291
0.22281492
0.22357427
0.22379355
0.22558485
0.22202437
0.22326937
0.22516493
0.22100925
0.2227069
0.22196005
0.22311454
0.22142673
0.22159497
0.22068201
0.22008228
0.22295503
0.22489643
0.22211638
0.22471114
0.22295313
0.22156842
0.22346151
0.2242322
0.22232664
0.22364993
0.22434588
0.2264831
0.22354689
0.22316411
0.22348554
0.22443895
0.22565888
0.22314063
0.22546545
0.22257046
0.22307387
0.22291134
0.22291164
0.22615658
0.22196983
0.22509061
0.22066943
0.223706
0.22207275
0.22190057
0.22396627
0.22166948
0.22397955
0.22110796
0.22146998
0.2222334
0.22248383
0.22369437
0.22500734
0.22545241
0.22322121
0.22294298
0.22331038
0.22403395
0.22326808
0.2232287
0.22534548
0.22377336
0.22469418
0.22425246
0.22424865
0.22229241
0.22329834
0.2254334
0.22429441
0.22321253
0.22553392
0.22209871
0.22387253
0.22528656
0.22355631
0.22326794
0.224842
0.22264448
0.22321501
0.22278629
0.2254024
0.22229385
0.2230453
0.22185086
0.22160983
0.22190933
0.22130232
0.22035304
0.22218724
0.22316137
0.22400665
0.22312255
0.22343412
0.22160827
0.22050281
0.22124949
0.22162676
0.21640001
0.2219882
0.22143236
0.22201005
0.2196476
0.22165613
0.22067027
0.22175542
0.22217348
0.22109318
0.22169018
0.22175384
0.22081564
0.22210287
0.22052436
0.22125295
0.2203842
0.22188912
0.2210752
0.2232989
0.22082444
0.22194853
0.22424293
0.22433019
0.21782982
0.22059818
0.22140042
0.2222929
0.22065102
0.22271219
0.2216219
0.21876732
0.21881531
0.22138838
0.22262564
0.22252174
0.2243034
0.22261503
0.22262226
0.22143613
0.2219779
0.21928369
0.22106972
0.22001402
0.22214471
0.21939765
0.21991675
0.22342709
0.22218087
0.21964276
0.22339185
0.21931449
0.21986675
0.2209887
0.22247086
0.2211835
0.2204654
0.22029863
0.22095929
0.21947174
0.21946597
0.2198221
0.21842895
0.22120576
0.22296534
0.2200317
0.22117682
0.22004457
0.2206357
0.21978298
0.22003165
0.22253661
0.22046123
0.22264014
0.22279835
0.22268692
0.22229019
0.22222884
0.22039448
0.22001143
0.21832757
0.22128165
0.22012201
0.21873477
0.21951365
0.22010079
0.2214953
0.2224973
0.22055493
0.22025776
0.21948461
0.21984823
0.22056161
0.21996008
0.21964784
0.22025137
0.22083889
0.22029419
0.22176543
0.21996175
0.2201364
0.21884063
0.22082768
0.2171979
0.22198561
0.22016159
0.2190814
0.22223763
0.22170503
0.22213821
0.22335339
0.22143082
0.2201941
0.22317496
0.2210547
0.22116084
0.2224789
0.22318919
0.22134042
0.22195415
0.22145204
0.2213188
0.2214799
0.21909545
0.21930388
0.22041576
0.22342673
0.22178774
0.22099188
0.22320795
0.22324668
0.2225997
0.22100936
0.22115126
0.22385202
0.22214513
0.22229533
0.22116616
0.21828055
0.22037415
0.224013
0.22309704
0.22323349
0.22276913
0.22268558
0.21879844
0.21867898
0.218132
0.22264254
0.22318792
0.22111443
0.22059178
0.2226877
0.21998942
0.22422104
0.22118941
0.22047643
0.22173528
0.2231169
0.22221962
0.22265302
0.21994257
0.22043692
0.22487152
0.22038738
0.22394483
0.22290146
0.22246845
0.22310126
0.21912436
0.22098361
0.22143571
0.22230144
0.22097889
0.22186935
0.2216193
0.21809435
0.2206172
0.21983795
0.22104652
0.21973561
0.22167678
0.22165759
0.22107878
0.22205082
0.22099502
0.2223506
0.22146955
0.22025481
0.22266527
0.22059655
0.22084752
0.21985431
0.21987212
0.22025923
0.22323775
0.2215623
0.22196367
0.22359829
0.22521101
0.22643542
0.22467652
0.22634128
0.22438459
0.22280908
0.22443528
0.226462
0.22377534
0.22393122
0.22473238
0.22399533
0.22131768
0.2224088
0.22168528
0.22221895
0.2208693
0.22378467
0.22066112
0.22203612
0.22234912
0.22300005
0.22204208
0.22621298
0.22109966
0.2186112
0.21812272
0.22062178
0.22056995
0.22146781
0.22070482
0.22181337
0.22085333
0.22104974
0.22175121
0.21964908
0.22058439
0.21952541
0.2182356
0.21906391
0.22020426
0.22009702
0.22183804
0.21891943
0.2174884
0.21839468
0.21969281
0.22066835
0.21931623
0.21766496
0.2167946
0.21816555
0.21719871
0.21745367
0.22146061
0.21977027
0.21819177
0.22066753
0.21896064
0.2204163
0.2206637
0.22033218
0.22291236
0.22464107
0.22442079
0.21941014
0.22198272
0.21805035
0.22146519
0.2210774
0.2204229
0.21790996
0.21837941
0.22132914
0.2205179
0.22099434
0.21933714
0.22122064
0.22004528
0.2197862
0.21883126
0.22023836
0.21877217
0.2212152
0.22036485
0.22021882
0.21994963
0.21997142
0.21801472
0.2195922
0.21795206
0.21740048
0.21939473
0.22008339
0.2202344
0.22069064
0.21872345
0.21748844
0.21744676
0.21822457
0.21924125
0.22087495
0.22057863
0.22078195
0.21893917
0.21930122
0.21850924
0.21987677
0.21838287
0.21969901
0.21717249
0.21733962
0.21745835
0.22019939
0.22087193
0.221391
0.21865134
0.21817854
0.2222437
0.21931334
0.21873598
0.22070251
0.22110319
0.22056155
0.22089708
0.22025457
0.22021876
0.21997176
0.22094403
0.22077441
0.22056194
0.22263288
0.22321562
0.22245903
0.22235738
0.22013478
0.22098143
0.21927081
0.21840926
0.21974806
0.2205131
0.21944876
0.22177105
0.22143756
0.22013496
0.21726601
0.22018616
0.21993499
0.2222723
0.22077183
0.22268105
0.22191015
0.2202405
0.21941142
0.22241293
0.22032867
0.22027123
0.22002804
0.22108924
0.21978872
0.21984056
0.21823502
0.22152196
0.22063108
0.22142544
0.22174492
0.21940772
0.2199728
0.220125
0.21900995
0.21904726
0.21891832
0.21864124
0.21823323
0.21860747
0.22032265
0.21917601
0.21875606
0.21905608
0.21943636
0.21867254
0.21963592
0.22048728
0.21902423
0.21729468
0.22153378
0.22348037
0.22054401
0.21961866
0.22069202
0.22186227
0.22005367
0.22187439
0.22052824
0.2224803
0.21946798
0.21861358
0.22115803
0.22142605
0.22278431
0.21980825
0.2207816
0.22056513
0.22012818
0.22035031
0.2207998
0.21785577
0.22153771
0.22196582
0.2224588
0.21885125
0.22060882
0.21834107
0.22049351
0.2186718
0.2191681
0.2197132
0.21880007
0.22030054
0.2194289
0.21705945
0.22197592
0.22582641
0.21925516
0.2204281
0.21692346
0.21711102
0.22137967
0.21749993
0.21989022
0.21892145
0.21870594
0.21823406
0.22497916
0.22034064
0.2214053
0.21809621
0.22098227
0.2191454
0.22107978
0.22047582
0.21890937
0.2210464
0.21854274
0.21889095
0.22014557
0.21904264
0.21946307
0.21729253
0.21947312
0.21969591
0.2185285
0.21883956
0.2216727
0.21873076
0.21911016
0.21965097
0.21750326
0.21832316
0.21746571
0.22037287
0.22115551
0.21934736
0.21968964
0.2202261
0.21668601
0.22127219
0.21810944
0.21788716
0.21916114
0.21837823
0.21881966
0.21908303
0.21747346
0.21765302
0.2197289
0.21676259
0.21922517
0.21922019
0.21757464
0.21729611
0.21869946
0.21861088
0.21888109
0.22043781
0.21820989
0.22032519
0.2189027
0.21979646
0.21881877
0.21778844
0.2185732
0.22007847
0.2172749
0.21950383
0.2162514
0.22050515
0.21791168
0.2205156
0.21861134
0.21794148
0.2212996
0.2190874
0.21837378
0.21778254
0.2208796
0.22034717
0.21886265
0.21680959
0.21556011
0.21729465
0.22056329
0.2198627
0.21772344
0.22160244
0.21853362
0.21939087
0.21913214
0.21859026
0.2179855
0.21952079
0.21828306
0.22114077
0.21614675
0.21901827
0.2191482
0.22067605
0.21864395
0.21939646
0.22050443
0.21798006
0.21811894
0.21861584
0.21794371
0.2174081
0.21709295
0.21673284
0.21879537
0.21838374
0.21968332
0.21901028
0.21901345
0.21816002
0.21798132
0.21777534
0.21749102
0.21795964
0.21818946
0.21878289
0.2170923
0.2185071
0.2163211
0.21917167
0.21734047
0.21842554
0.21875325
0.21917553
0.21699591
0.21850069
0.21870604
0.21689916
0.21549664
0.2165267
0.21983805
0.21722965
0.2193022
0.2183572
0.21688509
0.21847124
0.21929522
0.21771231
0.2176632
0.21912518
0.21764858
0.21730672
0.21701539
0.21852763
0.21723108
0.21784985
0.21819615
0.21771984
0.217266
0.21882688
0.21743861
0.21722773
0.218822
0.21943067
0.21912988
0.21844783
0.21740194
0.2204051
0.21871944
0.22046025
0.219821
0.21928898
0.21803442
0.21929584
0.2204146
0.21863377
0.21996418
0.21927045
0.21973386
0.2200418
0.21474491
0.21777372
0.2184749
0.21826796
0.21751748
0.21823218
0.21840845
0.21901546
0.21931735
0.21828507
0.21951786
0.22191761
0.21932924
0.22075735
0.21759856
0.21576963
0.21979056
0.21903788
0.22499011
0.21780239
0.21604024
0.2190506
0.21832836
0.21908906
0.21836376
0.21851642
0.218416
0.21784662
0.2200841
0.2179399
0.2172534
0.21749496
0.2200477
0.21418236
0.21764266
0.21807642
0.21980014
0.21941054
0.21828973
0.21920519
0.22065881
0.22010484
0.21985431
0.21859021
0.22114018
0.21953693
0.21883297
0.21779688
0.21826895
0.21760444
0.21926604
0.21911775
0.21886797
0.21978131
0.21722102
0.2185276
0.21965347
0.21808635
0.2217905
0.21876398
0.21867275
0.22108236
0.21820574
0.22387114
0.21673015
0.21923733
0.22004218
0.22082023
0.21796177
0.21826398
0.21754943
0.21565385
0.21798532
0.2161346
0.21715394
0.21641885
0.21871677
0.2189757
0.21986566
0.218435
0.21905358
0.22058097
0.2180543
0.21845034
0.219591
0.22031127
0.21700382
0.2196172
0.21867557
0.21991138
0.21774375
0.2192452
0.2182344
0.21671186
0.21843386
0.21758156
0.21814923
0.21744242
0.2184482
0.21780615
0.21856713
0.21794157
0.21809052
0.21967618
0.21982837
0.21868525
0.21764623
0.21564889
0.21972418
0.219003
0.21788974
0.21888065
0.21770154
0.21830617
0.22014104
0.21884938
0.21866465
0.21926358
0.22120373
0.22010794
0.2185893
0.22062819
0.21888259
0.22033219
0.22187291
0.22097126
0.21892236
0.22043808
0.2189985
0.2190886
0.22035336
0.22069573
0.22094536
0.22006224
0.22050984
0.22043963
0.22133517
0.21962209
0.21765728
0.21971507
0.22331329
0.2198843
0.22325039
0.22614531
0.22660637
0.22354937
0.22068977
0.2185606
0.22011128
0.21989517
0.21741524
0.22232437
0.21916328
0.21888447
0.21933906
0.22011927
0.21835147
0.21996255
0.21880482
0.21912546
0.2194203
0.21905284
0.22063749
0.22065245
0.2202765
0.22050785
0.219591
0.21960627
0.21807638
0.21828948
0.21876112
0.22015838
0.21755321
0.21761408
0.21763757
0.21824923
0.21715541
0.21605621
0.21869157
0.2186698
0.21820836
0.21839324
0.21757512
0.21831515
0.21675773
0.21974234
0.2172875
0.21824737
0.21784046
0.21855135
0.21692477
0.21798153
0.21726549
0.21772097
0.21772103
0.2184443
0.21577811
0.21805839
0.21627574
0.22048822
0.22134733
0.21994142
0.21777987
0.21774244
0.21634138
0.21550694
0.21804078
0.21644609
0.21750958
0.21609817
0.21715437
0.2183324
0.2167985
0.21655755
0.21781631
0.21931206
0.22009988
0.21728578
0.21801634
0.22023492
0.21928763
0.21646331
0.21879728
0.22046705
0.2212349
0.21694747
0.21623702
0.21599232
0.21795774
0.21786545
0.21899591
0.21879664
0.21865979
0.2207493
0.22042833
0.22003041
0.21730669
0.2184393
0.21831651
0.21652614
0.21654022
0.22069815
0.21861188
0.22046204
0.21928306
0.21748911
0.21621604
0.21731415
0.21964236
0.21960472
0.2191497
0.21751145
0.22035842
0.21987954
0.21891108
0.22077456
0.21818362
0.21842165
0.21843131
0.22149423
0.2193603
0.21719895
0.21820875
0.21896456
0.22000027
0.21937071
0.21864052
0.21819
0.21836124
0.21899699
0.22044897
0.22023705
0.2213469
0.2192462
0.21625574
0.21821952
0.21924077
0.2170666
0.21875663
0.21758871
0.22113135
0.21828043
0.22004281
0.21555677
0.21950547
0.2190969
0.21846242
0.21714321
0.2179687
0.22047651
0.21905957
0.21732824
0.21813057
0.2165494
0.2186995
0.21587954
0.21882911
0.2188708
0.21713205
0.21996899
0.21725531
0.21769904
0.21888201
0.21974745
0.21762036
0.21968035
0.2188748
0.21594654
0.2165474
0.21637069
0.2199209
0.21608289
0.21565337
0.21755777
0.22098616
0.21892086
0.21920227
0.22094
0.22032106
0.22057033
0.21797259
0.2198449
0.21734901
0.21942523
0.21935768
0.21814466
0.21846913
0.21693687
0.21565612
0.21894495
0.21951175
0.21759222
0.21712962
0.21863
0.21856312
0.21710114
0.21898444
0.21607761
0.21525295
0.21775322
0.21876326
0.21792264
0.21857329
0.21456294
0.2171959
0.21730171
0.21758127
0.21966754
0.2189529
0.21650088
0.21750818
0.21623218
0.21706922
0.21588221
0.21514149
0.21672682
0.21973494
0.21839884
0.21832614
0.21857798
0.21856128
0.22220416
0.22216073
0.22176448
0.21836622
0.2203468
0.21744083
0.21976589
0.21677676
0.21845873
0.21929362
0.21783786
0.21785465
0.216447
0.21930061
0.22079776
0.21939015
0.21795654
0.21860276
0.21730398
0.21783693
0.21845408
0.2183454
0.22135818
0.21766758
0.22161399
0.22121382
0.22039464
0.22179662
0.21965161
0.22223225
0.21938534
0.22075605
0.22260919
0.22079329
0.21643595
0.22241345
0.21764366
0.21897192
0.2187532
0.21869026
0.21996765
0.21815442
0.21868587
0.21852255
0.21628356
0.21892016
0.21686287
